        generated_by     ICGEM (hosted at GFZ-Potsdam)
     generating_date     2019/06/18
----------------------------------------------------------------------
           modelname     EIGEN-6C4
     max_used_degree          2190
----------------------------------------------------------------------
         tide_system     tide_free
    zero_degree_term     included
----------------------------------------------------------------------
          refsysname     WGS84
   max_degree_refpot             8
            gmrefpot      3.98600441800E+14[m**3/s**2]
        radiusrefpot     6378137.000 m
          flatrefpot      3.352810664747480E-03   (1/298.25722356300)
         omegarefpot      7.29211500000E-05 1/s
----------------------------------------------------------------------
    number_of_points           159
      latlimit_north      -9.1089000000000    
      latlimit_south      -11.126900000000    
      longlimit_west      -69.480300000000    
      longlimit_east      -66.895000000000    
----------------------------------------------------------------------
description of columns -----------------------------------------------
 1 identifier (from input)
 2 longitude  (from input)    [degree]
 3 latitude   (from input)    [degree]
 4 h_over_ell (from input)     [meter]
 -------------------------------------
 5 gravity                      [mGal]  gravity(h)                        
----------------------------------------------------------------------

end_of_head ================================================================
1            -68.46360000  -10.82140000  2.871800E+02  9.781528105656E+05
2            -68.71280000  -11.07110000  2.876000E+02  9.781511821708E+05
3            -68.69560000  -11.11640000  2.934600E+02  9.781594108287E+05
4            -67.74670000  -10.00920000  1.778500E+02  9.781570731595E+05
5            -67.71720000   -9.94940000  1.576100E+02  9.781616656662E+05
6            -67.67310000   -9.95530000  1.564600E+02  9.781620828806E+05
7            -67.82750000   -9.85970000  1.976900E+02  9.781527146519E+05
8            -67.82360000   -9.79530000  2.073100E+02  9.781518921599E+05
9            -67.78440000   -9.75250000  1.988900E+02  9.781573176671E+05
10           -67.78920000   -9.68000000  1.868200E+02  9.781569301279E+05
11           -67.84330000   -9.72170000  1.987900E+02  9.781541141217E+05
12           -67.90640000   -9.68640000  1.793400E+02  9.781573982933E+05
13           -67.95080000   -9.83140000  2.370700E+02  9.781401941938E+05
14           -69.17140000  -10.82560000  3.078900E+02  9.781609665852E+05
15           -69.39280000  -10.80170000  3.029700E+02  9.781611606395E+05
16           -69.48030000  -10.84670000  3.132900E+02  9.781663738869E+05
17           -67.69310000  -10.28920000  2.351800E+02  9.781639236930E+05
18           -67.72810000  -10.38970000  2.448000E+02  9.781718451006E+05
19           -67.70670000  -10.44720000  2.352100E+02  9.781803481401E+05
20           -67.84360000  -10.58310000  2.507200E+02  9.781844840627E+05
21           -67.96170000  -10.59470000  2.504700E+02  9.781868375910E+05
22           -68.04000000  -10.61890000  2.517100E+02  9.781830274729E+05
23           -66.89500000   -9.83970000  1.629800E+02  9.781759635795E+05
24           -66.98610000   -9.93720000  1.779000E+02  9.781752873868E+05
25           -67.05750000   -9.91170000  1.848100E+02  9.781730126995E+05
26           -67.09580000   -9.84330000  1.879600E+02  9.781721486070E+05
27           -67.10690000   -9.77670000  1.740000E+02  9.781733133939E+05
28           -67.12530000   -9.72640000  1.554700E+02  9.781763170403E+05
29           -67.82580000   -9.93140000  1.887000E+02  9.781555639322E+05
30           -67.78750000   -9.88000000  1.987100E+02  9.781522093843E+05
31           -67.73810000   -9.82640000  2.350600E+02  9.781477043752E+05
32           -67.67190000   -9.70440000  2.271600E+02  9.781500826297E+05
33           -67.62670000   -9.65530000  2.097200E+02  9.781554027211E+05
34           -67.59670000   -9.60500000  2.132200E+02  9.781506948631E+05
35           -67.54500000   -9.58920000  1.464000E+02  9.781694069093E+05
36           -67.71000000   -9.59170000  1.840600E+02  9.781574336262E+05
37           -67.72940000   -9.65640000  2.004000E+02  9.781533361216E+05
38           -67.76330000   -9.65610000  1.841600E+02  9.781566116195E+05
39           -67.72030000   -9.70560000  1.881700E+02  9.781602760978E+05
40           -67.81280000  -10.02580000  1.690100E+02  9.781602627534E+05
41           -67.75170000  -10.06310000  1.899300E+02  9.781557787208E+05
42           -67.73690000  -10.15500000  2.290500E+02  9.781503956982E+05
43           -67.69670000  -10.21060000  2.304100E+02  9.781557455721E+05
44           -67.81810000  -10.07640000  1.681300E+02  9.781625692153E+05
45           -67.82720000  -10.03970000  1.669600E+02  9.781611923878E+05
46           -67.84080000  -10.00810000  1.585700E+02  9.781636223174E+05
47           -67.62170000  -10.39000000  2.350300E+02  9.781760044594E+05
48           -67.60810000  -10.42360000  2.387700E+02  9.781773653076E+05
49           -67.56810000  -10.43310000  2.367300E+02  9.781779594695E+05
50           -67.66140000  -10.20220000  2.079800E+02  9.781610556214E+05
51           -67.40780000   -9.94560000  1.738000E+02  9.781677114979E+05
52           -67.33420000   -9.94330000  1.768100E+02  9.781691535046E+05
53           -67.26780000   -9.94280000  1.970400E+02  9.781669147232E+05
54           -67.18580000  -10.03890000  1.882700E+02  9.781684401692E+05
55           -67.15140000  -10.10170000  1.745200E+02  9.781697990991E+05
56           -67.36890000   -9.78280000  2.083600E+02  9.781630035983E+05
57           -67.34470000   -9.71940000  2.034200E+02  9.781659752096E+05
58           -67.32640000   -9.64890000  2.026300E+02  9.781636447992E+05
59           -68.32970000   -9.53420000  2.031600E+02  9.781514430020E+05
60           -68.35830000   -9.48690000  1.802600E+02  9.781543105031E+05
61           -68.40280000   -9.43690000  2.181100E+02  9.781436396113E+05
62           -68.46390000   -9.38830000  2.605200E+02  9.781340167346E+05
63           -68.47330000   -9.33030000  2.255800E+02  9.781396690717E+05
64           -68.51310000   -9.27220000  2.152400E+02  9.781382055925E+05
65           -68.53330000   -9.21530000  1.839000E+02  9.781452623758E+05
66           -68.57500000   -9.16060000  1.842000E+02  9.781416669006E+05
67           -68.61360000   -9.10890000  1.768800E+02  9.781379054148E+05
68           -67.53640000  -10.11970000  1.889100E+02  9.781557159404E+05
69           -68.27170000   -9.58360000  2.114000E+02  9.781517163214E+05
70           -67.60860000  -10.09560000  2.270400E+02  9.781442787420E+05
71           -67.33060000  -10.17470000  1.885100E+02  9.781592293489E+05
72           -67.28720000  -10.22500000  1.838600E+02  9.781591359980E+05
73           -67.24420000  -10.27580000  1.705600E+02  9.781625252342E+05
74           -67.16360000  -10.16970000  2.225300E+02  9.781507231514E+05
75           -67.11170000  -10.10360000  1.859500E+02  9.781693638432E+05
76           -67.03890000  -10.05250000  1.847700E+02  9.781727161349E+05
77           -67.02940000   -9.98220000  1.888900E+02  9.781727587179E+05
78           -67.66940000  -10.10360000  2.299800E+02  9.781471673344E+05
79           -68.36690000  -10.69190000  2.495100E+02  9.781616985600E+05
80           -68.23030000  -10.68060000  2.416200E+02  9.781764387136E+05
81           -68.15610000  -10.70220000  2.650400E+02  9.781786890966E+05
82           -68.12250000  -10.68310000  2.368600E+02  9.781891111480E+05
83           -67.12390000   -9.96940000  1.897400E+02  9.781708827570E+05
84           -67.51940000  -10.02390000  1.949800E+02  9.781531909248E+05
85           -67.50080000  -10.01750000  2.131500E+02  9.781472775118E+05
86           -67.49610000   -9.97250000  2.088100E+02  9.781509266508E+05
87           -68.43890000  -10.76250000  2.614000E+02  9.781591729297E+05
88           -68.43060000  -10.72500000  2.591400E+02  9.781564676623E+05
89           -68.64190000  -11.12690000  3.039200E+02  9.781603169501E+05
90           -68.60390000  -11.11440000  2.694400E+02  9.781676514327E+05
91           -68.57830000  -11.09780000  2.977300E+02  9.781561148351E+05
92           -68.54580000  -11.05000000  3.010500E+02  9.781533245078E+05
93           -68.56220000  -11.01860000  3.001800E+02  9.781499410441E+05
94           -68.55830000  -10.95810000  2.957800E+02  9.781473534777E+05
95           -68.53970000  -10.90670000  2.587200E+02  9.781535645386E+05
96           -68.78750000  -10.94640000  2.811500E+02  9.781429698192E+05
97           -68.77970000  -10.88170000  3.015900E+02  9.781371156742E+05
98           -68.78750000  -10.82890000  2.972300E+02  9.781349969055E+05
99           -68.82670000  -10.94170000  3.001300E+02  9.781384557408E+05
100          -68.82970000  -10.86690000  2.626300E+02  9.781524561799E+05
101          -68.81060000  -10.82920000  2.762400E+02  9.781433187737E+05
102          -68.94670000  -10.94830000  2.787400E+02  9.781619593179E+05
103          -68.92970000  -10.98580000  2.726200E+02  9.781642243295E+05
104          -68.88580000  -10.96890000  2.692500E+02  9.781565909400E+05
105          -67.05690000   -9.94470000  1.881100E+02  9.781717937880E+05
106          -67.66860000  -10.01360000  2.045300E+02  9.781480447670E+05
107          -67.19690000  -10.24220000  1.827200E+02  9.781599856160E+05
108          -67.79170000  -10.60330000  2.470900E+02  9.781893352507E+05
109          -67.63000000   -9.97750000  2.124600E+02  9.781474823012E+05
110          -67.93640000   -9.79750000  2.078400E+02  9.781502194400E+05
111          -69.09420000  -10.85140000  3.007200E+02  9.781629148327E+05
112          -67.38030000  -10.13470000  2.059000E+02  9.781540792408E+05
113          -68.09330000  -10.65530000  2.534100E+02  9.781826593392E+05
114          -67.60920000  -10.35330000  2.432500E+02  9.781700276362E+05
115          -67.24530000   -9.97420000  2.032000E+02  9.781656262593E+05
116          -67.68830000  -10.35030000  2.426400E+02  9.781691344903E+05
117          -67.88000000  -10.58470000  2.471600E+02  9.781842246270E+05
118          -67.84720000   -9.91610000  1.888300E+02  9.781556130070E+05
119          -67.74390000   -9.69250000  1.835100E+02  9.781596430388E+05
120          -67.92640000   -9.74250000  2.056200E+02  9.781490781143E+05
121          -68.85250000  -10.94140000  2.954200E+02  9.781414200795E+05
122          -69.03810000  -10.89690000  3.152300E+02  9.781593765325E+05
123          -67.79390000  -10.09560000  1.808200E+02  9.781596307105E+05
124          -67.61780000  -10.20280000  1.969500E+02  9.781620672224E+05
125          -67.70920000   -9.75060000  2.336400E+02  9.781498696149E+05
126          -67.67000000   -9.65500000  1.851700E+02  9.781625113565E+05
127          -67.78330000   -9.63310000  1.841400E+02  9.781554046204E+05
128          -67.75440000  -10.10220000  2.098600E+02  9.781520606292E+05
129          -67.55250000  -10.33060000  2.269700E+02  9.781741667394E+05
130          -67.29220000  -10.30220000  1.758400E+02  9.781654024342E+05
131          -67.59170000  -10.06250000  2.216300E+02  9.781454753965E+05
132          -67.32360000  -10.06030000  2.348400E+02  9.781501198574E+05
133          -67.05890000   -9.94610000  1.950000E+02  9.781696157648E+05
134          -67.78580000  -10.10190000  2.159700E+02  9.781492828812E+05
135          -67.42080000  -10.09640000  2.233300E+02  9.781473709550E+05
136          -67.37810000   -9.97440000  1.808700E+02  9.781658484325E+05
137          -67.65750000  -10.26610000  1.978900E+02  9.781728664788E+05
138          -67.61170000  -10.30310000  1.945800E+02  9.781796713268E+05
139          -67.48780000  -10.33250000  2.131600E+02  9.781742467667E+05
140          -67.42000000  -10.33250000  2.014700E+02  9.781708294378E+05
141          -67.35640000  -10.31280000  1.919300E+02  9.781682690065E+05
142          -67.53720000  -10.08110000  1.795400E+02  9.781577153927E+05
143          -67.46110000  -10.11030000  2.129400E+02  9.781501718878E+05
144          -67.37500000  -10.08500000  2.029700E+02  9.781563467499E+05
145          -67.28000000  -10.03920000  2.142500E+02  9.781578233852E+05
146          -67.19190000   -9.99890000  2.070800E+02  9.781655550543E+05
147          -67.87860000   -9.93890000  1.737800E+02  9.781600168149E+05
148          -67.90330000   -9.88140000  2.072100E+02  9.781498647818E+05
149          -67.96220000   -9.83360000  2.336300E+02  9.781406744016E+05
150          -68.00500000   -9.79920000  2.078100E+02  9.781486943461E+05
151          -68.06220000   -9.76310000  1.880200E+02  9.781553073025E+05
152          -68.14670000   -9.72170000  1.816800E+02  9.781596077266E+05
153          -68.19690000   -9.68310000  2.075200E+02  9.781556474215E+05
154          -68.22610000   -9.63280000  2.252300E+02  9.781490995691E+05
155          -67.52080000  -10.18670000  1.965500E+02  9.781606362359E+05
156          -67.37610000  -10.13610000  2.155800E+02  9.781511488628E+05
157          -67.32580000  -10.18030000  1.937600E+02  9.781574904249E+05
158          -67.40060000  -10.16860000  2.065900E+02  9.781551694722E+05
159          -67.35830000  -10.02860000  2.066100E+02  9.781581247556E+05
