        generated_by     ICGEM (hosted at GFZ-Potsdam)
     generating_date     2019/08/30
----------------------------------------------------------------------
           modelname     EIGEN-6C4
     max_used_degree          2190
----------------------------------------------------------------------
         tide_system     tide_free
    zero_degree_term     included
----------------------------------------------------------------------
          refsysname     WGS84
   max_degree_refpot             8
            gmrefpot      3.98600441800E+14[m**3/s**2]
        radiusrefpot     6378137.000 m
          flatrefpot      3.352810664747480E-03   (1/298.25722356300)
         omegarefpot      7.29211500000E-05 1/s
----------------------------------------------------------------------
    number_of_points           208
      latlimit_north      -8.8735000000000    
      latlimit_south      -10.266400000000    
      longlimit_west      -37.957000000000    
      longlimit_east      -35.174010000000    
----------------------------------------------------------------------
description of columns -----------------------------------------------
 1 identifier (from input)
 2 longitude  (from input)    [degree]
 3 latitude   (from input)    [degree]
 4 h_over_ell (from input)     [meter]
 -------------------------------------
 5 gravity                      [mGal]  gravity(h)                        
----------------------------------------------------------------------

end_of_head ================================================================
1            -37.11800000   -9.79550000  1.958500E+02  9.781101646436E+05
2            -37.04220000   -9.37560000  2.416600E+02  9.780832253060E+05
3            -37.12590000   -9.45570000  2.451400E+02  9.780757651253E+05
4            -37.12200000   -9.54200000  1.431100E+02  9.781094160454E+05
5            -37.12480000   -9.62380000  1.531600E+02  9.781129608717E+05
6            -37.04660000   -9.62410000  1.878600E+02  9.781072473796E+05
7            -37.04640000   -9.54230000  2.100100E+02  9.780952161956E+05
8            -37.04130000   -9.45820000  2.446100E+02  9.780843410731E+05
9            -36.70820000  -10.20830000  8.945000E+01  9.781474702968E+05
10           -36.71070000  -10.12540000  1.108200E+02  9.781451330521E+05
11           -36.70780000  -10.04080000  2.386500E+02  9.781087032387E+05
12           -36.79530000  -10.03720000  1.303300E+02  9.781484825932E+05
13           -36.79350000   -9.95830000  1.692300E+02  9.781397793175E+05
14           -35.22250000   -9.01280000 -1.760000E+00  9.781761034301E+05
15           -35.44440000   -9.06610000  1.694000E+01  9.781607570816E+05
16           -35.48580000   -9.08920000  6.364000E+01  9.781513471633E+05
17           -35.53440000   -9.15660000  7.870000E+00  9.781682434682E+05
18           -35.51220000   -9.22030000  2.790000E+00  9.781550711897E+05
19           -35.48890000   -9.24140000 -3.350000E+00  9.781487710804E+05
20           -35.55540000   -9.28660000 -5.600000E-01  9.781587792791E+05
21           -35.56170000   -9.31940000 -3.690000E+00  9.781595357708E+05
22           -35.53280000   -9.38150000  4.001000E+01  9.781363133878E+05
23           -35.52440000   -9.43690000 -4.990000E+00  9.781478647424E+05
24           -35.33100000   -9.06470000  3.741000E+01  9.781486276354E+05
25           -35.28600000   -9.01670000 -2.600000E-01  9.781688926985E+05
26           -35.17920000   -8.95860000 -1.630000E+00  9.781813471573E+05
27           -36.51340000   -9.99370000  1.499000E+02  9.781471335941E+05
28           -36.56360000  -10.19960000  8.991000E+01  9.781542023448E+05
29           -36.53710000  -10.13590000  1.327800E+02  9.781445869548E+05
30           -36.52240000  -10.06600000  1.304200E+02  9.781468576191E+05
31           -36.41450000   -9.89620000  1.759600E+02  9.781546655220E+05
32           -36.34590000   -9.90880000  1.350800E+02  9.781632007155E+05
33           -36.27730000   -9.89980000  1.266700E+02  9.781558117513E+05
34           -36.22040000   -9.90440000  1.084800E+02  9.781502141479E+05
35           -36.14150000   -9.89400000  2.309000E+01  9.781611205620E+05
36           -36.13300000   -9.83630000  9.939000E+01  9.781384143665E+05
37           -36.05690000   -9.73460000  1.037800E+02  9.781362874550E+05
38           -36.03310000   -9.70110000  5.260000E+00  9.781655445683E+05
39           -36.02940000   -9.63350000  1.086300E+02  9.781418296264E+05
40           -35.99500000   -9.58630000  7.764000E+01  9.781524932934E+05
41           -35.95470000   -9.60670000  4.850000E+00  9.781642062194E+05
42           -35.88060000   -9.58780000  9.713000E+01  9.781285904396E+05
43           -35.82470000   -9.57330000 -3.300000E+00  9.781536051836E+05
44           -35.76110000   -9.62150000 -7.530000E+00  9.781460359231E+05
45           -35.69760000   -9.63480000 -4.040000E+00  9.781466637548E+05
46           -35.65640000   -9.57670000 -1.670000E+00  9.781471518031E+05
47           -35.56440000   -9.47330000 -2.430000E+00  9.781507247952E+05
48           -36.55400000  -10.26640000  6.329000E+01  9.781606854714E+05
49           -36.79170000   -9.62460000  2.102000E+02  9.781177762311E+05
50           -36.60430000   -9.61960000  2.017100E+02  9.781361983546E+05
51           -36.53890000   -9.62810000  2.749800E+02  9.781231263644E+05
52           -36.54190000   -9.54210000  2.353500E+02  9.781311158757E+05
53           -36.70900000   -9.45880000  2.888600E+02  9.781020165213E+05
54           -36.70920000   -9.53880000  2.526300E+02  9.781133152714E+05
55           -36.95900000   -9.95770000  9.709000E+01  9.781523467446E+05
56           -36.87520000   -9.95720000  2.343400E+02  9.781254411509E+05
57           -36.87400000   -9.87660000  1.692300E+02  9.781374031548E+05
58           -36.87190000   -9.79720000  1.995200E+02  9.781305163035E+05
59           -36.79210000   -9.79160000  2.729100E+02  9.781161913008E+05
60           -36.79840000   -9.87120000  2.212700E+02  9.781291933095E+05
61           -36.70780000   -9.79070000  2.443300E+02  9.781271498614E+05
62           -37.71100000   -9.62300000  1.315300E+02  9.781202417094E+05
63           -37.69520000   -9.54690000  1.787400E+02  9.781084478564E+05
64           -37.71410000   -9.45740000  2.429200E+02  9.780910758129E+05
65           -37.79530000   -9.45480000  2.793600E+02  9.780793798917E+05
66           -37.87410000   -9.38490000  2.481700E+02  9.780790565188E+05
67           -37.82240000   -9.37010000  2.606900E+02  9.780775514783E+05
68           -37.62520000   -9.46320000  2.165600E+02  9.780985314474E+05
69           -37.61960000   -9.54210000  2.153700E+02  9.780973968277E+05
70           -37.62840000   -9.62350000  1.703500E+02  9.781139055490E+05
71           -37.71080000   -9.37570000  2.529700E+02  9.780858158549E+05
72           -37.70850000   -9.28800000  2.791400E+02  9.780710573098E+05
73           -37.70770000   -9.20660000  3.598400E+02  9.780476833803E+05
74           -37.79740000   -9.29180000  3.427600E+02  9.780488147467E+05
75           -37.94750000   -9.21220000  6.243600E+02  9.779774975614E+05
76           -37.95700000   -9.12060000  3.017200E+02  9.780502675146E+05
77           -37.53030000   -9.53280000  2.073500E+02  9.780999923107E+05
78           -37.46130000   -9.53800000  2.252500E+02  9.780915234021E+05
79           -37.37560000   -9.54290000  2.773500E+02  9.780760590652E+05
80           -37.36900000   -9.45930000  3.860900E+02  9.780420373265E+05
81           -37.20890000   -9.62490000  1.489600E+02  9.781140823868E+05
82           -37.54070000   -9.62810000  1.883100E+02  9.781075674373E+05
83           -37.53970000   -9.70440000  1.708800E+02  9.781089341474E+05
84           -37.45980000   -9.70820000  4.542000E+01  9.781449678227E+05
85           -37.38100000   -9.70080000  1.374500E+02  9.781214863504E+05
86           -37.37520000   -9.62730000  2.047200E+02  9.781014607952E+05
87           -37.54210000   -9.46000000  2.780300E+02  9.780860569826E+05
88           -37.54290000   -9.37510000  3.017700E+02  9.780807444682E+05
89           -37.53950000   -9.28990000  2.840600E+02  9.780764513647E+05
90           -37.62120000   -9.21010000  2.625900E+02  9.780702299875E+05
91           -37.62370000   -9.29380000  2.570100E+02  9.780794258966E+05
92           -37.62490000   -9.37210000  2.455600E+02  9.780885559960E+05
93           -37.37360000   -9.37360000  3.194300E+02  9.780666830543E+05
94           -37.45840000   -9.37170000  2.978500E+02  9.780790343403E+05
95           -37.45750000   -9.45810000  2.249300E+02  9.780924014442E+05
96           -37.45760000   -9.62490000  1.529900E+02  9.781159845341E+05
97           -37.28850000   -9.71070000  1.128500E+02  9.781277646108E+05
98           -37.21500000   -9.71250000  9.737000E+01  9.781315161751E+05
99           -37.29470000   -9.63490000  2.001600E+02  9.781003993565E+05
100          -37.29490000   -9.46040000  3.437300E+02  9.780537555832E+05
101          -37.21430000   -9.45830000  2.275500E+02  9.780793930715E+05
102          -37.20830000   -9.53980000  2.012800E+02  9.780920626420E+05
103          -36.70830000   -9.70820000  2.565900E+02  9.781197529716E+05
104          -36.79170000   -9.70730000  2.588300E+02  9.781132113432E+05
105          -36.87550000   -9.70780000  2.104500E+02  9.781200810987E+05
106          -36.87900000   -9.63100000  1.677300E+02  9.781204994421E+05
107          -36.95770000   -9.62550000  1.582700E+02  9.781178129282E+05
108          -37.28950000   -9.79270000  2.590000E+01  9.781504067131E+05
109          -37.21710000   -9.78660000  1.846100E+02  9.781093724054E+05
110          -37.04130000   -9.70750000  1.828800E+02  9.781106434226E+05
111          -37.20640000   -9.87520000  1.543700E+02  9.781213516738E+05
112          -37.12590000   -9.86970000  1.090300E+02  9.781361680377E+05
113          -36.12140000   -9.11690000  1.497300E+02  9.781174180134E+05
114          -37.46050000   -9.12700000  3.584900E+02  9.780451614973E+05
115          -37.45730000   -9.03920000  4.085100E+02  9.780244370318E+05
116          -37.54160000   -9.04360000  3.973500E+02  9.780293889075E+05
117          -37.28910000   -9.21110000  3.208600E+02  9.780665351574E+05
118          -37.37540000   -9.20800000  3.438600E+02  9.780588936658E+05
119          -37.12290000   -9.29180000  3.858400E+02  9.780558950695E+05
120          -37.20370000   -9.29260000  3.745300E+02  9.780604897288E+05
121          -37.37500000   -9.12500000  3.925100E+02  9.780375430011E+05
122          -37.37500000   -9.04280000  3.970300E+02  9.780294579942E+05
123          -37.29420000   -9.12610000  3.581000E+02  9.780555927134E+05
124          -36.87670000   -9.29370000  3.114500E+02  9.780818961738E+05
125          -36.79300000   -9.29540000  2.845600E+02  9.780854638291E+05
126          -36.70120000   -9.29870000  6.588500E+02  9.780017050888E+05
127          -36.62050000   -9.87520000  2.289700E+02  9.781231996768E+05
128          -36.54000000   -9.87600000  1.935000E+02  9.781442166524E+05
129          -36.54390000   -9.79290000  2.334900E+02  9.781376648096E+05
130          -36.46020000   -9.79220000  1.585300E+02  9.781623786363E+05
131          -36.37540000   -9.78990000  1.683400E+02  9.781622559317E+05
132          -36.54010000   -9.71000000  1.906800E+02  9.781446256766E+05
133          -36.45750000   -9.62350000  2.713100E+02  9.781312381586E+05
134          -36.37580000   -9.70910000  1.973600E+02  9.781547864422E+05
135          -36.45860000   -9.70890000  2.205000E+02  9.781434774592E+05
136          -36.45710000   -9.54170000  4.695000E+02  9.780639203835E+05
137          -36.45570000   -9.44750000  4.395400E+02  9.780857959292E+05
138          -36.37570000   -9.62510000  2.372700E+02  9.781343121295E+05
139          -36.30790000   -9.54680000  3.752700E+02  9.780908545885E+05
140          -36.37780000   -9.53880000  1.721900E+02  9.781526338401E+05
141          -36.29070000   -9.61740000  2.726400E+02  9.781208177401E+05
142          -36.19780000   -9.44650000  1.244800E+02  9.781527114584E+05
143          -36.54300000   -9.29260000  4.982200E+02  9.780517843679E+05
144          -36.46150000   -9.38590000  4.730200E+02  9.780710153474E+05
145          -36.37500000   -9.37420000  2.830600E+02  9.781157983818E+05
146          -36.28620000   -9.36720000  2.563900E+02  9.781132434285E+05
147          -36.21070000   -9.36770000  1.971900E+02  9.781245737310E+05
148          -36.12160000   -9.54140000  8.935000E+01  9.781653388113E+05
149          -36.19800000   -9.54060000  2.863500E+02  9.781086712544E+05
150          -36.12540000   -9.37260000  9.705000E+01  9.781482610261E+05
151          -36.28890000   -9.28660000  4.434300E+02  9.780573107773E+05
152          -36.29220000   -9.20420000  5.220600E+02  9.780288796322E+05
153          -35.70560000   -9.29060000  1.126800E+02  9.781517979364E+05
154          -35.70880000   -9.20710000  9.560000E+01  9.781612731221E+05
155          -35.79190000   -9.37380000  1.360800E+02  9.781459005864E+05
156          -35.87500000   -9.37500000  6.570000E+01  9.781626852671E+05
157          -35.96060000   -9.29150000  8.126000E+01  9.781540206031E+05
158          -36.12420000   -9.45850000  1.610600E+02  9.781379320368E+05
159          -36.36690000   -9.45470000  5.615000E+02  9.780461732027E+05
160          -36.31070000   -9.47560000  3.271600E+02  9.781125172223E+05
161          -36.23320000   -9.28790000  3.615000E+02  9.780773766349E+05
162          -36.04440000   -9.36970000  1.342600E+02  9.781430427348E+05
163          -36.04190000   -9.29080000  1.898300E+02  9.781188981649E+05
164          -36.96240000   -9.45180000  2.346400E+02  9.780928032099E+05
165          -37.12510000   -9.70860000  9.783000E+01  9.781327564013E+05
166          -37.04340000   -9.79280000  1.239900E+02  9.781323028451E+05
167          -37.04190000   -9.87610000  1.083700E+02  9.781342050256E+05
168          -36.97280000   -9.86950000  1.402000E+01  9.781701514047E+05
169          -36.95680000   -9.79200000  2.937100E+02  9.780901836439E+05
170          -36.95900000   -9.70900000  1.503400E+02  9.781278256737E+05
171          -36.96020000   -9.54180000  2.130400E+02  9.780998432100E+05
172          -36.87470000   -9.54140000  1.855300E+02  9.781144273643E+05
173          -36.87400000   -9.45390000  2.357500E+02  9.780970947840E+05
174          -36.79850000   -9.45890000  2.426400E+02  9.781046769242E+05
175          -36.79130000   -9.53840000  2.300100E+02  9.781084170841E+05
176          -35.36620000   -9.06450000  7.790000E+00  9.781575758464E+05
177          -35.33640000   -9.14300000  1.720000E+00  9.781488722003E+05
178          -35.95860000   -8.95810000  3.356900E+02  9.780838989421E+05
179          -35.95770000   -9.03380000  5.285300E+02  9.780178698292E+05
180          -35.87750000   -9.04690000  4.259300E+02  9.780641613502E+05
181          -35.87780000   -8.95560000  4.718900E+02  9.780484874706E+05
182          -35.79740000   -8.95860000  4.268100E+02  9.780522100506E+05
183          -35.62200000   -8.95720000  1.066200E+02  9.781431841262E+05
184          -35.79020000   -8.87470000  3.148000E+02  9.780880264513E+05
185          -35.54160000   -8.87550000  1.566700E+02  9.781250841520E+05
186          -35.45860000   -8.87350000  9.019000E+01  9.781523827505E+05
187          -35.87430000   -8.87500000  4.870400E+02  9.780332248658E+05
188          -36.04090000   -8.95800000  4.410600E+02  9.780360260293E+05
189          -36.04180000   -9.04210000  3.275900E+02  9.780584166185E+05
190          -36.21320000   -9.19960000  3.724000E+02  9.780594980425E+05
191          -36.20910000   -9.12760000  4.490700E+02  9.780358602363E+05
192          -36.12420000   -8.95750000  5.421600E+02  9.780057767270E+05
193          -36.12190000   -9.04390000  2.752800E+02  9.780839470453E+05
194          -36.13940000   -9.30940000  1.146600E+02  9.781442103650E+05
195          -35.95920000   -9.37440000  1.599700E+02  9.781389042428E+05
196          -35.95580000   -9.21440000  1.505600E+02  9.781372897621E+05
197          -35.95490000   -9.12120000  3.337700E+02  9.780895463089E+05
198          -35.87800000   -9.12620000  1.814600E+02  9.781474430366E+05
199          -36.12380000   -9.20880000  1.361000E+02  9.781271469625E+05
200          -36.04110000   -9.21370000  1.689200E+02  9.781148884741E+05
201          -36.03980000   -9.12600000  1.372200E+02  9.781216241521E+05
202          -36.09669000   -9.77841800 -1.105000E+00  9.781687345894E+05
203          -35.34953000   -9.23190200 -4.021000E+00  9.781426122273E+05
204          -35.45369000   -9.27992400 -4.080000E+00  9.781421064590E+05
205          -35.77932000   -9.55682900  7.898500E+01  9.781281344820E+05
206          -35.71880000   -9.67614100 -5.777000E+00  9.781506504892E+05
207          -35.17401000   -8.94287700 -1.124000E+00  9.781816742508E+05
208          -35.39146000   -9.04904900  8.520000E-01  9.781624325202E+05
