LONG(deg) 	 LAT(deg) 	 ALT_GEOM(m) 	 GRAV(mGal)
-37.118 	 -9.7955 	 195.85 	 978111.34
-37.0422 	 -9.3756 	 241.66 	 978080.82
-37.1259 	 -9.4557 	 245.14 	 978079.77
-37.122 	 -9.542 	 143.11 	 978108.13
-37.1248 	 -9.6238 	 153.16 	 978117.92
-37.0466 	 -9.6241 	 187.86 	 978113.54
-37.0464 	 -9.5423 	 210.01 	 978102.01
-37.0413 	 -9.4582 	 244.61 	 978084.17
-36.7082 	 -10.2083 	 89.45 	 978150.83
-36.7107 	 -10.1254 	 110.82 	 978152.56
-36.7078 	 -10.0408 	 238.65 	 978128.47
-36.7953 	 -10.0372 	 130.33 	 978147.66
-36.7935 	 -9.9583 	 169.23 	 978139.32
-35.2225 	 -9.0128 	 -1.76 	 978175.11
-35.4444 	 -9.0661 	 16.94 	 978144.6
-35.4858 	 -9.0892 	 63.64 	 978131.97
-35.5344 	 -9.1566 	 7.87 	 978151.07
-35.5122 	 -9.2203 	 2.79 	 978143.36
-35.4889 	 -9.2414 	 -3.35 	 978140.59
-35.5554 	 -9.2866 	 -0.56 	 978148.66
-35.5617 	 -9.3194 	 -3.69 	 978141.97
-35.5328 	 -9.3815 	 40.01 	 978122.13
-35.5244 	 -9.4369 	 -4.99 	 978140.24
-35.331 	 -9.0647 	 37.41 	 978148.57
-35.286 	 -9.0167 	 -0.26 	 978170.27
-35.1792 	 -8.9586 	 -1.63 	 978188.81
-36.5134 	 -9.9937 	 149.9 	 978144.18
-36.5636 	 -10.1996 	 89.91 	 978161.06
-36.5371 	 -10.1359 	 132.78 	 978150.78
-36.5224 	 -10.066 	 130.42 	 978154.43
-36.4145 	 -9.8962 	 175.96 	 978158.13
-36.3459 	 -9.9088 	 135.08 	 978164.91
-36.2773 	 -9.8998 	 126.67 	 978154.73
-36.2204 	 -9.9044 	 108.48 	 978158.14
-36.1415 	 -9.894 	 23.09 	 978162.83
-36.133 	 -9.8363 	 99.39 	 978138.41
-36.0569 	 -9.7346 	 103.78 	 978126.09
-36.0331 	 -9.7011 	 5.26 	 978145.18
-36.0294 	 -9.6335 	 108.63 	 978135.5
-35.995 	 -9.5863 	 77.64 	 978150.75
-35.9547 	 -9.6067 	 4.85 	 978148.78
-35.8806 	 -9.5878 	 97.13 	 978120.71
-35.8247 	 -9.5733 	 -3.3 	 978143.83
-35.7611 	 -9.6215 	 -7.53 	 978140.22
-35.6976 	 -9.6348 	 -4.04 	 978147.91
-35.6564 	 -9.5767 	 -1.67 	 978145.33
-35.5644 	 -9.4733 	 -2.43 	 978138.73
-36.554 	 -10.2664 	 63.29 	 978164.24
-36.7917 	 -9.6246 	 210.2 	 978117.67
-36.6043 	 -9.6196 	 201.71 	 978129.5
-36.5389 	 -9.6281 	 274.98 	 978123.03
-36.5419 	 -9.5421 	 235.35 	 978129.89
-36.709 	 -9.4588 	 288.86 	 978099.32
-36.7092 	 -9.5388 	 252.63 	 978107.66
-36.959 	 -9.9577 	 97.09 	 978150.95
-36.8752 	 -9.9572 	 234.34 	 978122.36
-36.874 	 -9.8766 	 169.23 	 978129.0
-36.8719 	 -9.7972 	 199.52 	 978119.59
-36.7921 	 -9.7916 	 272.91 	 978110.18
-36.7984 	 -9.8712 	 221.27 	 978123.47
-36.7078 	 -9.7907 	 244.33 	 978123.02
-37.711 	 -9.623 	 131.53 	 978106.54
-37.6952 	 -9.5469 	 178.74 	 978094.38
-37.7141 	 -9.4574 	 242.92 	 978080.15
-37.7953 	 -9.4548 	 279.36 	 978070.63
-37.8741 	 -9.3849 	 248.17 	 978082.17
-37.8224 	 -9.3701 	 260.69 	 978080.02
-37.6252 	 -9.4632 	 216.56 	 978083.4
-37.6196 	 -9.5421 	 215.37 	 978088.12
-37.6284 	 -9.6235 	 170.35 	 978096.86
-37.7108 	 -9.3757 	 252.97 	 978082.08
-37.7085 	 -9.288 	 279.14 	 978078.49
-37.7077 	 -9.2066 	 359.84 	 978154.97
-37.7974 	 -9.2918 	 342.76 	 978061.48
-37.9475 	 -9.2122 	 624.36 	 977994.67
-37.957 	 -9.1206 	 301.72 	 978052.66
-37.5303 	 -9.5328 	 207.35 	 978088.82
-37.4613 	 -9.538 	 225.25 	 978085.35
-37.3756 	 -9.5429 	 277.35 	 978075.94
-37.369 	 -9.4593 	 386.09 	 978049.88
-37.2089 	 -9.6249 	 148.96 	 978115.47
-37.5407 	 -9.6281 	 188.31 	 978094.88
-37.5397 	 -9.7044 	 170.88 	 978099.92
-37.4598 	 -9.7082 	 45.42 	 978124.95
-37.381 	 -9.7008 	 137.45 	 978109.04
-37.3752 	 -9.6273 	 204.72 	 978090.19
-37.5421 	 -9.46 	 278.03 	 978074.67
-37.5429 	 -9.3751 	 301.77 	 978067.92
-37.5395 	 -9.2899 	 284.06 	 978075.71
-37.6212 	 -9.2101 	 262.59 	 978078.32
-37.6237 	 -9.2938 	 257.01 	 978082.37
-37.6249 	 -9.3721 	 245.56 	 978080.88
-37.3736 	 -9.3736 	 319.43 	 978063.44
-37.4584 	 -9.3717 	 297.85 	 978067.96
-37.4575 	 -9.4581 	 224.93 	 978083.76
-37.4576 	 -9.6249 	 152.99 	 978100.18
-37.2885 	 -9.7107 	 112.85 	 978124.28
-37.215 	 -9.7125 	 97.37 	 978128.6
-37.2947 	 -9.6349 	 200.16 	 978096.37
-37.2949 	 -9.4604 	 343.73 	 978059.17
-37.2143 	 -9.4583 	 227.55 	 978080.74
-37.2083 	 -9.5398 	 201.28 	 978090.85
-36.7083 	 -9.7082 	 256.59 	 978114.79
-36.7917 	 -9.7073 	 258.83 	 978108.92
-36.8755 	 -9.7078 	 210.45 	 978113.95
-36.879 	 -9.631 	 167.73 	 978121.73
-36.9577 	 -9.6255 	 158.27 	 978119.71
-37.2895 	 -9.7927 	 25.9 	 978142.16
-37.2171 	 -9.7866 	 184.61 	 978110.34
-37.0413 	 -9.7075 	 182.88 	 978114.09
-37.2064 	 -9.8752 	 154.37 	 978127.12
-37.1259 	 -9.8697 	 109.03 	 978135.08
-36.1214 	 -9.1169 	 149.73 	 978107.38
-37.4605 	 -9.127 	 358.49 	 978046.36
-37.4573 	 -9.0392 	 408.51 	 978036.53
-37.5416 	 -9.0436 	 397.35 	 978036.0
-37.2891 	 -9.2111 	 320.86 	 978060.07
-37.3754 	 -9.208 	 343.86 	 978060.18
-37.1229 	 -9.2918 	 385.84 	 978045.16
-37.2037 	 -9.2926 	 374.53 	 978051.72
-37.375 	 -9.125 	 392.51 	 978041.58
-37.375 	 -9.0428 	 397.03 	 978042.12
-37.2942 	 -9.1261 	 358.1 	 978049.47
-36.8767 	 -9.2937 	 311.45 	 978068.82
-36.793 	 -9.2954 	 284.56 	 978083.97
-36.7012 	 -9.2987 	 658.85 	 978014.79
-36.6205 	 -9.8752 	 228.97 	 978137.16
-36.54 	 -9.876 	 193.5 	 978148.8
-36.5439 	 -9.7929 	 233.49 	 978144.11
-36.4602 	 -9.7922 	 158.53 	 978163.7
-36.3754 	 -9.7899 	 168.34 	 978165.43
-36.5401 	 -9.71 	 190.68 	 978147.2
-36.4575 	 -9.6235 	 271.31 	 978131.15
-36.3758 	 -9.7091 	 197.36 	 978156.47
-36.4586 	 -9.7089 	 220.5 	 978147.15
-36.4571 	 -9.5417 	 469.5 	 978080.36
-36.4557 	 -9.4475 	 439.54 	 978075.64
-36.3757 	 -9.6251 	 237.27 	 978139.67
-36.3079 	 -9.5468 	 375.27 	 978096.59
-36.3778 	 -9.5388 	 172.19 	 978140.49
-36.2907 	 -9.6174 	 272.64 	 978129.96
-36.1978 	 -9.4465 	 124.48 	 978136.46
-36.543 	 -9.2926 	 498.22 	 978049.67
-36.4615 	 -9.3859 	 473.02 	 978060.03
-36.375 	 -9.3742 	 283.06 	 978099.27
-36.2862 	 -9.3672 	 256.39 	 978103.51
-36.2107 	 -9.3677 	 197.19 	 978116.25
-36.1216 	 -9.5414 	 89.35 	 978149.02
-36.198 	 -9.5406 	 286.35 	 978109.51
-36.1254 	 -9.3726 	 97.05 	 978140.64
-36.2889 	 -9.2866 	 443.43 	 978056.38
-36.2922 	 -9.2042 	 522.06 	 978032.65
-35.7056 	 -9.2906 	 112.68 	 978155.46
-35.7088 	 -9.2071 	 95.6 	 978153.38
-35.7919 	 -9.3738 	 136.08 	 978148.18
-35.875 	 -9.375 	 65.7 	 978162.84
-35.9606 	 -9.2915 	 81.26 	 978151.88
-36.1242 	 -9.4585 	 161.06 	 978131.72
-36.3669 	 -9.4547 	 561.5 	 978047.29
-36.3107 	 -9.4756 	 327.16 	 978098.42
-36.2332 	 -9.2879 	 361.5 	 978074.65
-36.0444 	 -9.3697 	 134.26 	 978138.96
-36.0419 	 -9.2908 	 189.83 	 978122.07
-36.9624 	 -9.4518 	 234.64 	 978091.86
-37.1251 	 -9.7086 	 97.83 	 978128.52
-37.0434 	 -9.7928 	 123.99 	 978126.8
-37.0419 	 -9.8761 	 108.37 	 978136.04
-36.9728 	 -9.8695 	 14.02 	 978152.29
-36.9568 	 -9.792 	 293.71 	 978096.43
-36.959 	 -9.709 	 150.34 	 978121.64
-36.9602 	 -9.5418 	 213.04 	 978107.0
-36.8747 	 -9.5414 	 185.53 	 978112.78
-36.874 	 -9.4539 	 235.75 	 978097.34
-36.7985 	 -9.4589 	 242.64 	 978100.31
-36.7913 	 -9.5384 	 230.01 	 978108.93
-35.3662 	 -9.0645 	 7.79 	 978157.24
-35.3364 	 -9.143 	 1.72 	 978142.18
-35.9586 	 -8.9581 	 335.69 	 978071.82
-35.9577 	 -9.0338 	 528.53 	 978034.99
-35.8775 	 -9.0469 	 425.93 	 978056.4
-35.8778 	 -8.9556 	 471.89 	 978048.0
-35.7974 	 -8.9586 	 426.81 	 978054.59
-35.622 	 -8.9572 	 106.62 	 978135.43
-35.7902 	 -8.8747 	 314.8 	 978082.11
-35.5416 	 -8.8755 	 156.67 	 978125.66
-35.4586 	 -8.8735 	 90.19 	 978144.07
-35.8743 	 -8.875 	 487.04 	 978041.79
-36.0409 	 -8.958 	 441.06 	 978047.68
-36.0418 	 -9.0421 	 327.59 	 978073.28
-36.2132 	 -9.1996 	 372.4 	 978066.69
-36.2091 	 -9.1276 	 449.07 	 978041.09
-36.1242 	 -8.9575 	 542.16 	 978023.75
-36.1219 	 -9.0439 	 275.28 	 978076.94
-36.1394 	 -9.3094 	 114.66 	 978129.49
-35.9592 	 -9.3744 	 159.97 	 978139.18
-35.9558 	 -9.2144 	 150.56 	 978124.76
-35.9549 	 -9.1212 	 333.77 	 978078.38
-35.878 	 -9.1262 	 181.46 	 978111.38
-36.1238 	 -9.2088 	 136.1 	 978116.34
-36.0411 	 -9.2137 	 168.92 	 978115.13
-36.0398 	 -9.126 	 137.22 	 978115.04
-36.09669 	 -9.778418 	 -1.105 	 978153.53
-35.34953 	 -9.231902 	 -4.021 	 978141.47
-35.45369 	 -9.279924 	 -4.08 	 978138.58
-35.77932 	 -9.556829 	 78.985 	 978122.52
-35.7188 	 -9.676141 	 -5.777 	 978150.86
-35.17401 	 -8.942877 	 -1.124 	 978189.45
-35.39146 	 -9.049049 	 0.852 	 978157.16
