LONG(deg) 	 LAT(deg) 	 ALT_GEOM(m) 	 GRAV(mGal)
-63.125 	 -4.0547 	 20.11 	 978000.47
-63.0825 	 -4.0728 	 20.11 	 977999.37
-63.0278 	 -4.0578 	 18.96 	 978000.05
-60.0264 	 -2.0497 	 50.33 	 978013.96
-66.9933 	 -0.1525 	 82.59 	 978012.05
-66.4072 	 -0.4225 	 56.22 	 978017.81
-65.3955 	 -0.334 	 47.18 	 978022.65
-64.5608 	 -0.4081 	 39.88 	 978033.11
-63.9964 	 -0.3836 	 27.53 	 978039.4
-60.4933 	 -0.9867 	 51.84 	 978029.81
-60.5058 	 -0.9419 	 52.98 	 978025.87
-60.5139 	 -0.9167 	 47.43 	 978023.9
-60.5194 	 -0.8925 	 41.79 	 978022.16
-60.0086 	 -2.1731 	 80.16 	 978009.56
-61.43 	 -1.9058 	 10.74 	 978015.11
-60.9472 	 -2.6203 	 21.57 	 978004.34
-60.04 	 -2.6306 	 48.58 	 978009.86
-60.0381 	 -2.6053 	 56.47 	 978006.7
-60.0286 	 -2.5803 	 50.21 	 978007.16
-60.0467 	 -2.5581 	 95.87 	 977997.94
-60.0369 	 -2.5378 	 95.65 	 978000.41
-60.0456 	 -2.4842 	 55.18 	 978017.48
-60.0167 	 -2.4592 	 87.02 	 978017.32
-60.0283 	 -2.4331 	 78.95 	 978024.4
-60.0344 	 -2.4067 	 57.98 	 978030.91
-60.0406 	 -2.3797 	 68.76 	 978030.02
-60.0439 	 -2.3547 	 73.36 	 978026.79
-60.0419 	 -2.2772 	 110.31 	 978006.6
-60.0461 	 -2.2494 	 72.72 	 978012.54
-60.0286 	 -2.1983 	 109.68 	 978002.38
-66.8378 	 -4.9092 	 74.99 	 978061.58
-66.8486 	 -4.8397 	 74.22 	 978061.73
-60.0361 	 -2.7583 	 46.13 	 978003.43
-60.0453 	 -2.7364 	 62.19 	 978000.75
-60.0631 	 -2.7106 	 26.95 	 978010.35
-60.0436 	 -2.6586 	 52.91 	 978006.64
-60.0136 	 -2.1361 	 60.93 	 978012.72
-60.0203 	 -2.06 	 79.09 	 978009.09
-60.0272 	 -2.0192 	 107.18 	 978004.75
-60.0272 	 -1.9933 	 79.7 	 978012.75
-60.0539 	 -1.9186 	 139.05 	 978004.13
-60.0969 	 -1.8556 	 78.56 	 978013.9
-60.1361 	 -1.8256 	 52.96 	 978017.59
-60.1556 	 -1.7011 	 75.99 	 978017.26
-60.1764 	 -1.6611 	 65.03 	 978014.32
-60.1944 	 -1.6244 	 68.12 	 978012.14
-60.2047 	 -1.6044 	 68.06 	 978012.5
-60.25 	 -1.5114 	 49.5 	 978021.87
-60.3528 	 -1.37 	 83.89 	 978022.0
-60.3267 	 -1.4031 	 71.53 	 978022.93
-60.33 	 -1.4211 	 66.71 	 978021.7
-60.2958 	 -1.4669 	 47.85 	 978021.41
-60.4039 	 -1.295 	 47.44 	 978031.79
-60.4072 	 -1.2697 	 41.7 	 978033.37
-60.4242 	 -1.205 	 52.01 	 978029.96
-60.4356 	 -1.1989 	 42.32 	 978031.68
-60.4386 	 -1.1711 	 58.75 	 978028.4
-60.4592 	 -1.1097 	 47.61 	 978035.8
-60.4619 	 -1.0889 	 43.57 	 978034.43
-60.4778 	 -1.0361 	 43.1 	 978032.54
-60.4861 	 -1.0108 	 45.96 	 978032.31
-62.9222 	 -0.9797 	 28.15 	 978002.65
-64.9958 	 -0.3803 	 45.96 	 978027.21
-64.6939 	 -7.4361 	 82.54 	 978085.77
-64.5889 	 -0.4422 	 23.77 	 978033.94
-64.0736 	 -0.2564 	 19.84 	 978037.63
-64.1058 	 -0.1344 	 19.93 	 978033.38
-64.0631 	 -0.125 	 20.94 	 978031.57
-64.0253 	 -0.0942 	 21.4 	 978028.62
-64.0792 	 -0.0031 	 19.07 	 978036.32
-64.1358 	 -0.0922 	 20.57 	 978031.84
-64.1847 	 -0.0881 	 20.94 	 978027.9
-64.2336 	 -0.0908 	 21.83 	 978026.16
-64.2781 	 -0.0831 	 21.89 	 978023.17
-63.9517 	 -0.3356 	 30.02 	 978038.34
-63.9961 	 -0.3242 	 20.03 	 978039.63
-64.0628 	 -0.37 	 20.5 	 978044.57
-58.2936 	 -6.4203 	 105.86 	 978075.44
-58.3464 	 -6.4503 	 119.4 	 978073.31
-58.3936 	 -6.4883 	 134.43 	 978063.72
-58.4528 	 -6.515 	 162.42 	 978057.94
-58.5739 	 -6.5553 	 144.19 	 978061.19
-58.6211 	 -6.6017 	 109.61 	 978069.92
-58.6806 	 -6.6275 	 112.2 	 978072.49
-59.8014 	 -7.1589 	 160.54 	 978049.84
-63.3583 	 -0.6058 	 25.99 	 978011.76
-62.5097 	 -1.175 	 31.86 	 978002.55
-61.9797 	 -1.3942 	 27.9 	 978031.61
-60.9253 	 -2.7989 	 44.29 	 978011.28
-60.9689 	 -2.865 	 48.83 	 978004.77
-60.9658 	 -2.9253 	 56.45 	 978007.17
-64.7236 	 -3.3792 	 54.26 	 978030.89
-64.7789 	 -3.3828 	 42.25 	 978032.79
-64.8319 	 -3.4328 	 43.89 	 978032.53
-64.9039 	 -3.4178 	 35.78 	 978036.24
-64.9481 	 -3.4747 	 46.75 	 978036.8
-64.9772 	 -3.5333 	 39.34 	 978041.85
-69.9389 	 -4.2508 	 97.86 	 978050.71
-69.9378 	 -4.3992 	 86.06 	 978051.34
-70.0303 	 -4.3814 	 100.94 	 978046.56
-60.0186 	 -3.0003 	 74.0 	 977999.33
-60.0353 	 -2.9964 	 48.94 	 978004.5
-60.0167 	 -2.9672 	 32.66 	 978009.32
-60.0336 	 -2.9542 	 68.14 	 978001.23
-60.0336 	 -2.9183 	 22.89 	 978010.33
-60.0389 	 -2.9092 	 69.04 	 977999.94
-60.0347 	 -2.8497 	 64.11 	 978000.36
-60.0344 	 -2.825 	 40.96 	 978004.69
-60.0372 	 -2.7994 	 75.79 	 977996.73
-62.3864 	 -1.1664 	 6.38 	 978008.57
-62.3125 	 -1.1792 	 5.86 	 978016.1
-62.2464 	 -1.2044 	 5.86 	 978026.58
-62.2703 	 -1.1392 	 6.72 	 978018.68
-62.205 	 -1.1675 	 5.41 	 978024.93
-62.1842 	 -1.2144 	 6.31 	 978030.26
-62.2203 	 -1.2664 	 5.38 	 978030.14
-62.2061 	 -1.3067 	 6.19 	 978030.02
-62.0261 	 -1.2989 	 6.45 	 978033.21
-62.09 	 -1.2869 	 5.17 	 978031.2
-62.1539 	 -1.2525 	 5.48 	 978028.19
-62.1183 	 -1.1811 	 5.68 	 978030.21
-60.6689 	 -7.5231 	 43.78 	 978086.73
-62.5897 	 -1.1233 	 7.22 	 978004.52
-62.4508 	 -1.1511 	 6.55 	 978006.88
-66.83 	 -9.7858 	 171.15 	 978156.65
-64.5006 	 -0.3836 	 22.93 	 978033.07
-64.455 	 -0.3625 	 22.57 	 978031.52
-64.4033 	 -0.3519 	 22.23 	 978030.85
-64.3489 	 -0.3392 	 21.58 	 978031.81
-64.2986 	 -0.3397 	 21.97 	 978032.53
-64.2408 	 -0.3467 	 20.86 	 978035.74
-64.18 	 -0.3231 	 20.69 	 978040.67
-64.7081 	 -0.4561 	 25.0 	 978030.75
-64.6436 	 -0.4392 	 24.3 	 978031.89
-63.0136 	 -7.4867 	 54.21 	 978131.19
-62.8611 	 -7.5594 	 56.36 	 978136.7
-62.7944 	 -7.57 	 74.68 	 978131.62
-63.8039 	 -0.2908 	 18.04 	 978036.15
-63.7553 	 -0.2722 	 17.5 	 978036.33
-63.7081 	 -0.2878 	 17.9 	 978036.59
-63.6592 	 -0.3222 	 17.82 	 978035.92
-63.6114 	 -0.3514 	 17.36 	 978036.15
-63.8294 	 -0.3553 	 18.4 	 978037.28
-63.7728 	 -0.3517 	 17.9 	 978036.65
-63.7236 	 -0.3703 	 17.79 	 978036.08
-63.6197 	 -0.4086 	 17.2 	 978034.67
-63.5394 	 -0.4081 	 16.44 	 978033.07
-63.5108 	 -0.4642 	 15.5 	 978028.19
-63.4244 	 -0.5194 	 14.3 	 978022.71
-63.3764 	 -0.5589 	 14.1 	 978018.63
-63.3086 	 -0.5539 	 14.06 	 978015.12
-63.2986 	 -0.6286 	 13.46 	 978009.6
-63.1883 	 -0.6694 	 12.12 	 978005.01
-63.1428 	 -0.6989 	 11.74 	 978003.98
-63.0814 	 -0.7744 	 10.67 	 978005.08
-63.2778 	 -0.4783 	 12.2 	 978018.3
-63.2422 	 -0.5103 	 12.15 	 978017.13
-63.1583 	 -0.5503 	 11.42 	 978015.33
-63.1058 	 -0.5792 	 10.94 	 978012.75
-63.4031 	 -0.5831 	 13.99 	 978018.94
-59.8939 	 -7.2025 	 134.39 	 978054.51
-59.8844 	 -7.2031 	 147.78 	 978051.5
-59.0414 	 -6.7931 	 36.01 	 978089.58
-62.3889 	 -7.7908 	 73.54 	 978096.09
-61.8347 	 -8.0153 	 96.5 	 978123.62
-62.0689 	 -1.2033 	 5.3 	 978028.75
-62.0239 	 -1.1375 	 4.09 	 978030.11
-62.1469 	 -1.3206 	 4.79 	 978031.14
-62.0342 	 -1.3719 	 4.59 	 978031.61
-61.9358 	 -1.3964 	 3.69 	 978034.22
-62.0028 	 -1.2583 	 4.48 	 978034.93
-61.5833 	 -1.4047 	 2.36 	 978020.52
-61.5822 	 -1.3447 	 1.06 	 978020.05
-61.5378 	 -1.4389 	 3.03 	 978016.7
-61.8053 	 -1.4061 	 3.09 	 978043.62
-61.7375 	 -1.4283 	 2.09 	 978039.87
-61.6889 	 -1.4517 	 2.12 	 978031.4
-61.5897 	 -1.4853 	 1.39 	 978023.17
-61.5628 	 -1.5294 	 1.21 	 978021.17
-61.5506 	 -1.575 	 0.77 	 978019.4
-60.4347 	 -3.2283 	 13.72 	 978011.21
-60.4333 	 -3.1678 	 7.52 	 978011.33
-60.3961 	 -3.155 	 10.97 	 978009.34
-60.6711 	 -3.2211 	 33.55 	 978009.48
-60.7183 	 -3.1822 	 41.13 	 978009.13
-60.5947 	 -3.2303 	 33.74 	 978007.1
-60.5325 	 -3.2361 	 35.38 	 978007.17
-60.65 	 -3.2636 	 39.37 	 978007.45
-60.7239 	 -3.1453 	 42.17 	 978009.18
-60.7644 	 -3.0989 	 52.02 	 978010.39
-60.86 	 -3.0511 	 71.31 	 978006.12
-60.89 	 -2.9947 	 52.25 	 978009.9
-60.9381 	 -2.6819 	 42.77 	 978006.66
-60.9431 	 -2.7439 	 47.54 	 978012.95
-65.4211 	 -0.2494 	 30.76 	 978027.43
-65.1911 	 -0.6206 	 29.15 	 978031.63
-65.1353 	 -0.6017 	 27.29 	 978033.81
-64.9939 	 -0.4839 	 27.51 	 978032.88
-65.1944 	 -0.3775 	 29.04 	 978028.31
-65.1864 	 -0.4128 	 28.28 	 978031.05
-65.0644 	 -0.4175 	 27.96 	 978031.47
-64.975 	 -0.4506 	 26.09 	 978032.31
-64.9172 	 -0.4506 	 26.53 	 978033.48
-64.8647 	 -0.4706 	 26.94 	 978033.7
-64.9614 	 -0.7233 	 29.56 	 978038.36
-64.9419 	 -0.6619 	 27.31 	 978040.94
-66.7928 	 -4.8158 	 73.76 	 978060.31
-66.7378 	 -4.7831 	 72.51 	 978060.34
-69.9089 	 -6.7003 	 141.92 	 978080.49
-69.9314 	 -6.7439 	 142.43 	 978081.7
-69.9981 	 -6.7658 	 143.07 	 978083.95
-70.0328 	 -6.7264 	 144.21 	 978083.63
-64.7644 	 -7.2986 	 79.54 	 978081.06
-65.8967 	 -0.2372 	 32.97 	 978029.71
-65.8033 	 -0.2403 	 31.88 	 978028.27
-63.5533 	 -7.4925 	 92.76 	 978104.44
-63.6819 	 -7.4967 	 72.43 	 978108.2
-63.7139 	 -7.4908 	 77.77 	 978108.6
-63.0819 	 -7.6836 	 64.08 	 978144.0
-63.1403 	 -7.7517 	 68.43 	 978145.67
-64.1306 	 -0.3717 	 18.07 	 978042.85
-64.1914 	 -0.3892 	 21.34 	 978039.85
-64.2425 	 -0.39 	 21.65 	 978037.33
-63.9436 	 -0.3594 	 19.23 	 978038.43
-64.1069 	 -0.2997 	 20.3 	 978038.92
-64.0119 	 -0.2544 	 19.42 	 978037.56
-63.97 	 -0.2725 	 19.37 	 978037.93
-63.9144 	 -0.2811 	 18.96 	 978037.15
-63.8547 	 -0.2922 	 18.53 	 978037.44
-63.1867 	 -7.8125 	 69.91 	 978147.24
-63.2333 	 -7.8511 	 84.02 	 978142.01
-63.3378 	 -7.9339 	 80.92 	 978141.42
-63.1689 	 -7.5922 	 67.27 	 978118.51
-63.24 	 -7.5814 	 81.11 	 978110.75
-63.2333 	 -7.4658 	 72.13 	 978101.68
-63.2025 	 -7.3819 	 61.45 	 978097.14
-63.155 	 -7.2567 	 62.49 	 978084.11
-63.0628 	 -6.8733 	 55.46 	 978075.53
-67.2861 	 -9.2425 	 198.63 	 978132.65
-67.2886 	 -9.1789 	 187.3 	 978131.35
-67.2786 	 -9.1175 	 184.28 	 978129.09
-67.2106 	 -8.9994 	 180.19 	 978126.25
-67.4128 	 -8.7536 	 124.39 	 978119.52
-67.3364 	 -8.7733 	 128.62 	 978121.67
-67.3039 	 -8.8253 	 136.75 	 978128.28
-67.2772 	 -8.8919 	 142.13 	 978130.82
-67.2503 	 -8.945 	 146.63 	 978133.05
-63.5122 	 -0.5364 	 15.47 	 978025.31
-63.5522 	 -0.5061 	 15.45 	 978028.08
-63.3272 	 -0.6061 	 24.28 	 978012.99
-63.0492 	 -0.6836 	 10.94 	 978004.77
-63.0808 	 -0.6092 	 10.96 	 978009.13
-62.9958 	 -0.6928 	 10.48 	 978004.7
-63.1433 	 -0.7711 	 10.96 	 978004.45
-63.2303 	 -0.7942 	 12.26 	 978010.65
-63.2722 	 -0.8097 	 12.31 	 978003.36
-63.3075 	 -0.8547 	 12.98 	 978005.3
-62.9233 	 -0.6353 	 10.89 	 978010.07
-62.8678 	 -0.6383 	 11.25 	 978015.38
-62.8908 	 -0.5717 	 12.1 	 978014.35
-62.9078 	 -0.4236 	 12.96 	 978021.74
-63.0061 	 -0.8572 	 10.11 	 978007.46
-63.0431 	 -0.8094 	 10.27 	 978005.57
-63.0322 	 -0.7458 	 10.66 	 978002.08
-62.9939 	 -0.7781 	 10.38 	 978001.63
-62.9778 	 -0.8886 	 9.74 	 978012.52
-62.9508 	 -0.9303 	 9.81 	 978009.77
-67.3217 	 -9.5867 	 198.51 	 978173.79
-67.2906 	 -9.5206 	 196.4 	 978163.98
-67.2919 	 -9.4378 	 195.3 	 978154.05
-67.2969 	 -9.3611 	 194.75 	 978143.73
-67.3069 	 -9.3172 	 209.62 	 978139.58
-64.9319 	 -0.6 	 26.57 	 978037.64
-65.4681 	 -0.5478 	 31.79 	 978032.97
-65.4067 	 -0.5553 	 30.06 	 978029.93
-65.3347 	 -0.5367 	 30.66 	 978029.22
-65.1792 	 -0.5361 	 28.68 	 978030.81
-64.8594 	 -0.5256 	 25.84 	 978034.71
-64.82 	 -0.5594 	 26.01 	 978037.18
-64.8111 	 -0.6531 	 26.66 	 978040.57
-64.7978 	 -0.7042 	 27.02 	 978041.25
-64.8058 	 -0.4767 	 25.1 	 978031.79
-64.7556 	 -0.4661 	 24.45 	 978031.14
-65.0344 	 -0.5239 	 27.29 	 978032.78
-65.1031 	 -0.5006 	 28.22 	 978033.18
-65.1542 	 -0.4656 	 28.09 	 978031.08
-64.5728 	 -0.4606 	 24.37 	 978034.32
-64.5183 	 -0.4428 	 23.5 	 978037.13
-64.4689 	 -0.4247 	 22.84 	 978034.36
-64.4086 	 -0.4283 	 23.01 	 978034.25
-64.3658 	 -0.4017 	 22.76 	 978033.35
-64.3147 	 -0.4269 	 22.29 	 978034.96
-64.2675 	 -0.4114 	 22.25 	 978037.49
-65.7056 	 -0.2981 	 31.65 	 978031.22
-65.6394 	 -0.2953 	 30.41 	 978026.39
-65.3447 	 -0.3461 	 28.68 	 978025.34
-65.2303 	 -0.4011 	 27.76 	 978029.58
-65.1797 	 -0.4122 	 27.36 	 978031.42
-65.1231 	 -0.4183 	 26.42 	 978031.28
-65.4919 	 -0.2811 	 32.0 	 978025.68
-65.4281 	 -0.2939 	 29.11 	 978028.09
-66.6361 	 0.3403 	 92.14 	 978012.92
-66.9339 	 -0.0003 	 88.86 	 978004.73
-66.7836 	 -0.2142 	 94.01 	 978015.72
-66.7269 	 -0.2328 	 85.9 	 978015.55
-66.6564 	 -0.2375 	 72.44 	 978022.71
-66.6056 	 -0.5664 	 87.96 	 978009.98
-66.5983 	 0.6528 	 100.76 	 978004.98
-66.6333 	 0.7219 	 95.6 	 977996.41
-66.6694 	 0.7981 	 94.84 	 978002.5
-66.6136 	 -0.4756 	 93.12 	 978004.25
-66.8375 	 1.19 	 82.15 	 978014.87
-66.7833 	 1.0906 	 84.44 	 978023.91
-66.7064 	 0.9394 	 81.59 	 978019.45
-66.6964 	 0.8564 	 100.05 	 978006.63
-66.9717 	 -0.1792 	 50.64 	 978017.66
-67.0197 	 -0.1883 	 52.43 	 978019.56
-67.0722 	 -0.1442 	 55.05 	 978019.55
-66.8281 	 -0.2172 	 41.83 	 978016.7
-66.8728 	 -0.2489 	 44.7 	 978018.94
-66.9369 	 -0.2583 	 42.59 	 978018.53
-67.0128 	 -0.2458 	 45.85 	 978019.66
-66.4072 	 -0.4222 	 54.6 	 978018.26
-63.7411 	 -8.1389 	 87.89 	 978135.44
-63.78 	 -8.1522 	 90.25 	 978133.8
-62.9428 	 -0.7731 	 10.28 	 978005.96
-62.8933 	 -0.8019 	 10.14 	 978007.73
-62.8425 	 -0.8372 	 9.51 	 978010.67
-62.8103 	 -0.8683 	 9.33 	 978009.53
-62.7756 	 -0.9033 	 8.86 	 978010.21
-62.7033 	 -0.9219 	 8.72 	 978010.5
-62.6492 	 -0.9539 	 7.96 	 978006.37
-62.8361 	 -0.9131 	 9.48 	 978008.15
-62.7222 	 -0.9806 	 8.47 	 978009.38
-62.6378 	 -0.9847 	 8.04 	 978004.59
-62.6261 	 -1.0364 	 7.73 	 978004.25
-62.8786 	 -0.9936 	 9.02 	 978005.36
-62.8242 	 -1.0431 	 8.8 	 978006.05
-62.7608 	 -1.0231 	 8.54 	 978015.23
-62.8044 	 -0.9886 	 8.53 	 978008.68
-62.8864 	 -0.8864 	 9.61 	 978007.62
-62.4611 	 -1.1903 	 6.69 	 978007.14
-62.4044 	 -1.1967 	 6.01 	 978009.35
-62.3483 	 -1.2297 	 6.31 	 978012.96
-62.2867 	 -1.24 	 5.49 	 978022.74
-62.5419 	 -0.9919 	 7.09 	 978005.85
-62.5139 	 -1.0417 	 6.87 	 978004.71
-62.4547 	 -1.0583 	 6.6 	 978007.31
-62.4164 	 -1.0994 	 6.37 	 978008.27
-62.3747 	 -1.1283 	 6.24 	 978010.07
-62.3156 	 -1.1486 	 6.24 	 978014.65
-62.5553 	 -1.1436 	 7.09 	 978005.29
-62.7681 	 -1.0614 	 8.46 	 978011.39
-62.7022 	 -1.0281 	 7.64 	 978007.09
-62.7269 	 -1.0956 	 8.51 	 978007.2
-62.5439 	 -7.7067 	 73.72 	 978110.8
-62.595 	 -7.6669 	 71.71 	 978124.0
-61.8031 	 -8.1608 	 122.01 	 978135.88
-61.7606 	 -8.1958 	 108.99 	 978141.69
-61.7603 	 -8.3111 	 105.67 	 978140.19
-61.7556 	 -8.3492 	 102.81 	 978137.3
-61.7886 	 -8.4017 	 106.25 	 978130.45
-61.6564 	 -8.4786 	 115.49 	 978139.93
-61.6164 	 -8.5181 	 124.97 	 978137.09
-61.5592 	 -8.5014 	 138.29 	 978128.62
-61.5011 	 -8.51 	 138.76 	 978114.02
-61.4514 	 -8.5422 	 162.02 	 978100.39
-61.7531 	 -8.4347 	 90.63 	 978137.04
-62.2939 	 -7.8353 	 72.29 	 978095.08
-59.6014 	 -4.405 	 25.76 	 978070.34
-60.9906 	 -2.5614 	 3.07 	 978006.63
-61.0564 	 -2.5089 	 3.4 	 978007.42
-61.0769 	 -2.425 	 3.59 	 978010.69
-61.0783 	 -2.3444 	 3.29 	 978011.06
-61.0872 	 -2.2725 	 3.9 	 978015.42
-61.1225 	 -2.1967 	 4.46 	 978020.23
-61.2317 	 -2.0767 	 4.91 	 978015.54
-61.4464 	 -1.9047 	 7.75 	 978017.81
-61.5467 	 -1.6742 	 5.75 	 978018.35
-61.5317 	 -1.67 	 5.0 	 978017.89
-61.4903 	 -1.7044 	 2.79 	 978017.86
-61.4931 	 -1.8322 	 4.49 	 978017.58
-61.3731 	 -1.8653 	 4.42 	 978015.88
-61.3836 	 -1.9283 	 4.74 	 978018.21
-66.9344 	 -0.1475 	 58.95 	 978013.53
-66.5717 	 -0.3519 	 37.4 	 978022.75
-66.4889 	 -0.3714 	 36.57 	 978020.44
-66.22 	 -0.3206 	 36.91 	 978025.23
-66.2622 	 -0.3772 	 38.08 	 978022.82
-66.3289 	 -0.4172 	 39.49 	 978023.83
-66.6958 	 -0.2544 	 40.44 	 978022.34
-61.0342 	 -7.7069 	 85.88 	 978114.8
-66.4581 	 -0.4678 	 39.38 	 978020.28
-66.71 	 -0.6331 	 42.38 	 978023.42
-66.6525 	 -0.6036 	 42.61 	 978023.92
-66.6028 	 -0.5628 	 37.25 	 978026.73
-66.5522 	 -0.5225 	 36.48 	 978027.8
-66.1708 	 -0.29 	 36.55 	 978027.62
-66.0519 	 -0.2981 	 35.59 	 978032.48
-65.9592 	 -0.3031 	 34.8 	 978027.05
-65.9067 	 -0.305 	 33.99 	 978026.78
-66.9939 	 -0.1519 	 85.57 	 978012.19
-67.0258 	 -0.1117 	 80.83 	 978011.89
-66.9661 	 -0.0525 	 89.14 	 978001.99
-66.8517 	 0.0547 	 88.85 	 978004.16
-66.6475 	 0.3914 	 80.16 	 978016.05
-60.4703 	 -1.0597 	 41.47 	 978032.85
-63.7131 	 -8.1256 	 89.41 	 978137.81
-63.1472 	 -7.1919 	 62.51 	 978079.88
-63.0803 	 -6.9269 	 61.54 	 978076.83
-62.9067 	 -7.4933 	 57.64 	 978136.39
-62.2567 	 -1.3128 	 5.94 	 978026.09
-62.0456 	 -1.255 	 5.57 	 978033.2
-61.9672 	 -1.2467 	 4.31 	 978031.66
-62.0889 	 -1.3406 	 5.18 	 978031.45
-61.8672 	 -1.4144 	 3.76 	 978040.95
-61.9625 	 -1.34 	 4.28 	 978034.06
-60.3569 	 -3.1414 	 16.66 	 978007.77
-61.4528 	 -1.7647 	 1.1 	 978015.28
-61.0778 	 -2.345 	 3.59 	 978011.14
-60.8956 	 -2.6658 	 3.48 	 978014.98
-60.0617 	 -2.3281 	 95.29 	 978018.41
-60.0231 	 -2.2236 	 98.34 	 978006.33
-63.135 	 -4.1319 	 38.78 	 977995.36
-62.9986 	 -4.0181 	 18.87 	 978002.36
-69.88 	 -6.6667 	 148.21 	 978077.26
-69.8281 	 -6.6983 	 142.09 	 978077.39
-61.1697 	 -2.1236 	 4.13 	 978021.32
-61.3153 	 -1.9583 	 4.97 	 978015.85
-61.2706 	 -1.9894 	 4.68 	 978017.1
-61.2186 	 -2.0767 	 4.6 	 978015.6
-60.7706 	 -2.5508 	 6.46 	 978008.73
-60.7025 	 -2.615 	 7.89 	 978008.72
-60.8508 	 -2.7067 	 3.5 	 978016.74
-60.7881 	 -2.7569 	 3.29 	 978011.92
-60.7525 	 -2.8233 	 2.9 	 978011.97
-57.7236 	 -3.3742 	 9.18 	 978083.51
-57.7242 	 -3.45 	 0.62 	 978090.05
-57.6953 	 -3.4967 	 0.34 	 978094.55
-57.6756 	 -3.5372 	 0.52 	 978097.16
-57.7272 	 -3.3489 	 0.22 	 978083.01
-56.77 	 -2.6692 	 9.06 	 978057.04
-56.7339 	 -2.6236 	 3.53 	 978059.94
-61.3433 	 -7.8558 	 71.04 	 978110.41
-61.8628 	 -8.0519 	 106.75 	 978122.65
-61.8478 	 -8.1153 	 95.09 	 978134.95
-62.8553 	 -0.9575 	 9.22 	 978009.2
-62.5758 	 -1.0358 	 7.05 	 978005.69
-62.4867 	 -1.1222 	 6.78 	 978005.83
-59.9519 	 -7.2331 	 116.28 	 978060.3
-60.8186 	 -3.0903 	 48.36 	 978011.68
-60.9397 	 -2.9686 	 24.7 	 978015.75
-64.7792 	 -3.3019 	 35.79 	 978032.52
-60.035 	 -2.8786 	 60.07 	 978001.02
-60.0464 	 -2.6814 	 80.65 	 977999.64
-60.0364 	 -2.5114 	 84.87 	 978006.22
-60.0444 	 -2.3044 	 116.85 	 978008.99
-66.0147 	 -0.3092 	 56.48 	 978024.88
-60.8364 	 -2.5358 	 0.96 	 978008.2
-66.9131 	 0.0075 	 96.58 	 978000.55
-66.1122 	 -0.2881 	 35.51 	 978031.22
-65.7506 	 -0.2658 	 29.71 	 978023.35
-65.2781 	 -0.3792 	 27.08 	 978027.96
-65.5556 	 -0.2825 	 29.91 	 978024.52
-65.0203 	 -0.4164 	 41.94 	 978031.36
-65.0408 	 -0.5244 	 26.91 	 978032.88
-65.1225 	 -0.4181 	 28.52 	 978031.24
-64.9289 	 -0.5278 	 26.22 	 978036.47
-65.2558 	 -0.5497 	 29.09 	 978030.13
-64.8142 	 -0.6047 	 25.48 	 978037.81
-64.9958 	 -0.3731 	 45.95 	 978027.05
-64.9506 	 -0.5181 	 26.06 	 978035.61
-63.5661 	 -0.3781 	 17.24 	 978035.28
-63.4703 	 -0.4936 	 14.99 	 978024.32
-63.2586 	 -0.5597 	 13.07 	 978012.98
-63.1131 	 -0.7408 	 11.16 	 978004.15
-63.1983 	 -0.5267 	 11.79 	 978016.86
-63.4617 	 -0.5708 	 14.93 	 978020.12
-63.1067 	 -0.6611 	 11.57 	 978005.21
-62.9181 	 -0.6994 	 10.61 	 978008.83
-62.9 	 -0.5047 	 12.29 	 978017.54
-63.0789 	 -0.7203 	 11.18 	 978002.88
-62.9767 	 -0.8264 	 10.24 	 978008.63
-58.5186 	 -6.52 	 195.11 	 978048.92
-61.7606 	 -8.2547 	 103.0 	 978143.06
-61.7094 	 -8.4525 	 110.11 	 978137.2
-60.705 	 -2.885 	 3.08 	 978015.76
-57.7464 	 -3.4075 	 -0.01 	 978084.73
-60.0458 	 -1.9664 	 150.21 	 977996.75
-60.0803 	 -1.8683 	 163.31 	 977993.8
-60.18 	 -1.6814 	 75.3 	 978016.74
-60.2292 	 -1.5819 	 63.84 	 978016.16
-60.2797 	 -1.4906 	 55.55 	 978018.82
-60.3797 	 -1.3506 	 65.97 	 978027.07
-60.2972 	 -1.445 	 53.7 	 978021.69
-60.4122 	 -1.2433 	 42.84 	 978031.89
-60.4444 	 -1.1447 	 57.95 	 978031.2
-56.9468 	 -2.4096 	 83.02 	 978563.16
-60.8222 	 -4.222 	 20.66 	 978059.32
-60.8066 	 -4.1807 	 20.6 	 978057.78
-60.7735 	 -4.15 	 23.23 	 978059.46
-60.6984 	 -4.094 	 24.85 	 978063.11
-60.6661 	 -4.0698 	 24.8 	 978065.61
-60.6141 	 -4.0314 	 25.48 	 978066.14
-66.7253 	 1.0333 	 83.44 	 978025.24
-65.0786 	 -0.5697 	 27.39 	 978033.39
-63.2389 	 -0.6439 	 12.52 	 978008.3
-62.6628 	 -1.1125 	 7.96 	 978005.06
-62.1011 	 -1.2336 	 5.27 	 978030.12
-61.6844 	 -1.6406 	 5.72 	 978030.31
-63.0727 	 -6.9073 	 55.6 	 978077.07
-63.0969 	 -6.9819 	 55.38 	 978076.92
-67.2381 	 -9.0561 	 177.43 	 978128.46
-63.7408 	 -7.4861 	 80.16 	 978107.87
-60.0053 	 -2.0861 	 77.42 	 978008.59
-60.9844 	 -7.6886 	 91.31 	 978103.62
-62.7806 	 -0.9439 	 8.77 	 978012.0
-65.8636 	 -0.2633 	 32.54 	 978028.03
-62.61 	 -1.0828 	 7.33 	 978004.81
-60.0447 	 -1.9417 	 163.83 	 977995.91
-60.8225 	 -7.6381 	 61.1 	 978090.51
-65.9133 	 -0.1953 	 33.65 	 978026.26
-64.9775 	 -0.7803 	 30.29 	 978038.98
-63.6719 	 -0.3822 	 17.1 	 978034.8
-63.1878 	 -0.7631 	 11.41 	 978007.12
-63.0278 	 -4.0578 	 19.96 	 978000.88
-63.3886 	 -7.9758 	 81.55 	 978142.73
-63.2558 	 -7.5256 	 73.59 	 978105.96
-62.6867 	 -7.6178 	 75.97 	 978134.89
-66.8669 	 -0.1619 	 42.26 	 978015.52
-66.6408 	 -0.3275 	 36.78 	 978024.83
-66.7581 	 -0.2125 	 43.14 	 978018.34
-66.4881 	 -0.4853 	 38.88 	 978025.02
-64.7736 	 -0.4222 	 25.1 	 978031.88
-64.0144 	 -0.0392 	 19.65 	 978027.16
-64.055 	 -0.3217 	 20.25 	 978041.68
-63.8817 	 -0.3572 	 19.29 	 978037.5
-64.7383 	 -7.3597 	 79.24 	 978079.11
-63.2853 	 -7.8908 	 85.05 	 978139.62
-62.4353 	 -7.7731 	 82.35 	 978095.97
-63.0971 	 -6.9819 	 56.13 	 978076.9
-63.2858 	 -7.8904 	 81.52 	 978139.68
-63.2882 	 -7.8467 	 75.29 	 978137.5
-63.2888 	 -7.8025 	 77.92 	 978131.38
-63.256 	 -7.8724 	 81.7 	 978141.69
-63.2426 	 -7.9121 	 83.54 	 978144.71
-63.2099 	 -7.9519 	 84.62 	 978148.63
-63.0551 	 -7.4968 	 63.99 	 978123.54
-63.0358 	 -7.452 	 59.47 	 978118.98
-61.7606 	 -5.1496 	 40.48 	 978057.91
-62.2259 	 -5.6529 	 49.45 	 978049.98
-62.6906 	 -6.2312 	 54.29 	 978046.04
-61.3105 	 -4.7525 	 28.56 	 978030.25
-61.3277 	 -4.7705 	 33.15 	 978030.31
-61.3458 	 -4.7878 	 43.77 	 978031.56
-61.3619 	 -4.8021 	 35.24 	 978031.81
-61.3813 	 -4.8195 	 30.51 	 978034.44
-61.501 	 -4.9229 	 35.11 	 978042.54
-61.9045 	 -5.2579 	 34.57 	 978055.93
-61.9383 	 -5.241 	 43.31 	 978053.25
-61.9791 	 -5.3093 	 40.33 	 978049.59
-62.0194 	 -5.332 	 44.34 	 978043.44
-62.0461 	 -5.3683 	 46.84 	 978040.49
-62.0729 	 -5.4046 	 46.29 	 978037.3
-62.0955 	 -5.4448 	 39.39 	 978036.92
-62.1154 	 -5.4884 	 44.5 	 978038.57
-62.1444 	 -5.5307 	 46.16 	 978041.52
-62.1734 	 -5.5713 	 49.46 	 978043.21
-62.1972 	 -5.6092 	 45.55 	 978049.37
-62.2491 	 -5.692 	 52.09 	 978050.94
-62.273 	 -5.73 	 54.29 	 978051.96
-62.2982 	 -5.7685 	 52.33 	 978052.39
-62.3238 	 -5.8063 	 50.61 	 978051.59
-60.4557 	 -3.9129 	 20.31 	 978060.87
-60.3845 	 -3.8521 	 16.59 	 978049.05
-60.355 	 -3.8213 	 18.57 	 978042.75
-60.2944 	 -3.7546 	 19.89 	 978031.3
-60.3162 	 -3.7977 	 18.83 	 978038.42
-60.2767 	 -3.7142 	 16.29 	 978025.33
-60.2651 	 -3.6647 	 15.39 	 978020.01
-60.459 	 -3.427 	 15.26 	 978013.94
-60.4534 	 -3.4789 	 16.1 	 978015.21
-60.4198 	 -3.5199 	 17.78 	 978014.96
-60.414 	 -3.5755 	 19.61 	 978015.66
-60.3853 	 -3.6246 	 18.08 	 978017.64
-60.3552 	 -3.6716 	 18.95 	 978020.01
-60.3269 	 -3.7176 	 18.8 	 978024.77
-61.2767 	 -4.6749 	 28.64 	 978029.35
-61.2514 	 -4.6323 	 32.79 	 978029.62
-61.2197 	 -4.5978 	 29.94 	 978032.37
-61.1934 	 -4.5708 	 28.51 	 978036.31
-61.1635 	 -4.5416 	 28.15 	 978036.29
-61.1275 	 -4.5142 	 30.33 	 978035.78
-61.0943 	 -4.489 	 29.17 	 978035.38
-61.0562 	 -4.4597 	 29.7 	 978035.21
-61.0187 	 -4.4317 	 28.68 	 978038.44
-60.9842 	 -4.4017 	 25.28 	 978043.53
-60.953 	 -4.3734 	 29.69 	 978044.84
-60.9183 	 -4.3428 	 26.16 	 978049.5
-60.8848 	 -4.3134 	 24.11 	 978053.49
-60.8558 	 -4.2876 	 26.38 	 978057.13
-60.8378 	 -4.2572 	 20.98 	 978059.08
-62.9142 	 -0.8336 	 9.28 	 978006.43
-61.6239 	 -1.6653 	 5.54 	 978028.38
-61.5363 	 -4.9508 	 33.62 	 978042.75
-61.5684 	 -4.9764 	 35.27 	 978039.52
-61.6049 	 -5.0098 	 39.69 	 978043.2
-61.6437 	 -5.0454 	 41.19 	 978049.56
-61.6688 	 -5.0683 	 42.54 	 978051.05
-61.7016 	 -5.0982 	 41.74 	 978052.25
-61.7323 	 -5.1245 	 39.62 	 978056.36
-61.7981 	 -5.1761 	 43.22 	 978057.47
-61.8357 	 -5.1998 	 41.17 	 978055.86
-61.8718 	 -5.2259 	 36.35 	 978054.16
-62.3551 	 -5.8415 	 50.38 	 978051.15
-62.3874 	 -5.876 	 54.05 	 978047.5
-62.4185 	 -5.9095 	 50.43 	 978046.97
-62.4504 	 -5.9403 	 54.17 	 978044.53
-62.4873 	 -5.9676 	 53.54 	 978045.86
-62.5147 	 -6.0094 	 54.16 	 978046.16
-62.5381 	 -6.0477 	 51.42 	 978047.75
-62.5632 	 -6.0881 	 52.4 	 978046.27
-62.5921 	 -6.1244 	 55.71 	 978045.89
-62.6238 	 -6.1622 	 56.04 	 978044.9
-62.6534 	 -6.1967 	 56.67 	 978043.42
-62.7075 	 -6.2464 	 59.43 	 978046.72
-62.7451 	 -6.2807 	 60.9 	 978052.77
-62.7977 	 -6.3612 	 59.12 	 978060.33
-62.8318 	 -6.3928 	 55.67 	 978064.68
-62.8612 	 -6.4265 	 43.48 	 978069.12
-62.8857 	 -6.4653 	 56.5 	 978065.69
-62.9106 	 -6.5037 	 62.02 	 978065.02
-62.9384 	 -6.5396 	 58.55 	 978067.26
-62.9505 	 -6.5866 	 64.37 	 978070.05
-62.9596 	 -6.6321 	 65.24 	 978070.78
-62.9673 	 -6.6743 	 52.46 	 978073.22
-63.0722 	 -6.902 	 55.42 	 978077.05
-63.0128 	 -6.7875 	 52.5 	 978071.28
-62.9959 	 -6.7493 	 51.77 	 978070.97
-62.9802 	 -6.7118 	 53.73 	 978070.46
-63.8693 	 -7.4798 	 81.03 	 978110.53
-63.9153 	 -7.4772 	 83.45 	 978112.57
-63.9628 	 -7.4767 	 84.7 	 978112.33
-64.0109 	 -7.4763 	 83.58 	 978113.93
-64.0556 	 -7.4762 	 76.86 	 978117.69
-64.1023 	 -7.4704 	 83.03 	 978114.88
-64.1485 	 -7.4694 	 79.03 	 978117.65
-64.1945 	 -7.4644 	 78.22 	 978114.35
-64.2438 	 -7.4655 	 65.2 	 978111.59
-64.6459 	 -7.4532 	 69.95 	 978087.47
-64.6471 	 -7.4531 	 75.7 	 978088.83
-64.5473 	 -7.4611 	 80.71 	 978088.34
-64.4973 	 -7.4683 	 69.22 	 978095.46
-64.451 	 -7.4644 	 83.03 	 978098.71
-64.3999 	 -7.4706 	 81.6 	 978097.06
-64.348 	 -7.4768 	 86.43 	 978096.92
-64.295 	 -7.4832 	 80.15 	 978102.58
-62.9871 	 1.979414 	 301.15 	 977959.61
-58.8673 	 -6.699544 	 129.02 	 978072.8
-59.24768 	 -6.888309 	 120.535 	 978069.26
-65.39484 	 -0.3347006 	 40.099 	 978022.46
-64.79905 	 -7.260942 	 73.528 	 978085.51
-63.07759 	 -7.550305 	 66.353 	 978128.61
-62.92654 	 -0.9688174 	 24.756 	 978003.65
-66.80128 	 0.1576663 	 76.238 	 978017.54
-63.02078 	 -7.506176 	 64.242 	 978131.35
-63.93122 	 -8.251271 	 91.095 	 978127.96
-66.87125 	 -0.1505338 	 52.473 	 978012.85
-66.40748 	 -0.4224824 	 47.74 	 978018.17
-66.01444 	 -0.3086318 	 49.244 	 978024.77
-60.94709 	 -2.619976 	 23.511 	 978004.22
-60.62797 	 -3.295363 	 33.374 	 978009.27
-60.24115 	 -3.621365 	 18.728 	 978015.63
-61.29333 	 -4.713176 	 17.274 	 978032.1
-61.01841 	 -4.431417 	 29.921 	 978038.35
-61.43693 	 -4.881803 	 33.797 	 978037.25
-62.77205 	 -6.323996 	 60.473 	 978059.34
-63.0808 	 -6.928913 	 55.022 	 978076.76
