        generated_by     ICGEM (hosted at GFZ-Potsdam)
     generating_date     2019/08/30
----------------------------------------------------------------------
           modelname     EIGEN-6C4
     max_used_degree          2190
----------------------------------------------------------------------
         tide_system     tide_free
    zero_degree_term     included
----------------------------------------------------------------------
          refsysname     WGS84
   max_degree_refpot             8
            gmrefpot      3.98600441800E+14[m**3/s**2]
        radiusrefpot     6378137.000 m
          flatrefpot      3.352810664747480E-03   (1/298.25722356300)
         omegarefpot      7.29211500000E-05 1/s
----------------------------------------------------------------------
    number_of_points           149
      latlimit_north       3.8286240000000    
      latlimit_south     -0.82196780000000    
      longlimit_west      -52.515660000000    
      longlimit_east      -50.697500000000    
----------------------------------------------------------------------
description of columns -----------------------------------------------
 1 identifier (from input)
 2 longitude  (from input)    [degree]
 3 latitude   (from input)    [degree]
 4 h_over_ell (from input)     [meter]
 -------------------------------------
 5 gravity                      [mGal]  gravity(h)                        
----------------------------------------------------------------------

end_of_head ================================================================
1            -51.08530000    0.08770000 -7.730000E+00  9.780366650433E+05
2            -51.06630000    0.07790000 -4.940000E+00  9.780380838877E+05
3            -51.16970000    0.22860000  2.057000E+01  9.780247035375E+05
4            -51.18740000    0.23180000 -9.900000E-01  9.780317932043E+05
5            -51.20330000    0.22400000 -1.069000E+01  9.780355517320E+05
6            -51.22990000    0.22490000 -6.400000E+00  9.780357579450E+05
7            -51.28840000    0.23660000  4.070000E+00  9.780344525828E+05
8            -51.27090000    0.17950000 -1.020000E+00  9.780374130303E+05
9            -51.30480000    0.23680000  1.474000E+01  9.780313737699E+05
10           -51.32270000    0.23660000 -6.830000E+00  9.780381808995E+05
11           -51.37630000    0.21580000  2.150000E+00  9.780360131074E+05
12           -51.41830000    0.07930000  7.850000E+00  9.780362957729E+05
13           -51.40140000    0.09300000  6.740000E+00  9.780382103558E+05
14           -51.38050000    0.12800000  7.590000E+00  9.780380164086E+05
15           -51.38100000    0.15240000  1.155000E+01  9.780354291998E+05
16           -51.42430000    0.22730000  1.330000E+01  9.780326072758E+05
17           -51.46750000    0.21450000 -1.084000E+01  9.780386780073E+05
18           -51.48770000    0.19500000 -3.660000E+00  9.780349248651E+05
19           -51.57640000    0.15080000 -2.071000E+01  9.780361142846E+05
20           -51.89480000    0.14620000 -7.040000E+00  9.780224378768E+05
21           -51.62310000    0.10280000  8.910000E+00  9.780278035751E+05
22           -51.63300000    0.08550000 -3.840000E+00  9.780317229762E+05
23           -51.63380000    0.07520000  4.950000E+00  9.780288252591E+05
24           -51.63700000    0.05560000  1.275000E+01  9.780259693940E+05
25           -51.63620000    0.01040000  8.860000E+00  9.780256683396E+05
26           -51.61880000   -0.00100000 -7.540000E+00  9.780303176344E+05
27           -51.62170000   -0.02400000  9.450000E+00  9.780243359186E+05
28           -51.62210000   -0.04440000  5.450000E+00  9.780251520498E+05
29           -51.59420000   -0.05110000  6.800000E-01  9.780271292453E+05
30           -51.57240000   -0.04530000 -5.760000E+00  9.780295261504E+05
31           -51.55480000   -0.05730000  3.020000E+00  9.780273791832E+05
32           -51.53640000   -0.06860000 -2.180000E+00  9.780298155970E+05
33           -51.51400000   -0.08180000  2.980000E+00  9.780295749531E+05
34           -51.49020000   -0.06950000 -4.560000E+00  9.780332837358E+05
35           -51.47340000   -0.06640000 -8.180000E+00  9.780360529007E+05
36           -51.44350000   -0.05390000 -7.000000E-02  9.780370426763E+05
37           -51.93210000   -0.08070000 -4.680000E+00  9.780167567301E+05
38           -51.83410000   -0.08960000 -3.480000E+00  9.780234125258E+05
39           -51.55900000   -0.10070000 -1.295000E+01  9.780338056591E+05
40           -51.41330000   -0.12460000 -1.730000E+00  9.780385780621E+05
41           -51.41370000   -0.12370000 -3.870000E+00  9.780392688159E+05
42           -51.33550000   -0.13320000 -5.370000E+00  9.780391270400E+05
43           -51.36810000   -0.14670000 -7.040000E+00  9.780397427927E+05
44           -51.39150000   -0.16160000 -1.262000E+01  9.780402507715E+05
45           -51.41100000   -0.17470000 -1.780000E+01  9.780401754228E+05
46           -51.43740000   -0.20590000 -1.413000E+01  9.780359410772E+05
47           -51.43130000   -0.22130000 -1.436000E+01  9.780351657112E+05
48           -51.02990000    0.42810000  1.074000E+01  9.780362682113E+05
49           -51.01240000    0.40670000  1.014000E+01  9.780377666997E+05
50           -50.99950000    0.38420000  3.360000E+00  9.780404027882E+05
51           -50.99600000    0.32550000  3.160000E+00  9.780425605609E+05
52           -50.98580000    0.29890000 -3.130000E+00  9.780478504912E+05
53           -50.93520000    0.31090000 -1.522000E+01  9.780547904368E+05
54           -50.93540000    0.31010000 -1.591000E+01  9.780551404602E+05
55           -51.00910000    0.48300000  1.661000E+01  9.780304533520E+05
56           -50.96240000    0.50120000  5.900000E-01  9.780312943820E+05
57           -50.92220000    0.52920000 -9.450000E+00  9.780289629454E+05
58           -50.90210000    0.55050000 -3.260000E+00  9.780251794275E+05
59           -50.86490000    0.57840000 -2.240000E+00  9.780231885450E+05
60           -50.84050000    0.57220000 -7.120000E+00  9.780224855230E+05
61           -50.81480000    0.57370000 -5.940000E+00  9.780201263090E+05
62           -50.77510000    0.57840000 -1.043000E+01  9.780197762076E+05
63           -50.71740000    0.58920000 -1.463000E+01  9.780241430456E+05
64           -50.69930000    0.60460000 -1.484000E+01  9.780268577535E+05
65           -50.69810000    0.60650000 -1.715000E+01  9.780278097729E+05
66           -50.69750000    0.60670000 -1.653000E+01  9.780276887150E+05
67           -51.05750000    0.09970000 -5.760000E+00  9.780396057948E+05
68           -51.04750000    0.13640000 -1.330000E+01  9.780438119944E+05
69           -51.05250000    0.13420000 -9.520000E+00  9.780418805380E+05
70           -51.04890000    0.41380000  1.003000E+01  9.780363882214E+05
71           -51.06200000    0.39010000  1.303000E+01  9.780354792502E+05
72           -51.07410000    0.37290000  9.370000E+00  9.780361678228E+05
73           -51.08460000    0.30220000  7.310000E+00  9.780351807637E+05
74           -51.07160000    0.24430000  5.630000E+00  9.780366801409E+05
75           -51.04730000    0.22740000 -3.200000E+00  9.780429616307E+05
76           -51.01990000    0.22890000 -1.050000E+00  9.780468627949E+05
77           -50.99150000    0.23430000 -1.990000E+00  9.780521257052E+05
78           -50.91430000    0.26900000 -1.161000E+01  9.780629050774E+05
79           -51.08630000    0.25750000  2.150000E+00  9.780360278273E+05
80           -51.11720000    0.20320000 -1.600000E-01  9.780324420734E+05
81           -51.12440000    0.17720000 -3.000000E-01  9.780312671874E+05
82           -51.13800000    0.15230000  3.810000E+00  9.780287006746E+05
83           -51.10790000    0.09180000 -4.870000E+00  9.780332412373E+05
84           -50.95060000    2.49250000 -2.289000E+01  9.780235382538E+05
85           -50.91040000    1.50600000 -1.678000E+01  9.780066946762E+05
86           -51.10230000    0.91370000  9.980000E+00  9.780361582602E+05
87           -51.29000000    0.84800000  6.385000E+01  9.780165962690E+05
88           -51.79040000    0.62950000  5.460000E+01  9.780109309726E+05
89           -51.10087000    0.23061820  5.155000E+00  9.780330463137E+05
90           -51.29294000    0.21682140  7.910000E+00  9.780338224230E+05
91           -51.44013000    0.07190513 -1.937900E+01  9.780419351774E+05
92           -51.43190000   -0.22195930 -1.494600E+01  9.780353007205E+05
93           -51.18065000   -0.05734273 -1.550600E+01  9.780333153467E+05
94           -51.18021000   -0.05421576 -1.447000E+01  9.780330761711E+05
95           -51.16727000   -0.05446229 -1.414100E+01  9.780306988651E+05
96           -51.16013000   -0.06087440 -1.756100E+01  9.780303835983E+05
97           -50.73838000    0.57610980 -9.839000E+00  9.780203640540E+05
98           -51.73304000   -0.09165057 -9.500000E-01  9.780284549739E+05
99           -51.63681000    0.00985325  1.118300E+01  9.780249329576E+05
100          -51.83845000    0.64600080  5.176200E+01  9.780063213434E+05
101          -51.16648000   -0.05958514 -1.643600E+01  9.780310155884E+05
102          -51.16734000   -0.06161155 -1.776100E+01  9.780314570168E+05
103          -51.16795000   -0.06138142 -1.778300E+01  9.780315718313E+05
104          -52.51566000   -0.82196780  2.858400E+01  9.779919816512E+05
105          -50.87803000    1.80756700 -6.401000E+00  9.780036666681E+05
106          -51.95012000    0.78030480  5.242200E+01  9.779945865405E+05
107          -50.95049000    1.30138200  8.887000E+00  9.780095345203E+05
108          -51.18483000    0.84301570  2.878900E+01  9.780265288811E+05
109          -51.19821000    0.86612670  9.249000E+00  9.780330690952E+05
110          -51.07956000    0.08387761 -1.061900E+01  9.780382358655E+05
111          -50.96174000    2.30183900 -6.830000E+00  9.780186511959E+05
112          -50.96382000    2.37319500 -1.117100E+01  9.780197303892E+05
113          -51.06976000    1.07350700  2.781000E+01  9.780297997289E+05
114          -51.01866000    0.21629470 -3.129000E+00  9.780477704171E+05
115          -51.33245000    2.60400000  4.207100E+01  9.780121546508E+05
116          -51.39853000    2.84133100  1.162600E+01  9.780222840759E+05
117          -51.49894000    3.12358600  2.250300E+01  9.780243728733E+05
118          -51.79624000    3.82862400 -2.691000E+00  9.780170678437E+05
119          -51.14037000    0.13653470 -2.164000E+00  9.780302225647E+05
120          -51.32177000    0.23624900 -1.029900E+01  9.780392502044E+05
121          -50.91200000    1.54035900 -9.837000E+00  9.780035660130E+05
122          -50.89710000    2.07219800 -1.077400E+01  9.780162422631E+05
123          -51.03331000    2.48343100 -1.394500E+01  9.780178481662E+05
124          -51.08588000    0.31805370  5.447000E+00  9.780359695073E+05
125          -51.58773000    0.14530590 -1.524400E+01  9.780345165319E+05
126          -51.37454000    0.69125480  5.833400E+01  9.780146382770E+05
127          -51.42313000    0.70401960  5.393600E+01  9.780149257160E+05
128          -51.60822000    0.63974340  5.225300E+01  9.780213332550E+05
129          -51.05065000    0.03132001 -1.685400E+01  9.780429691844E+05
130          -52.02685000    0.85568870  7.560600E+01  9.779881992585E+05
131          -51.07281000    0.00507816 -1.820700E+01  9.780393800886E+05
132          -51.15151000    0.56622970  3.729500E+01  9.780277842507E+05
133          -52.27115000    1.02544400  9.352300E+01  9.779681730038E+05
134          -52.38391000    1.09704300  8.540600E+01  9.779681704051E+05
135          -51.29001000   -0.11484590 -1.149700E+01  9.780406854174E+05
136          -51.43460000   -0.09045219 -6.280000E+00  9.780397044950E+05
137          -52.38565000   -0.70861740  1.098160E+02  9.779838446580E+05
138          -52.00234000    0.90144290  1.235800E+02  9.779757477057E+05
139          -50.70443000    0.59959130 -9.870000E+00  9.780245139008E+05
140          -50.80975000    0.57565250 -6.269000E+00  9.780199688367E+05
141          -52.32898000   -0.59691540  7.554000E+01  9.779978448359E+05
142          -52.12110000   -0.45722530  1.369700E+01  9.780112939887E+05
143          -51.90069000   -0.33764520  5.192200E+01  9.780133758066E+05
144          -50.83877000    0.40073710 -1.494200E+01  9.780340742851E+05
145          -50.94290000    0.53146390 -1.036200E+01  9.780308277201E+05
146          -50.92278000    1.42370100  2.842000E+00  9.780035148149E+05
147          -51.76787000    3.53685000  4.884400E+01  9.780112480365E+05
148          -51.63048000    3.31472800  1.852200E+01  9.780186881193E+05
149          -50.80060000    0.68369840 -3.937000E+00  9.780280735678E+05
