        generated_by     ICGEM (hosted at GFZ-Potsdam)
     generating_date     2019/08/30
----------------------------------------------------------------------
           modelname     EIGEN-6C4
     max_used_degree          2190
----------------------------------------------------------------------
         tide_system     tide_free
    zero_degree_term     included
----------------------------------------------------------------------
          refsysname     WGS84
   max_degree_refpot             8
            gmrefpot      3.98600441800E+14[m**3/s**2]
        radiusrefpot     6378137.000 m
          flatrefpot      3.352810664747480E-03   (1/298.25722356300)
         omegarefpot      7.29211500000E-05 1/s
----------------------------------------------------------------------
    number_of_points           786
      latlimit_north      -9.4101910000000    
      latlimit_south      -18.077430000000    
      longlimit_west      -46.570400000000    
      longlimit_east      -37.621300000000    
----------------------------------------------------------------------
description of columns -----------------------------------------------
 1 identifier (from input)
 2 longitude  (from input)    [degree]
 3 latitude   (from input)    [degree]
 4 h_over_ell (from input)     [meter]
 -------------------------------------
 5 gravity                      [mGal]  gravity(h)                        
----------------------------------------------------------------------

end_of_head ================================================================
1            -38.06390000  -11.19780000  1.671200E+02  9.781725052489E+05
2            -38.00970000  -11.19680000  1.491500E+02  9.781911333148E+05
3            -39.51830000  -15.80270000  2.599300E+02  9.783382440761E+05
4            -39.52100000  -15.85990000  2.014400E+02  9.783534472033E+05
5            -38.35250000  -11.78610000  1.673800E+02  9.781484723343E+05
6            -38.32750000  -11.70890000  2.683800E+02  9.781176185099E+05
7            -38.30200000  -11.63090000  2.600500E+02  9.781185810796E+05
8            -38.36370000  -11.83110000  1.962100E+02  9.781447609441E+05
9            -38.31560000  -11.68190000  2.628500E+02  9.781220238396E+05
10           -38.29580000  -11.57060000  2.269800E+02  9.781115195011E+05
11           -38.29860000  -11.50540000  1.716400E+02  9.781096832977E+05
12           -38.29470000  -11.45780000  2.168000E+02  9.780862844847E+05
13           -39.40040000  -15.15200000  2.682900E+02  9.783300601618E+05
14           -39.30100000  -14.76370000  7.080000E+01  9.783528330570E+05
15           -39.28080000  -14.85250000  1.300500E+02  9.783452956372E+05
16           -39.28950000  -14.91120000  1.316500E+02  9.783501261064E+05
17           -39.34550000  -14.72780000  6.392000E+01  9.783433245126E+05
18           -39.30800000  -14.95970000  1.003800E+02  9.783585081044E+05
19           -40.30680000  -12.51010000  2.577600E+02  9.781612046628E+05
20           -39.43620000  -15.65230000  1.046900E+02  9.783680660805E+05
21           -39.44440000  -15.45330000  1.297300E+02  9.783613982520E+05
22           -39.43260000  -15.49790000  1.088500E+02  9.783724902829E+05
23           -39.40690000  -15.54440000  1.237600E+02  9.783672357644E+05
24           -39.42830000  -15.59440000  7.381000E+01  9.783740589630E+05
25           -39.32920000  -15.01400000  1.202600E+02  9.783481002878E+05
26           -39.33800000  -15.07810000  1.433300E+02  9.783625990865E+05
27           -39.44270000  -15.19540000  1.515300E+02  9.783489123732E+05
28           -39.44650000  -15.71120000  1.916800E+02  9.783470134609E+05
29           -39.48260000  -15.75570000  2.388700E+02  9.783369517242E+05
30           -39.45260000  -15.25550000  1.460500E+02  9.783550517272E+05
31           -39.48960000  -15.29700000  2.198300E+02  9.783408000068E+05
32           -39.49980000  -15.35940000  1.592800E+02  9.783519542205E+05
33           -39.46730000  -15.40440000  1.328000E+02  9.783538093699E+05
34           -39.37030000  -15.10950000  2.020500E+02  9.783517610255E+05
35           -39.27780000  -14.78890000  4.705000E+01  9.783682599889E+05
36           -39.58170000  -16.37670000  1.765200E+02  9.783820229203E+05
37           -38.29250000  -11.41750000  2.196800E+02  9.780763134511E+05
38           -38.32890000  -11.35640000  1.251600E+02  9.780851484489E+05
39           -38.26380000  -11.32670000  1.715700E+02  9.780842158231E+05
40           -38.22040000  -11.31080000  1.418700E+02  9.781071643098E+05
41           -38.16780000  -11.27210000  1.532600E+02  9.781315045555E+05
42           -38.12760000  -11.23470000  2.648800E+02  9.781208860129E+05
43           -45.08080000  -12.43050000  5.111100E+02  9.781168144672E+05
44           -44.47000000  -13.69750000  5.695400E+02  9.781629027491E+05
45           -44.40080000  -13.61470000  4.602200E+02  9.781853018984E+05
46           -44.38250000  -13.60640000  4.647500E+02  9.781814696481E+05
47           -44.35560000  -13.60640000  4.577700E+02  9.781790218284E+05
48           -44.32890000  -13.60280000  4.588100E+02  9.781733202765E+05
49           -44.31970000  -13.58110000  4.548500E+02  9.781715286010E+05
50           -44.28720000  -13.57190000  4.546400E+02  9.781690752518E+05
51           -44.28080000  -13.55470000  4.704200E+02  9.781644214715E+05
52           -44.08310000  -13.38940000  4.417500E+02  9.781631413776E+05
53           -46.09960000  -15.23240000  9.338800E+02  9.781085243445E+05
54           -43.76580000  -14.30490000  4.282500E+02  9.781908527881E+05
55           -39.70440000  -17.48120000  1.020200E+02  9.784448902966E+05
56           -39.68520000  -17.42570000  1.050100E+02  9.784457204272E+05
57           -39.65140000  -17.37010000  9.342000E+01  9.784466967171E+05
58           -39.63220000  -17.31370000  9.629000E+01  9.784410470370E+05
59           -39.63120000  -17.25560000  7.581000E+01  9.784454593418E+05
60           -44.23750000  -13.47580000  4.566400E+02  9.781662125691E+05
61           -44.20720000  -13.42690000  4.412800E+02  9.781650413031E+05
62           -43.78470000  -14.33400000  4.241600E+02  9.781933122742E+05
63           -43.76330000  -14.40630000  4.427600E+02  9.781852414801E+05
64           -43.75220000  -14.44910000  4.479800E+02  9.781861641851E+05
65           -43.77410000  -14.50080000  4.686300E+02  9.781812164249E+05
66           -43.68070000  -14.59980000  4.775400E+02  9.781912131327E+05
67           -43.73220000  -14.57770000  4.930900E+02  9.781805698832E+05
68           -43.64620000  -14.61410000  4.593600E+02  9.781973089841E+05
69           -39.23370000  -15.47500000  1.268100E+02  9.783828965292E+05
70           -39.17710000  -15.50860000  1.015200E+02  9.783937468196E+05
71           -39.11630000  -15.53900000  7.383000E+01  9.784013285921E+05
72           -42.31970000  -14.61690000  7.127200E+02  9.781145733868E+05
73           -44.42530000  -14.24440000  3.142000E+01  9.783158566947E+05
74           -43.18380000  -12.68880000  4.092000E+02  9.781011004271E+05
75           -37.99670000  -12.09610000  1.125600E+02  9.782294608065E+05
76           -37.95580000  -11.97060000  1.258800E+02  9.782253356709E+05
77           -37.94860000  -11.94080000  5.219000E+01  9.782500881385E+05
78           -37.96280000  -11.97830000  1.254700E+02  9.782249388493E+05
79           -37.97330000  -12.00690000  7.649000E+01  9.782383484558E+05
80           -37.99190000  -12.02750000  1.042400E+02  9.782291217729E+05
81           -38.00030000  -12.05670000  8.820000E+01  9.782341991707E+05
82           -39.67390000  -16.08090000  2.160900E+02  9.783619538548E+05
83           -39.71310000  -16.09170000  2.693700E+02  9.783477447528E+05
84           -39.77540000  -16.08250000  2.544000E+02  9.783565067405E+05
85           -39.57780000  -15.99330000  1.169200E+02  9.783795651235E+05
86           -43.69210000  -14.70790000  4.367000E+02  9.782038712830E+05
87           -43.73400000  -14.69630000  4.321500E+02  9.782058216227E+05
88           -43.77090000  -14.68750000  4.318100E+02  9.782046790014E+05
89           -43.84610000  -14.65460000  4.340900E+02  9.781980885660E+05
90           -43.82260000  -14.67540000  4.301700E+02  9.782017490455E+05
91           -37.89890000  -12.26560000  3.644000E+01  9.782921612684E+05
92           -37.89810000  -12.24580000  3.864000E+01  9.782875992407E+05
93           -37.89690000  -12.22670000  4.390000E+01  9.782819622732E+05
94           -37.91190000  -12.22580000  2.685000E+01  9.782845638075E+05
95           -37.94140000  -12.21060000  3.724000E+01  9.782730766562E+05
96           -37.95420000  -12.20610000  4.370000E+01  9.782682515454E+05
97           -37.96560000  -12.18970000  1.238900E+02  9.782394841051E+05
98           -37.97170000  -12.15690000  1.072800E+02  9.782401489735E+05
99           -38.01890000  -12.56360000  2.160000E+00  9.783156456672E+05
100          -38.00530000  -12.55360000  7.180000E+00  9.783155582145E+05
101          -37.99750000  -12.54030000  5.060000E+00  9.783176456467E+05
102          -37.91190000  -12.38360000 -2.570000E+00  9.783086539809E+05
103          -37.90810000  -12.36280000 -4.150000E+00  9.783115340456E+05
104          -37.90640000  -12.35060000 -3.140000E+00  9.783120701154E+05
105          -37.90440000  -12.33440000  7.030000E+00  9.783091677414E+05
106          -37.83830000  -12.22750000  5.890000E+00  9.783001110660E+05
107          -37.79140000  -12.13780000  4.353000E+01  9.782795062877E+05
108          -39.60910000  -16.03040000  2.201800E+02  9.783571795643E+05
109          -42.85800000  -13.67520000  6.305300E+02  9.781190708858E+05
110          -39.72640000  -17.55900000  1.019700E+02  9.784476875507E+05
111          -39.60270000  -17.20990000  1.339400E+02  9.784247296471E+05
112          -39.75600000  -17.60670000  9.592000E+01  9.784519802104E+05
113          -39.76850000  -17.72690000  7.470000E+01  9.784677501274E+05
114          -39.77990000  -17.79160000  4.911000E+01  9.784835663807E+05
115          -39.06270000  -15.56790000  5.633000E+01  9.784037366900E+05
116          -39.59310000  -16.32400000  1.762400E+02  9.783802354676E+05
117          -39.58520000  -16.26370000  1.367000E+02  9.783902380467E+05
118          -39.60160000  -16.20790000  2.024700E+02  9.783690085911E+05
119          -39.59590000  -16.14870000  2.323000E+02  9.783589456159E+05
120          -39.80090000  -17.85440000  5.833000E+01  9.784894124528E+05
121          -39.82890000  -17.91150000  7.727000E+01  9.784885719032E+05
122          -39.85880000  -17.97400000  6.452000E+01  9.784966451556E+05
123          -39.61580000  -16.08720000  1.637900E+02  9.783788636945E+05
124          -39.56670000  -17.09350000  8.516000E+01  9.784318731903E+05
125          -38.07750000  -12.64920000  2.210000E+00  9.783175994868E+05
126          -38.03530000  -12.57030000  1.345000E+01  9.783102033463E+05
127          -38.21250000  -12.79810000  6.180000E+00  9.783112531379E+05
128          -38.14140000  -12.70940000 -4.770000E+00  9.783184343344E+05
129          -38.99670000  -13.08940000 -4.360000E+00  9.782952751910E+05
130          -39.84240000  -16.08050000  2.407500E+02  9.783582795087E+05
131          -39.06170000  -13.35330000 -7.420000E+00  9.783168255566E+05
132          -39.27250000  -12.97440000  2.029600E+02  9.782129563499E+05
133          -38.25320000  -12.47490000  9.879000E+01  9.782283193928E+05
134          -38.27500000  -12.45360000  6.982000E+01  9.782300861784E+05
135          -38.49090000  -12.52140000  5.648000E+01  9.782238975174E+05
136          -38.41220000  -12.23590000  1.875200E+02  9.781743414671E+05
137          -38.39800000  -12.07130000  2.132700E+02  9.781634052892E+05
138          -38.38060000  -12.03810000  2.282100E+02  9.781604683599E+05
139          -46.52600000  -11.42630000  8.861400E+02  9.779758955063E+05
140          -46.53070000  -11.38020000  8.894900E+02  9.779700437591E+05
141          -46.56990000  -11.36930000  8.946400E+02  9.779687429847E+05
142          -46.32380000  -11.06070000  8.057000E+02  9.779892397318E+05
143          -46.35790000  -11.09070000  8.164500E+02  9.779861129559E+05
144          -46.39260000  -11.12100000  8.246000E+02  9.779844672518E+05
145          -46.42740000  -11.15100000  8.335400E+02  9.779830050105E+05
146          -46.46180000  -11.18100000  8.429100E+02  9.779798433475E+05
147          -46.49630000  -11.21180000  8.528600E+02  9.779754777858E+05
148          -46.53070000  -11.24240000  8.640200E+02  9.779728404725E+05
149          -46.55710000  -11.27900000  8.738500E+02  9.779735692079E+05
150          -46.57040000  -11.32290000  8.840700E+02  9.779728243254E+05
151          -38.37430000  -11.95940000  1.343900E+02  9.781822337278E+05
152          -38.31460000  -12.44100000  6.074000E+01  9.782283978265E+05
153          -38.30290000  -12.36320000  1.106000E+02  9.782165552799E+05
154          -38.37360000  -12.39700000  7.102000E+01  9.782236756537E+05
155          -38.37330000  -12.35330000  6.340000E+01  9.782242138934E+05
156          -40.81530000   -9.47610000  3.704600E+02  9.780320955029E+05
157          -40.79000000   -9.50170000  3.649000E+02  9.780332225715E+05
158          -40.77860000   -9.50690000  3.623300E+02  9.780342000244E+05
159          -40.53140000   -9.44720000  3.586100E+02  9.780402991382E+05
160          -38.39910000  -12.59740000  2.453000E+01  9.782332468672E+05
161          -38.35140000  -12.64150000  3.083000E+01  9.782454783525E+05
162          -38.29740000  -12.61280000  2.582000E+01  9.782505909541E+05
163          -38.37530000  -11.89560000  2.072000E+02  9.781489444247E+05
164          -44.05310000  -13.38580000  4.421400E+02  9.781621939965E+05
165          -46.26990000  -10.98790000  7.965300E+02  9.779880411493E+05
166          -46.28820000  -11.02990000  7.992200E+02  9.779895709673E+05
167          -38.29670000  -12.53030000  2.092000E+01  9.782472951587E+05
168          -39.39390000  -15.41260000  1.118300E+02  9.783822371782E+05
169          -39.33460000  -15.43000000  1.034800E+02  9.783904873608E+05
170          -39.28180000  -15.44020000  1.051600E+02  9.783878862697E+05
171          -39.77300000  -17.66480000  9.176000E+01  9.784560719735E+05
172          -38.41720000  -12.13750000  1.443300E+02  9.781810426490E+05
173          -38.21780000  -11.30940000  1.512200E+02  9.781053628055E+05
174          -43.74380000  -14.36160000  4.413500E+02  9.781853833828E+05
175          -43.66980000  -14.64790000  4.606100E+02  9.781939178143E+05
176          -46.23150000  -10.85630000  7.678600E+02  9.779900885715E+05
177          -46.26740000  -10.94100000  7.893600E+02  9.779886493084E+05
178          -46.17490000  -10.72960000  6.639600E+02  9.780046478608E+05
179          -46.21240000  -10.81430000  7.599000E+02  9.779840628285E+05
180          -46.25040000  -10.89790000  7.818200E+02  9.779895899365E+05
181          -46.15490000  -10.64630000  7.458800E+02  9.779819848297E+05
182          -46.15010000  -10.69150000  7.079700E+02  9.779939632979E+05
183          -43.70940000  -14.32340000  4.287100E+02  9.781885660606E+05
184          -43.76510000  -14.55130000  4.593400E+02  9.781872262902E+05
185          -38.44810000  -12.57140000  3.188000E+01  9.782258885407E+05
186          -44.43970000  -13.64000000  4.669300E+02  9.781858869145E+05
187          -44.30860000  -13.56580000  4.534100E+02  9.781703662024E+05
188          -39.57150000  -14.10490000  1.330600E+02  9.783089351608E+05
189          -39.60930000  -14.07990000  1.487300E+02  9.782932663184E+05
190          -39.65320000  -14.19090000  1.150300E+02  9.783021903422E+05
191          -39.36560000  -14.54460000  1.031900E+02  9.783323127150E+05
192          -39.37690000  -14.50270000  1.538600E+02  9.783183899547E+05
193          -46.20010000  -10.76930000  6.565400E+02  9.780081346128E+05
194          -39.39900000  -14.46390000  1.077200E+02  9.783336515852E+05
195          -39.55050000  -14.19360000  1.212400E+02  9.783096177102E+05
196          -39.55390000  -14.14990000  1.674200E+02  9.782965910915E+05
197          -39.49270000  -14.28130000  1.335800E+02  9.783156205133E+05
198          -39.36110000  -14.59980000  8.744000E+01  9.783334933892E+05
199          -40.00320000  -12.34910000  2.687800E+02  9.781749741449E+05
200          -39.94980000  -12.33440000  2.699500E+02  9.781788435070E+05
201          -39.91160000  -12.31240000  2.437100E+02  9.781884196892E+05
202          -39.87230000  -12.28910000  2.235000E+02  9.781937812009E+05
203          -38.75470000  -12.39890000  1.933000E+02  9.781958717105E+05
204          -38.74060000  -12.42390000  1.707500E+02  9.782011528238E+05
205          -38.72030000  -12.44190000  7.983000E+01  9.782264598124E+05
206          -38.62920000  -12.51110000  5.287000E+01  9.782303043915E+05
207          -42.00530000  -12.42780000  1.103110E+03  9.779582913121E+05
208          -39.62510000  -14.19640000  1.297500E+02  9.783006160734E+05
209          -39.50220000  -14.23160000  9.023000E+01  9.783274213966E+05
210          -39.42500000  -14.35560000  7.429000E+01  9.783322967818E+05
211          -39.39810000  -14.39610000  8.054000E+01  9.783360239776E+05
212          -39.40190000  -14.45030000  9.672000E+01  9.783363570981E+05
213          -43.18130000  -12.14400000  4.348500E+02  9.780930937896E+05
214          -43.16810000  -12.09850000  4.654700E+02  9.780899556143E+05
215          -43.12630000  -12.08120000  4.934900E+02  9.780829242513E+05
216          -43.08410000  -12.04820000  4.600000E+02  9.780951482579E+05
217          -43.03530000  -12.02670000  4.713600E+02  9.780911663655E+05
218          -42.98880000  -12.03700000  4.557100E+02  9.780978032768E+05
219          -42.95950000  -12.06480000  4.640800E+02  9.780955174745E+05
220          -42.88330000  -12.13450000  4.307500E+02  9.780755951553E+05
221          -42.84840000  -12.16750000  4.260600E+02  9.780731800052E+05
222          -42.81070000  -12.20300000  4.319100E+02  9.780732195490E+05
223          -42.77700000  -12.23470000  4.221800E+02  9.780750662634E+05
224          -42.73920000  -12.26170000  4.280200E+02  9.780677752373E+05
225          -42.69530000  -12.27780000  4.536300E+02  9.780545223519E+05
226          -42.65020000  -12.29440000  4.465900E+02  9.780602678614E+05
227          -42.60720000  -12.31020000  4.750100E+02  9.780589126424E+05
228          -42.56410000  -12.32600000  4.825000E+02  9.780590534844E+05
229          -42.52050000  -12.34190000  4.731200E+02  9.780572955647E+05
230          -42.47600000  -12.36110000  4.809700E+02  9.780502045184E+05
231          -42.39220000  -12.40110000  5.881700E+02  9.780447315104E+05
232          -42.35100000  -12.42490000  8.736300E+02  9.779817450581E+05
233          -42.31920000  -12.45180000  7.386400E+02  9.780346404236E+05
234          -41.91770000  -12.39250000  1.036370E+03  9.779703752331E+05
235          -41.96250000  -12.40760000  1.041350E+03  9.779706004258E+05
236          -42.10150000  -12.42220000  1.071940E+03  9.779697276913E+05
237          -42.14130000  -12.44940000  1.055180E+03  9.779653380807E+05
238          -42.18770000  -12.45490000  9.359600E+02  9.779871645142E+05
239          -42.23110000  -12.46180000  8.532600E+02  9.780072759782E+05
240          -42.27750000  -12.47260000  8.378000E+02  9.780096984490E+05
241          -41.87070000  -12.40750000  1.048280E+03  9.779676869275E+05
242          -41.82800000  -12.42950000  1.044580E+03  9.779626238576E+05
243          -41.75190000  -12.45000000  8.009800E+02  9.780223399034E+05
244          -41.70760000  -12.47120000  7.730600E+02  9.780357528748E+05
245          -41.66500000  -12.46680000  7.542700E+02  9.780420414472E+05
246          -41.59260000  -12.45150000  6.928600E+02  9.780456975172E+05
247          -41.54300000  -12.44130000  7.609100E+02  9.780279850010E+05
248          -41.49240000  -12.43600000  7.149100E+02  9.780557004127E+05
249          -41.45820000  -12.46540000  8.793100E+02  9.780144330597E+05
250          -41.40720000  -12.46470000  6.799900E+02  9.780500092457E+05
251          -41.35950000  -12.47790000  4.921100E+02  9.780796841012E+05
252          -42.92300000  -12.09720000  4.428900E+02  9.780881935808E+05
253          -42.05420000  -12.42510000  1.167690E+03  9.779432169769E+05
254          -40.24480000  -12.50040000  2.579700E+02  9.781554625457E+05
255          -41.36330000  -12.52360000  4.596700E+02  9.780927742346E+05
256          -41.31530000  -12.49540000  4.441600E+02  9.780893387044E+05
257          -41.29420000  -12.49910000  4.902400E+02  9.780792599630E+05
258          -41.24090000  -12.51220000  4.075500E+02  9.781131217829E+05
259          -41.14660000  -12.48700000  4.650000E+02  9.780960722019E+05
260          -41.19590000  -12.49820000  3.878500E+02  9.781186103715E+05
261          -41.09750000  -12.47070000  4.988500E+02  9.780948656309E+05
262          -41.04690000  -12.47480000  5.416500E+02  9.780921964181E+05
263          -40.99840000  -12.46080000  5.812900E+02  9.780864400590E+05
264          -40.94740000  -12.46850000  6.347900E+02  9.780757388959E+05
265          -40.89570000  -12.46170000  5.953600E+02  9.780876001191E+05
266          -40.85040000  -12.44100000  6.009000E+02  9.780800724834E+05
267          -40.79970000  -12.44410000  5.556800E+02  9.780928965907E+05
268          -40.61970000  -12.45150000  5.160500E+02  9.781131490142E+05
269          -40.75040000  -12.43980000  5.158800E+02  9.781131291717E+05
270          -40.70190000  -12.44830000  5.363100E+02  9.781132320448E+05
271          -40.65270000  -12.45030000  5.485200E+02  9.781063435586E+05
272          -40.57110000  -12.45920000  4.077700E+02  9.781428636552E+05
273          -40.52750000  -12.48190000  3.480100E+02  9.781545488300E+05
274          -40.47860000  -12.50880000  3.151700E+02  9.781591247530E+05
275          -40.42990000  -12.50260000  2.829900E+02  9.781642403309E+05
276          -40.38260000  -12.51440000  2.848600E+02  9.781633005351E+05
277          -40.34090000  -12.52460000  2.481400E+02  9.781698536047E+05
278          -40.20370000  -12.47810000  2.400200E+02  9.781630494263E+05
279          -40.15860000  -12.45790000  2.456400E+02  9.781651423243E+05
280          -40.11240000  -12.44170000  2.708700E+02  9.781597699648E+05
281          -40.08160000  -12.40500000  2.297200E+02  9.781749285828E+05
282          -40.04930000  -12.36770000  2.157000E+02  9.781851118484E+05
283          -38.61890000  -12.51860000  5.338000E+01  9.782300576722E+05
284          -38.58140000  -12.54560000  4.669000E+01  9.782299672758E+05
285          -38.67560000  -12.47640000  6.668000E+01  9.782263366193E+05
286          -38.53860000  -12.57780000  4.718000E+01  9.782246850240E+05
287          -38.49360000  -12.60560000  4.666000E+01  9.782222230790E+05
288          -38.47580000  -12.65330000  3.083000E+01  9.782300110349E+05
289          -38.46330000  -12.69860000  3.172000E+01  9.782338738330E+05
290          -38.40470000  -12.79330000  5.774000E+01  9.782670455827E+05
291          -38.41440000  -12.83810000  7.935000E+01  9.782768801350E+05
292          -38.43810000  -12.88640000  8.238000E+01  9.782785347374E+05
293          -38.46860000  -12.92560000  5.304000E+01  9.782811398153E+05
294          -38.50140000  -12.94970000 -7.700000E+00  9.782960506645E+05
295          -38.97420000  -12.56280000  1.919700E+02  9.782134910477E+05
296          -38.99310000  -12.62560000  2.024700E+02  9.782096449618E+05
297          -38.86690000  -12.35830000  1.847700E+02  9.782059320046E+05
298          -38.99280000  -12.46110000  2.037000E+02  9.782081291459E+05
299          -38.99970000  -12.50360000  2.162400E+02  9.782059442546E+05
300          -38.97470000  -12.52610000  2.066700E+02  9.782095962102E+05
301          -39.02780000  -12.59720000  2.039000E+02  9.782112929084E+05
302          -39.04890000  -12.60220000  2.125800E+02  9.782103340860E+05
303          -39.09140000  -12.62860000  2.026200E+02  9.782192536372E+05
304          -39.11330000  -12.64720000  2.037300E+02  9.782216004438E+05
305          -39.13030000  -12.66560000  2.112700E+02  9.782203040302E+05
306          -38.96690000  -12.60830000 -3.060000E+00  9.782715173364E+05
307          -39.37660000  -12.12820000  2.313800E+02  9.782023433180E+05
308          -39.28840000  -12.12430000  2.010600E+02  9.782105435868E+05
309          -39.20470000  -12.16680000  1.854600E+02  9.782070558383E+05
310          -39.16060000  -12.18590000  1.891500E+02  9.782017782274E+05
311          -39.13800000  -12.20680000  1.807000E+02  9.782047637825E+05
312          -39.11670000  -12.22410000  1.746400E+02  9.782074292175E+05
313          -39.07940000  -12.24880000  1.650800E+02  9.782102210519E+05
314          -39.03340000  -12.29120000  1.609000E+02  9.782096417690E+05
315          -39.05670000  -12.27420000  1.601100E+02  9.782104865512E+05
316          -38.99310000  -12.27190000  1.406000E+02  9.782190534215E+05
317          -38.90110000  -12.29780000  2.176200E+02  9.781991788395E+05
318          -39.15420000  -12.69970000  1.915800E+02  9.782260210288E+05
319          -39.18110000  -12.72750000  2.156100E+02  9.782181556034E+05
320          -39.18310000  -12.76440000  1.615900E+02  9.782330200686E+05
321          -39.18580000  -12.79750000  1.733800E+02  9.782277780416E+05
322          -39.20230000  -12.82690000  1.922300E+02  9.782209049040E+05
323          -39.25310000  -12.93420000  1.312300E+02  9.782362996128E+05
324          -38.87390000  -12.31940000  2.129200E+02  9.781985838081E+05
325          -38.78580000  -12.39000000  1.925600E+02  9.781981399901E+05
326          -39.25190000  -12.96140000  1.961100E+02  9.782162821832E+05
327          -39.51780000  -13.75570000  1.527200E+02  9.782575959248E+05
328          -39.54600000  -13.78730000  1.618200E+02  9.782573467566E+05
329          -39.57460000  -13.82670000  1.849000E+02  9.782593912932E+05
330          -39.60630000  -13.86700000  1.849100E+02  9.782690643673E+05
331          -39.61640000  -13.91010000  1.700400E+02  9.782783085417E+05
332          -39.63530000  -13.94720000  1.463500E+02  9.782837904173E+05
333          -39.63510000  -13.98860000  1.860600E+02  9.782690509432E+05
334          -39.63900000  -14.03120000  1.644400E+02  9.782756988810E+05
335          -39.63970000  -14.06490000  1.470900E+02  9.782836585076E+05
336          -39.66410000  -14.10310000  2.035000E+02  9.782649021808E+05
337          -39.70230000  -14.10020000  1.390400E+02  9.782790397341E+05
338          -39.73350000  -14.13160000  1.244100E+02  9.782816571661E+05
339          -39.69230000  -14.16030000  1.270200E+02  9.782899212256E+05
340          -39.83870000  -12.27180000  2.033100E+02  9.781983927658E+05
341          -39.80370000  -12.24270000  2.430300E+02  9.781858994749E+05
342          -39.77370000  -12.20030000  2.414400E+02  9.781910674560E+05
343          -39.70280000  -12.18860000  3.443600E+02  9.781679132696E+05
344          -39.65750000  -12.20440000  2.515100E+02  9.781923366358E+05
345          -39.60560000  -12.20180000  2.315300E+02  9.781935724637E+05
346          -39.55370000  -12.19730000  2.263900E+02  9.781968322125E+05
347          -39.50390000  -12.18770000  2.199600E+02  9.782013577341E+05
348          -39.45300000  -12.18090000  2.275500E+02  9.781983590854E+05
349          -39.41510000  -12.14690000  2.157400E+02  9.782045927242E+05
350          -39.42610000  -11.78890000  2.096600E+02  9.781887144970E+05
351          -39.38720000  -11.80670000  2.036400E+02  9.781921648161E+05
352          -38.93670000  -12.24360000  2.100200E+02  9.782013062355E+05
353          -39.28670000  -11.89000000  2.003700E+02  9.781993833060E+05
354          -39.26580000  -11.90610000  2.113000E+02  9.781970317311E+05
355          -39.08000000  -11.98920000  1.996500E+02  9.781976670986E+05
356          -39.06330000  -12.00470000  1.813300E+02  9.782028444878E+05
357          -38.98690000  -12.05000000  2.118100E+02  9.781944721920E+05
358          -42.34920000  -14.15420000  6.361800E+02  9.781047653548E+05
359          -42.19110000  -14.17250000  5.118900E+02  9.781283149666E+05
360          -41.97310000  -14.23030000  6.222300E+02  9.781226273863E+05
361          -41.89330000  -14.23560000  5.283000E+02  9.781413212391E+05
362          -41.77390000  -14.25720000  4.939200E+02  9.781522517954E+05
363          -41.69890000  -14.22250000  4.462200E+02  9.781687497007E+05
364          -41.15170000  -14.60640000  3.906500E+02  9.781989599465E+05
365          -41.19970000  -14.59750000  4.060900E+02  9.781943769576E+05
366          -41.22390000  -14.59890000  4.217400E+02  9.781933845378E+05
367          -41.25080000  -14.60330000  4.464800E+02  9.781908473711E+05
368          -41.25750000  -14.60830000  4.452400E+02  9.781921087532E+05
369          -41.44900000  -14.46460000  6.758500E+02  9.781231342714E+05
370          -41.46190000  -14.44940000  6.933300E+02  9.781161935461E+05
371          -41.48090000  -14.38750000  5.982800E+02  9.781380411700E+05
372          -41.52750000  -14.32780000  4.527400E+02  9.781669030284E+05
373          -41.61920000  -14.24080000  4.501700E+02  9.781589506273E+05
374          -41.63840000  -14.22210000  4.286200E+02  9.781659369397E+05
375          -38.95720000  -12.30470000  2.211200E+02  9.781969680793E+05
376          -38.88920000  -12.30720000  2.148100E+02  9.781993576525E+05
377          -38.86280000  -12.32750000  1.864900E+02  9.782055847980E+05
378          -38.73330000  -12.43060000  1.271900E+02  9.782136366809E+05
379          -38.68940000  -12.46560000  7.920000E+01  9.782232957277E+05
380          -38.65690000  -12.49010000  7.110000E+01  9.782246067755E+05
381          -38.41780000  -12.84580000  7.455000E+01  9.782799142772E+05
382          -38.42110000  -12.85640000  6.153000E+01  9.782857789544E+05
383          -40.00720000  -11.38390000  4.080200E+02  9.781187831931E+05
384          -39.00920000  -12.03640000  2.233600E+02  9.781906611306E+05
385          -41.46790000  -14.40290000  6.544800E+02  9.781252942457E+05
386          -38.91400000  -12.28870000  2.053500E+02  9.782033223655E+05
387          -38.83860000  -12.34560000  1.834000E+02  9.782040009084E+05
388          -38.52440000  -12.58840000  3.629000E+01  9.782266252926E+05
389          -40.39700000  -11.20460000  4.226300E+02  9.780811696485E+05
390          -40.60520000  -11.25610000  4.677100E+02  9.780646334447E+05
391          -40.16760000  -11.95890000  3.575100E+02  9.781235280107E+05
392          -40.74500000  -11.73280000  7.026200E+02  9.780348672137E+05
393          -40.44640000  -12.30230000  3.215200E+02  9.781440885715E+05
394          -44.81360000  -12.14790000  6.952200E+02  9.780362833685E+05
395          -40.44790000  -11.20900000  4.268600E+02  9.780849668825E+05
396          -40.27310000  -11.27730000  4.220400E+02  9.780960323657E+05
397          -40.12540000  -11.33520000  3.763100E+02  9.781225843927E+05
398          -40.31870000  -11.25240000  4.162900E+02  9.780963468622E+05
399          -40.57210000  -11.19020000  4.600000E+02  9.780644165343E+05
400          -40.58500000  -11.22060000  4.714500E+02  9.780629003740E+05
401          -40.61440000  -11.29380000  4.763800E+02  9.780636614578E+05
402          -40.60850000  -11.33980000  4.973400E+02  9.780651858723E+05
403          -40.60330000  -11.38040000  5.128300E+02  9.780698516547E+05
404          -40.37470000  -11.91200000  3.616900E+02  9.781261255711E+05
405          -40.24090000  -11.96030000  3.078300E+02  9.781292593386E+05
406          -40.26830000  -11.96340000  3.206900E+02  9.781250207057E+05
407          -40.19340000  -11.95790000  3.536700E+02  9.781214678170E+05
408          -40.22150000  -12.00310000  3.683800E+02  9.781121029657E+05
409          -40.23770000  -12.02670000  2.942300E+02  9.781345337370E+05
410          -40.25110000  -12.05480000  3.155700E+02  9.781299272612E+05
411          -40.49470000  -12.26520000  3.136600E+02  9.781480814320E+05
412          -40.63130000  -11.79230000  6.065200E+02  9.780574873882E+05
413          -40.45230000  -11.88040000  4.555100E+02  9.780997900797E+05
414          -40.71270000  -11.75550000  6.973500E+02  9.780376929317E+05
415          -40.55300000  -11.85560000  5.413400E+02  9.780817652749E+05
416          -44.94720000  -12.14050000  4.673100E+02  9.780999770493E+05
417          -44.36110000  -12.23140000  7.087800E+02  9.780407911660E+05
418          -40.11100000  -10.87110000  3.555800E+02  9.780908908727E+05
419          -40.02530000  -11.24080000  3.828900E+02  9.781167767109E+05
420          -39.79670000  -11.46470000  2.955500E+02  9.781532457515E+05
421          -39.78920000  -11.47060000  2.937300E+02  9.781538794226E+05
422          -39.65720000  -11.58080000  2.849200E+02  9.781541673069E+05
423          -40.11780000  -10.78100000  3.730500E+02  9.780803759025E+05
424          -40.48920000  -11.20400000  4.444100E+02  9.780853148776E+05
425          -40.35370000  -11.22530000  4.018500E+02  9.780928677737E+05
426          -40.22610000  -11.29580000  4.174400E+02  9.780974879626E+05
427          -40.17160000  -11.31620000  3.975200E+02  9.781110232275E+05
428          -40.03550000  -11.37070000  3.917100E+02  9.781211811021E+05
429          -40.40940000  -11.88290000  4.078100E+02  9.781137793649E+05
430          -40.34640000  -11.94740000  3.617200E+02  9.781237384280E+05
431          -38.37360000  -12.29360000  8.652000E+01  9.782124496029E+05
432          -39.57360000  -17.15420000  1.036700E+02  9.784299389912E+05
433          -40.29810000  -11.96350000  3.691900E+02  9.781134748082E+05
434          -40.63720000  -11.46460000  5.818400E+02  9.780555098835E+05
435          -40.44210000  -12.18230000  3.807500E+02  9.781230828058E+05
436          -40.39490000  -12.16630000  3.601700E+02  9.781259957795E+05
437          -40.66750000  -11.77100000  6.248100E+02  9.780554783442E+05
438          -40.58760000  -11.82880000  5.734500E+02  9.780699366072E+05
439          -40.50850000  -11.86710000  5.143800E+02  9.780879422268E+05
440          -40.32610000  -12.45460000  2.974000E+02  9.781516766103E+05
441          -44.90040000  -12.14150000  5.042400E+02  9.780898929832E+05
442          -44.85980000  -12.16520000  6.856900E+02  9.780384784133E+05
443          -44.76390000  -12.13960000  7.148100E+02  9.780323833817E+05
444          -39.03190000  -14.81470000 -4.510000E+00  9.784345085143E+05
445          -44.71490000  -12.14370000  7.319900E+02  9.780255199886E+05
446          -44.66460000  -12.15760000  7.496700E+02  9.780182960684E+05
447          -44.61530000  -12.16120000  7.649700E+02  9.780156231411E+05
448          -44.11990000  -12.22240000  7.920600E+02  9.780231949562E+05
449          -44.17010000  -12.22240000  8.052200E+02  9.780185790933E+05
450          -44.22080000  -12.22250000  8.036000E+02  9.780171108396E+05
451          -44.48840000  -12.19670000  7.517900E+02  9.780238850204E+05
452          -43.99910000  -12.22550000  8.353600E+02  9.780156828251E+05
453          -43.95480000  -12.22760000  8.428600E+02  9.780148428718E+05
454          -43.90100000  -12.22970000  8.382600E+02  9.780131494297E+05
455          -43.79730000  -12.21280000  5.042900E+02  9.780956598717E+05
456          -43.55550000  -12.21420000  4.534100E+02  9.780916550556E+05
457          -43.45980000  -12.22500000  4.646200E+02  9.780939777191E+05
458          -43.40370000  -12.19370000  4.566900E+02  9.781031548090E+05
459          -43.34700000  -12.12990000  4.749800E+02  9.780855840834E+05
460          -43.26520000  -12.17060000  4.044300E+02  9.780976118140E+05
461          -40.07290000  -11.35570000  4.127900E+02  9.781125792481E+05
462          -40.28840000  -12.08360000  3.537200E+02  9.781227319685E+05
463          -40.33270000  -12.11610000  3.177600E+02  9.781383422525E+05
464          -40.73440000  -11.60830000  5.939400E+02  9.780511048517E+05
465          -40.48620000  -12.21500000  3.539000E+02  9.781365644838E+05
466          -40.41830000  -12.34130000  2.891000E+02  9.781540321096E+05
467          -44.56650000  -12.16510000  7.475900E+02  9.780263299202E+05
468          -44.52000000  -12.18260000  7.678900E+02  9.780205337474E+05
469          -44.45440000  -12.21350000  7.569300E+02  9.780216732334E+05
470          -43.83280000  -12.22830000  5.991300E+02  9.780756558149E+05
471          -41.96250000  -12.40760000  1.041350E+03  9.779706004258E+05
472          -41.43880000  -14.93100000  5.429800E+02  9.781860399823E+05
473          -41.45660000  -14.91670000  5.348600E+02  9.781848557656E+05
474          -41.48110000  -14.92090000  5.714000E+02  9.781737818602E+05
475          -41.51190000  -14.94110000  5.386400E+02  9.781889794410E+05
476          -41.53690000  -14.94900000  5.450400E+02  9.781902298513E+05
477          -41.56860000  -14.94260000  5.660300E+02  9.781837649929E+05
478          -41.58910000  -14.94450000  6.150800E+02  9.781699832108E+05
479          -41.65010000  -14.93600000  6.354800E+02  9.781604110238E+05
480          -41.67770000  -14.94150000  6.062100E+02  9.781690768936E+05
481          -41.70830000  -14.94500000  6.550100E+02  9.781544724088E+05
482          -41.71820000  -14.93520000  6.222100E+02  9.781632466144E+05
483          -41.74560000  -14.92540000  6.895300E+02  9.781423712230E+05
484          -41.77430000  -14.93320000  7.685500E+02  9.781202366432E+05
485          -41.80280000  -14.93730000  7.095100E+02  9.781391594356E+05
486          -41.82510000  -14.93320000  6.564500E+02  9.781533523310E+05
487          -41.85530000  -14.92990000  6.830300E+02  9.781419531259E+05
488          -41.88400000  -14.92660000  6.446100E+02  9.781510280771E+05
489          -41.91280000  -14.92300000  6.631800E+02  9.781441378304E+05
490          -41.93700000  -14.91850000  6.516800E+02  9.781478494879E+05
491          -41.95730000  -14.90600000  6.453600E+02  9.781499568203E+05
492          -41.96390000  -14.91640000  6.598700E+02  9.781467556177E+05
493          -41.97020000  -14.94720000  6.932400E+02  9.781397253368E+05
494          -41.97320000  -14.97890000  6.625200E+02  9.781516779526E+05
495          -41.94700000  -15.00480000  6.961300E+02  9.781461449271E+05
496          -41.93470000  -15.02570000  6.983100E+02  9.781527035525E+05
497          -41.94170000  -15.04590000  7.118600E+02  9.781527398749E+05
498          -41.96880000  -15.11990000  8.002400E+02  9.781499065187E+05
499          -41.97610000  -15.15750000  1.105500E+03  9.780692570653E+05
500          -40.23280000  -15.24220000  2.446300E+02  9.782771523582E+05
501          -40.21070000  -15.24730000  2.555200E+02  9.782746024745E+05
502          -40.19230000  -15.24990000  2.627900E+02  9.782737147618E+05
503          -39.29940000  -14.80240000  1.086300E+02  9.783424483552E+05
504          -39.41950000  -14.85960000  1.055700E+02  9.783179490176E+05
505          -39.40490000  -14.83720000  1.122400E+02  9.783175717668E+05
506          -39.38030000  -14.82160000  1.385900E+02  9.783125413119E+05
507          -39.35620000  -14.82040000  6.418000E+01  9.783394926097E+05
508          -39.34680000  -14.80630000  7.825000E+01  9.783376518439E+05
509          -39.32470000  -14.79860000  6.635000E+01  9.783473344460E+05
510          -39.46000000  -14.88140000  9.766000E+01  9.783182396582E+05
511          -39.50700000  -14.86140000  1.193700E+02  9.783107856837E+05
512          -39.52210000  -14.85890000  1.227700E+02  9.783092591463E+05
513          -39.54780000  -14.85940000  1.291700E+02  9.783057079376E+05
514          -40.75500000  -11.70130000  7.512700E+02  9.780179529590E+05
515          -40.40010000  -12.40230000  3.214600E+02  9.781455566755E+05
516          -40.37990000  -12.41380000  2.963300E+02  9.781529054808E+05
517          -38.94440000  -16.02860000 -3.570000E+00  9.784229091137E+05
518          -41.96360000  -15.09330000  7.426800E+02  9.781561304910E+05
519          -40.91320000  -14.84330000  9.126200E+02  9.781137193324E+05
520          -41.00830000  -15.07960000  8.721000E+02  9.781471158703E+05
521          -41.07750000  -15.19380000  8.622100E+02  9.781576765849E+05
522          -40.91110000  -14.93560000  8.774700E+02  9.781306571684E+05
523          -40.94140000  -14.94260000  8.315700E+02  9.781415144064E+05
524          -40.95420000  -14.95640000  8.283000E+02  9.781419027126E+05
525          -39.90310000  -14.96520000  2.684900E+02  9.782739330929E+05
526          -39.91980000  -14.98520000  2.980600E+02  9.782672907545E+05
527          -39.93300000  -15.00000000  3.220200E+02  9.782600472964E+05
528          -39.94230000  -15.02240000  2.357700E+02  9.782833288497E+05
529          -39.94640000  -15.04960000  2.274800E+02  9.782804320221E+05
530          -39.96780000  -15.06480000  2.235500E+02  9.782779016364E+05
531          -40.16920000  -15.25340000  3.246900E+02  9.782570375596E+05
532          -40.13760000  -15.24760000  2.863200E+02  9.782711993655E+05
533          -40.11730000  -15.23490000  2.976800E+02  9.782669335031E+05
534          -40.09960000  -15.22060000  3.134900E+02  9.782598547563E+05
535          -40.10050000  -15.19840000  2.562900E+02  9.782757103917E+05
536          -40.08630000  -15.17900000  2.455900E+02  9.782763904388E+05
537          -40.08090000  -15.15220000  2.480400E+02  9.782732704627E+05
538          -40.07220000  -15.12630000  2.427200E+02  9.782720223806E+05
539          -40.04150000  -15.11760000  2.369800E+02  9.782698268367E+05
540          -40.01660000  -15.10900000  2.232400E+02  9.782732299369E+05
541          -39.98080000  -15.08080000  2.617000E+02  9.782635478884E+05
542          -40.27270000  -15.24530000  2.554100E+02  9.782767117432E+05
543          -40.29990000  -15.24390000  2.691500E+02  9.782756199663E+05
544          -40.35340000  -15.24450000  3.069900E+02  9.782696211612E+05
545          -40.37100000  -15.25120000  2.738700E+02  9.782812537305E+05
546          -40.39680000  -15.26360000  2.948300E+02  9.782764695106E+05
547          -40.42050000  -15.26660000  3.252400E+02  9.782682462744E+05
548          -40.44030000  -15.27740000  2.924400E+02  9.782808290221E+05
549          -40.46330000  -15.28120000  3.098400E+02  9.782783017605E+05
550          -40.50030000  -15.27430000  3.008400E+02  9.782842416417E+05
551          -40.50510000  -15.27230000  3.143900E+02  9.782803213968E+05
552          -40.53040000  -15.26950000  3.134900E+02  9.782827507530E+05
553          -40.55250000  -15.26980000  3.161500E+02  9.782836042834E+05
554          -40.57670000  -15.27500000  3.152300E+02  9.782860023827E+05
555          -40.56930000  -15.26850000  3.126300E+02  9.782853114418E+05
556          -40.59060000  -15.26290000  3.001800E+02  9.782889754771E+05
557          -40.61400000  -15.25550000  3.234300E+02  9.782816838057E+05
558          -40.63230000  -15.23440000  3.323800E+02  9.782776413276E+05
559          -40.65250000  -15.21320000  3.498800E+02  9.782723313323E+05
560          -40.66130000  -15.19170000  3.373700E+02  9.782749919997E+05
561          -40.66860000  -15.17060000  3.386600E+02  9.782733965252E+05
562          -40.67740000  -15.14900000  3.582100E+02  9.782672017605E+05
563          -40.68440000  -15.12400000  3.647500E+02  9.782657150605E+05
564          -40.68600000  -15.09630000  3.626000E+02  9.782677860809E+05
565          -40.70000000  -15.08490000  3.746600E+02  9.782678707055E+05
566          -41.71500000  -15.07410000  3.838000E+02  9.782833496337E+05
567          -40.72610000  -15.06680000  3.959300E+02  9.782695316267E+05
568          -40.75360000  -15.04220000  8.386800E+02  9.781407612761E+05
569          -40.76540000  -15.02360000  8.436800E+02  9.781412763896E+05
570          -41.04190000  -14.98360000  8.686300E+02  9.781283986714E+05
571          -41.06450000  -14.99850000  8.574900E+02  9.781360019335E+05
572          -41.09470000  -15.01140000  8.345900E+02  9.781447912253E+05
573          -41.25860000  -15.03890000  8.293600E+02  9.781390980490E+05
574          -41.27140000  -15.02000000  8.309100E+02  9.781269245864E+05
575          -41.35020000  -14.97390000  5.777300E+02  9.781743368291E+05
576          -41.41060000  -14.97520000  4.986000E+02  9.782039560774E+05
577          -41.42670000  -14.95410000  5.088400E+02  9.782001290195E+05
578          -40.77960000  -15.01140000  8.504700E+02  9.781411203435E+05
579          -40.79890000  -14.99510000  8.573200E+02  9.781403753546E+05
580          -40.80810000  -14.98570000  8.025000E+02  9.781574963165E+05
581          -40.82620000  -14.96240000  8.607100E+02  9.781388349027E+05
582          -40.83670000  -14.93850000  8.524800E+02  9.781404598204E+05
583          -40.84440000  -14.91530000  8.679400E+02  9.781349358089E+05
584          -40.84430000  -14.88800000  8.888800E+02  9.781271745867E+05
585          -40.88610000  -14.84610000  9.337100E+02  9.781089583502E+05
586          -40.94120000  -14.84070000  9.091100E+02  9.781119154795E+05
587          -40.96320000  -14.82490000  8.859200E+02  9.781124715242E+05
588          -40.97520000  -14.80170000  9.047600E+02  9.780981417271E+05
589          -40.98760000  -14.78310000  8.468600E+02  9.781090294170E+05
590          -41.00090000  -14.76070000  7.958400E+02  9.781175653651E+05
591          -41.01690000  -14.75320000  8.017700E+02  9.781139756872E+05
592          -41.02450000  -14.73110000  7.960400E+02  9.781109815188E+05
593          -41.02980000  -14.70950000  7.677900E+02  9.781155325944E+05
594          -41.03990000  -14.69050000  7.477800E+02  9.781183662241E+05
595          -41.04540000  -14.66610000  7.168200E+02  9.781226651064E+05
596          -41.06540000  -14.64490000  7.265400E+02  9.781140550361E+05
597          -41.09410000  -14.61120000  4.544900E+02  9.781869329714E+05
598          -41.11630000  -14.61120000  3.965300E+02  9.782021010314E+05
599          -40.85470000  -14.87890000  8.994000E+02  9.781236682941E+05
600          -40.87090000  -14.90460000  8.502600E+02  9.781406640133E+05
601          -40.88570000  -14.92800000  8.505900E+02  9.781407146257E+05
602          -40.90630000  -14.96090000  8.957500E+02  9.781254865675E+05
603          -40.92210000  -14.98320000  8.340900E+02  9.781444499610E+05
604          -40.93840000  -15.00220000  7.843500E+02  9.781614856001E+05
605          -40.95360000  -15.02480000  7.867500E+02  9.781647262297E+05
606          -40.97190000  -15.04340000  8.171300E+02  9.781598292708E+05
607          -40.99080000  -15.06190000  8.484000E+02  9.781535533052E+05
608          -41.02020000  -15.09930000  8.406600E+02  9.781558512079E+05
609          -41.03520000  -15.12450000  8.193200E+02  9.781609464319E+05
610          -41.04920000  -15.14750000  8.075100E+02  9.781653179660E+05
611          -41.06280000  -15.16990000  8.736100E+02  9.781484711449E+05
612          -41.09180000  -15.21740000  8.380300E+02  9.781701314714E+05
613          -39.57420000  -14.85550000  1.401200E+02  9.783028822722E+05
614          -39.58990000  -14.86570000  1.464800E+02  9.782977291996E+05
615          -39.61350000  -14.87010000  1.516100E+02  9.782953525643E+05
616          -39.63160000  -14.86150000  1.538600E+02  9.782971218566E+05
617          -39.65600000  -14.85850000  1.700500E+02  9.782919127290E+05
618          -39.68140000  -14.86090000  1.812500E+02  9.782857809154E+05
619          -39.69980000  -14.87060000  2.094300E+02  9.782751369390E+05
620          -39.70410000  -14.88970000  1.930000E+02  9.782819356875E+05
621          -39.72370000  -14.91050000  1.948900E+02  9.782853093901E+05
622          -39.74260000  -14.92500000  2.094400E+02  9.782833762788E+05
623          -39.76290000  -14.91440000  2.154500E+02  9.782785030592E+05
624          -39.79030000  -14.91820000  2.205200E+02  9.782770657577E+05
625          -39.80890000  -14.93280000  2.243400E+02  9.782768745095E+05
626          -39.80560000  -14.95550000  2.305000E+02  9.782754219767E+05
627          -39.82520000  -14.97320000  2.342600E+02  9.782735079593E+05
628          -39.84300000  -14.98090000  2.340000E+02  9.782743079113E+05
629          -39.86540000  -14.97660000  2.501100E+02  9.782726235427E+05
630          -39.87980000  -14.95860000  2.588800E+02  9.782725255784E+05
631          -41.14230000  -14.00020000  3.392900E+02  9.781949356152E+05
632          -39.76280000  -14.12500000  1.266100E+02  9.782779219939E+05
633          -45.95640000  -14.53440000  9.043300E+02  9.780879881811E+05
634          -45.96690000  -14.71050000  9.121300E+02  9.780907285609E+05
635          -45.90290000  -14.68270000  9.081900E+02  9.780936353173E+05
636          -45.94760000  -14.63600000  9.139400E+02  9.780922864652E+05
637          -45.87090000  -14.54420000  8.912600E+02  9.781006725033E+05
638          -46.21700000  -14.11960000  9.798100E+02  9.780451012671E+05
639          -46.12880000  -14.12640000  9.563900E+02  9.780546282368E+05
640          -46.03980000  -14.20860000  9.383200E+02  9.780582988852E+05
641          -37.79100000  -10.12540000  2.984300E+02  9.781169088469E+05
642          -37.87720000  -10.12300000  2.684800E+02  9.781133323781E+05
643          -37.87620000  -10.04300000  3.162500E+02  9.781022695697E+05
644          -37.95180000  -10.03850000  3.280100E+02  9.780923184536E+05
645          -38.12790000  -10.03910000  2.703100E+02  9.781061243138E+05
646          -40.06360000  -14.22440000  5.208400E+02  9.782161688413E+05
647          -37.87580000  -10.37490000  2.299100E+02  9.781407833578E+05
648          -37.63470000  -11.60470000  6.174000E+01  9.782369909904E+05
649          -37.62130000  -11.54320000  3.670000E+01  9.782464222173E+05
650          -37.87510000  -10.70940000  3.977200E+02  9.781438778941E+05
651          -37.95900000  -10.70820000  3.371900E+02  9.781665544305E+05
652          -37.87330000  -10.62610000  3.394800E+02  9.781493637335E+05
653          -37.87350000  -10.54130000  1.939300E+02  9.781611029992E+05
654          -37.87430000  -10.45620000  1.928300E+02  9.781579008018E+05
655          -39.42370000  -14.23500000  1.223300E+02  9.783186362479E+05
656          -40.43280000  -13.44050000  9.553900E+02  9.780671630903E+05
657          -40.43130000  -13.44050000  9.549700E+02  9.780673423471E+05
658          -40.08990000  -15.86350000  1.204220E+03  9.780350099368E+05
659          -40.24990000  -13.78070000  5.027000E+02  9.781943204758E+05
660          -45.28749000  -14.25491000  7.872850E+02  9.781093444762E+05
661          -43.20714000  -12.18524000  4.066810E+02  9.781010999925E+05
662          -39.49440000  -15.41573000  1.935790E+02  9.783320356745E+05
663          -46.11760000  -13.59008000  9.319500E+02  9.780512764407E+05
664          -44.82317000  -14.13479000  6.199530E+02  9.781372278125E+05
665          -44.48784000  -14.05011000  6.397700E+02  9.781506073917E+05
666          -44.56589000  -12.70920000  7.622970E+02  9.780561584001E+05
667          -44.25015000  -13.51378000  4.518900E+02  9.781721619405E+05
668          -45.00863000  -12.16498000  4.292950E+02  9.781123645412E+05
669          -45.08438000  -12.43036000  5.112190E+02  9.781169034177E+05
670          -45.39515000  -14.75547000  8.237020E+02  9.781213822269E+05
671          -44.63614000  -13.32151000  6.348800E+02  9.781232069438E+05
672          -44.72096000  -13.41246000  7.014340E+02  9.781157368289E+05
673          -37.95308000  -11.95897000  7.395300E+01  9.782421169539E+05
674          -42.75767000  -14.20355000  5.296410E+02  9.781609071517E+05
675          -42.84318000  -14.21581000  4.951240E+02  9.781751521326E+05
676          -39.66906000  -17.52333000  9.585200E+01  9.784495072350E+05
677          -37.83248000  -12.21691000  1.809600E+01  9.782952945596E+05
678          -37.63530000  -11.82045000  1.048300E+01  9.782706495895E+05
679          -44.04920000  -12.98414000  5.180570E+02  9.781169757253E+05
680          -39.58775000  -16.38955000  1.797690E+02  9.783809843834E+05
681          -40.80819000   -9.48962700  3.682020E+02  9.780324728509E+05
682          -40.54451000   -9.47014300  3.610410E+02  9.780401664983E+05
683          -39.22510000  -12.97457000  1.907020E+02  9.782182024279E+05
684          -40.81634000   -9.41019100  3.870010E+02  9.780277077051E+05
685          -40.82667000   -9.42948500  3.853380E+02  9.780281150391E+05
686          -38.41326000  -12.17684000  1.149270E+02  9.781912918341E+05
687          -45.94357000  -13.72552000  8.660380E+02  9.780725502842E+05
688          -44.63726000  -13.34140000  5.573820E+02  9.781489805335E+05
689          -39.52195000  -14.21407000  9.812300E+01  9.783218357512E+05
690          -41.76964000  -12.41384000  8.177990E+02  9.780195944996E+05
691          -42.42952000  -12.37263000  4.890980E+02  9.780547121161E+05
692          -41.64164000  -12.45744000  7.057910E+02  9.780521124217E+05
693          -40.28713000  -12.51608000  2.665850E+02  9.781555865155E+05
694          -41.16264000  -14.60147000  3.986190E+02  9.781953142766E+05
695          -41.23946000  -14.59612000  4.285140E+02  9.781944457759E+05
696          -38.96964000  -12.07394000  2.298450E+02  9.781893903166E+05
697          -40.11292000  -10.83753000  3.374790E+02  9.780931963370E+05
698          -39.33812000  -12.13468000  2.340740E+02  9.782032989206E+05
699          -38.97979000  -12.23924000  2.290370E+02  9.781943983797E+05
700          -40.01354000  -11.36263000  3.924060E+02  9.781221974894E+05
701          -39.41059000  -11.79677000  2.103990E+02  9.781893471549E+05
702          -42.08945000  -14.20967000  6.346170E+02  9.781106226334E+05
703          -40.53402000  -11.18137000  4.617710E+02  9.780719337793E+05
704          -40.68810000  -11.55412000  5.206010E+02  9.780672936444E+05
705          -40.36002000  -12.13669000  3.407860E+02  9.781319770162E+05
706          -40.47360000  -11.85795000  5.215050E+02  9.780846496967E+05
707          -45.02768000  -12.12485000  4.559250E+02  9.781086044188E+05
708          -44.04058000  -12.22395000  7.774700E+02  9.780310306236E+05
709          -43.42159000  -13.25565000  4.143750E+02  9.781515746325E+05
710          -38.51740000  -12.97383000 -9.057000E+00  9.783008264669E+05
711          -38.52021000  -12.96874000 -7.658000E+00  9.782980109893E+05
712          -38.51457000  -12.97400000 -8.016000E+00  9.783011535115E+05
713          -38.99864000  -15.05201000 -1.864000E+00  9.784775386950E+05
714          -38.31598000  -12.89197000  5.718000E+00  9.783096346332E+05
715          -38.29722000  -12.89843000 -8.216000E+00  9.783142527686E+05
716          -38.99049000  -15.63845000 -3.852000E+00  9.784101862137E+05
717          -38.39661000  -12.96031000 -4.805000E+00  9.783065905945E+05
718          -38.41068000  -12.96864000  4.494000E+00  9.783028385807E+05
719          -38.43998000  -12.99109000 -6.460000E+00  9.783054862229E+05
720          -38.44619000  -12.99823000 -5.041000E+00  9.783049075550E+05
721          -38.50798000  -13.01125000 -7.550000E+00  9.783093360929E+05
722          -38.51169000  -13.00827000  3.618000E+01  9.782951666786E+05
723          -38.51236000  -13.00867000  3.575600E+01  9.782952779653E+05
724          -38.52390000  -13.01083000  1.385900E+01  9.783009998222E+05
725          -39.31601000  -14.21721000  1.138440E+02  9.783265683495E+05
726          -39.33219000  -14.59836000  1.131730E+02  9.783286194532E+05
727          -39.05344000  -15.32226000  4.491300E+01  9.784327030514E+05
728          -39.48743000  -13.64046000  2.613450E+02  9.782094862798E+05
729          -44.95713000  -11.50268000  4.880850E+02  9.780349580437E+05
730          -39.32650000  -14.41710000  7.682200E+01  9.783443852581E+05
731          -42.72105000  -13.76867000  7.590350E+02  9.780839836475E+05
732          -39.08032000  -14.74284000  1.382000E+00  9.784194478798E+05
733          -43.42174000  -13.25556000  4.194010E+02  9.781500358855E+05
734          -42.94100000  -13.60964000  6.132520E+02  9.781191044157E+05
735          -45.14513000  -10.87145000  5.161990E+02  9.780402901883E+05
736          -39.55939000  -16.57134000  1.535530E+02  9.783945208077E+05
737          -39.54001000  -17.02648000  1.218690E+02  9.784145479091E+05
738          -39.21410000  -17.55217000 -4.623000E+00  9.785025874709E+05
739          -39.54539000  -18.07743000 -3.313000E+00  9.785113907587E+05
740          -43.74039000  -13.29830000  4.482800E+02  9.781528598671E+05
741          -38.36016000  -12.92306000  8.737000E+00  9.783067437781E+05
742          -38.35359000  -12.92061000  1.885700E+01  9.783038305224E+05
743          -38.39109000  -12.93175000  1.018600E+01  9.783051501198E+05
744          -39.51833000  -10.66588000  3.586210E+02  9.780916757533E+05
745          -38.43217000  -12.94963000  5.103100E+01  9.782894835541E+05
746          -38.42866000  -12.95492000  2.740400E+01  9.782967947276E+05
747          -38.43360000  -12.96120000  1.785400E+01  9.782994130608E+05
748          -38.46535000  -12.97884000  5.146000E+00  9.783034232285E+05
749          -38.50257000  -12.97759000  3.291300E+01  9.782916173275E+05
750          -39.52656000  -15.96642000  1.707430E+02  9.783550170884E+05
751          -39.51454000  -15.99131000  1.649900E+02  9.783581741729E+05
752          -40.20394000  -10.23609000  6.627430E+02  9.780043754517E+05
753          -38.96421000  -16.15569000  3.249000E+00  9.784434039633E+05
754          -39.13538000  -16.41950000  6.016400E+01  9.784396662133E+05
755          -39.30652000  -16.37330000  1.004650E+02  9.784022707847E+05
756          -41.95826000  -15.06622000  7.253790E+02  9.781512637593E+05
757          -40.32702000  -15.24195000  3.183580E+02  9.782635199681E+05
758          -41.01264000  -14.97380000  8.332320E+02  9.781384435543E+05
759          -39.99589000  -15.09822000  2.365100E+02  9.782698618207E+05
760          -41.15038000  -14.30289000  3.935310E+02  9.781793961027E+05
761          -41.20731000  -14.20588000  3.284300E+02  9.781880746949E+05
762          -41.06431000  -13.85082000  3.598450E+02  9.781861619992E+05
763          -40.91033000  -13.68051000  4.232660E+02  9.781704898644E+05
764          -40.80083000  -13.61482000  3.733090E+02  9.781697923438E+05
765          -40.65319000  -13.53825000  3.757550E+02  9.781815875257E+05
766          -40.55412000  -13.53622000  6.931500E+02  9.781225373193E+05
767          -41.15554000  -14.55756000  4.260490E+02  9.781822859793E+05
768          -39.81226000  -14.05090000  1.451050E+02  9.782683425437E+05
769          -41.11487000  -14.40281000  4.018450E+02  9.781804447247E+05
770          -41.13676000  -13.99017000  3.362130E+02  9.781958381218E+05
771          -40.97900000  -13.72581000  4.019530E+02  9.781750107138E+05
772          -39.90746000  -14.00870000  1.790580E+02  9.782668999016E+05
773          -39.71473000  -14.14451000  1.298950E+02  9.782836205460E+05
774          -39.62584000  -14.19588000  1.318410E+02  9.782998680116E+05
775          -40.47769000  -13.61259000  6.669830E+02  9.781412516511E+05
776          -40.41058000  -13.68722000  6.240480E+02  9.781661021375E+05
777          -40.39253000  -13.69508000  6.267850E+02  9.781659924390E+05
778          -40.09911000  -13.87128000  1.897350E+02  9.782615626578E+05
779          -40.29855000  -13.74810000  6.721610E+02  9.781504570910E+05
780          -41.18653000  -14.08043000  3.668040E+02  9.781842959671E+05
781          -39.52195000  -14.21407000  9.812300E+01  9.783218357512E+05
782          -40.19993000  -13.83293000  2.901470E+02  9.782405228124E+05
783          -40.18194000  -13.85558000  2.008140E+02  9.782659562942E+05
784          -40.06950000  -13.87800000  1.892550E+02  9.782602687401E+05
785          -40.03238000  -13.88344000  1.832490E+02  9.782707114855E+05
786          -39.86955000  -14.00835000  1.484080E+02  9.782633813816E+05
