LONG(deg) 	 LAT(deg) 	 ALT_GEOM(m) 	 GRAV(mGal)
-38.0639 	 -11.1978 	 167.12 	 978164.67
-38.0097 	 -11.1968 	 149.15 	 978191.76
-39.5183 	 -15.8027 	 259.93 	 978337.62
-39.521 	 -15.8599 	 201.44 	 978346.38
-38.3525 	 -11.7861 	 167.38 	 978136.04
-38.3275 	 -11.7089 	 268.38 	 978109.76
-38.302 	 -11.6309 	 260.05 	 978106.06
-38.3637 	 -11.8311 	 196.21 	 978136.51
-38.3156 	 -11.6819 	 262.85 	 978111.02
-38.2958 	 -11.5706 	 226.98 	 978097.18
-38.2986 	 -11.5054 	 171.64 	 978094.41
-38.2947 	 -11.4578 	 216.8 	 978077.97
-39.4004 	 -15.152 	 268.29 	 978317.07
-39.301 	 -14.7637 	 70.8 	 978349.97
-39.2808 	 -14.8525 	 130.05 	 978347.45
-39.2895 	 -14.9112 	 131.65 	 978346.88
-39.3455 	 -14.7278 	 63.92 	 978341.88
-39.308 	 -14.9597 	 100.38 	 978351.09
-40.3068 	 -12.5101 	 257.76 	 978158.62
-39.4362 	 -15.6523 	 104.69 	 978360.76
-39.4444 	 -15.4533 	 129.73 	 978356.39
-39.4326 	 -15.4979 	 108.85 	 978361.78
-39.4069 	 -15.5444 	 123.76 	 978361.41
-39.4283 	 -15.5944 	 73.81 	 978367.16
-39.3292 	 -15.014 	 120.26 	 978353.12
-39.338 	 -15.0781 	 143.33 	 978354.21
-39.4427 	 -15.1954 	 151.53 	 978333.55
-39.4465 	 -15.7112 	 191.68 	 978346.55
-39.4826 	 -15.7557 	 238.87 	 978340.95
-39.4526 	 -15.2555 	 146.05 	 978340.81
-39.4896 	 -15.297 	 219.83 	 978324.45
-39.4998 	 -15.3594 	 159.28 	 978339.27
-39.4673 	 -15.4044 	 132.8 	 978352.8
-39.3703 	 -15.1095 	 202.05 	 978334.19
-39.2778 	 -14.7889 	 47.05 	 978361.29
-39.5817 	 -16.3767 	 176.52 	 978379.57
-38.2925 	 -11.4175 	 219.68 	 978073.71
-38.3289 	 -11.3564 	 125.16 	 978086.02
-38.2638 	 -11.3267 	 171.57 	 978098.18
-38.2204 	 -11.3108 	 141.87 	 978105.61
-38.1678 	 -11.2721 	 153.26 	 978116.1
-38.1276 	 -11.2347 	 264.88 	 978109.17
-45.0808 	 -12.4305 	 511.11 	 978108.23
-44.47 	 -13.6975 	 569.54 	 978157.66
-44.4008 	 -13.6147 	 460.22 	 978169.82
-44.3825 	 -13.6064 	 464.75 	 978169.91
-44.3556 	 -13.6064 	 457.77 	 978172.01
-44.3289 	 -13.6028 	 458.81 	 978173.75
-44.3197 	 -13.5811 	 454.85 	 978172.04
-44.2872 	 -13.5719 	 454.64 	 978171.31
-44.2808 	 -13.5547 	 470.42 	 978161.98
-44.0831 	 -13.3894 	 441.75 	 978162.89
-46.0996 	 -15.2324 	 933.88 	 978117.45
-43.7658 	 -14.3049 	 428.25 	 978190.3
-39.7044 	 -17.4812 	 102.02 	 978452.77
-39.6852 	 -17.4257 	 105.01 	 978450.43
-39.6514 	 -17.3701 	 93.42 	 978449.75
-39.6322 	 -17.3137 	 96.29 	 978443.33
-39.6312 	 -17.2556 	 75.81 	 978446.11
-44.2375 	 -13.4758 	 456.64 	 978156.42
-44.2072 	 -13.4269 	 441.28 	 978164.01
-43.7847 	 -14.334 	 424.16 	 978190.54
-43.7633 	 -14.4063 	 442.76 	 978186.97
-43.7522 	 -14.4491 	 447.98 	 978185.37
-43.7741 	 -14.5008 	 468.63 	 978184.2
-43.6807 	 -14.5998 	 477.54 	 978185.15
-43.7322 	 -14.5777 	 493.09 	 978182.39
-43.6462 	 -14.6141 	 459.36 	 978188.32
-39.2337 	 -15.475 	 126.81 	 978392.5
-39.1771 	 -15.5086 	 101.52 	 978393.78
-39.1163 	 -15.539 	 73.83 	 978404.87
-42.3197 	 -14.6169 	 712.72 	 978122.72
-44.4253 	 -14.2444 	 31.42 	 978175.76
-43.1838 	 -12.6888 	 409.2 	 978104.77
-37.9967 	 -12.0961 	 112.56 	 978250.54
-37.9558 	 -11.9706 	 125.88 	 978229.66
-37.9486 	 -11.9408 	 52.19 	 978243.51
-37.9628 	 -11.9783 	 125.47 	 978229.68
-37.9733 	 -12.0069 	 76.49 	 978243.34
-37.9919 	 -12.0275 	 104.24 	 978237.07
-38.0003 	 -12.0567 	 88.2 	 978241.52
-39.6739 	 -16.0809 	 216.09 	 978360.81
-39.7131 	 -16.0917 	 269.37 	 978352.24
-39.7754 	 -16.0825 	 254.4 	 978355.93
-39.5778 	 -15.9933 	 116.92 	 978359.12
-43.6921 	 -14.7079 	 436.7 	 978200.53
-43.734 	 -14.6963 	 432.15 	 978200.43
-43.7709 	 -14.6875 	 431.81 	 978199.77
-43.8461 	 -14.6546 	 434.09 	 978194.54
-43.8226 	 -14.6754 	 430.17 	 978198.25
-37.8989 	 -12.2656 	 36.44 	 978286.99
-37.8981 	 -12.2458 	 38.64 	 978285.06
-37.8969 	 -12.2267 	 43.9 	 978284.06
-37.9119 	 -12.2258 	 26.85 	 978289.02
-37.9414 	 -12.2106 	 37.24 	 978286.71
-37.9542 	 -12.2061 	 43.7 	 978286.11
-37.9656 	 -12.1897 	 123.89 	 978274.49
-37.9717 	 -12.1569 	 107.28 	 978274.53
-38.0189 	 -12.5636 	 2.16 	 978315.38
-38.0053 	 -12.5536 	 7.18 	 978313.28
-37.9975 	 -12.5403 	 5.06 	 978312.62
-37.9119 	 -12.3836 	 -2.57 	 978302.23
-37.9081 	 -12.3628 	 -4.15 	 978300.8
-37.9064 	 -12.3506 	 -3.14 	 978299.37
-37.9044 	 -12.3344 	 7.03 	 978296.66
-37.8383 	 -12.2275 	 5.89 	 978288.78
-37.7914 	 -12.1378 	 43.53 	 978278.54
-39.6091 	 -16.0304 	 220.18 	 978350.19
-42.858 	 -13.6752 	 630.53 	 978106.37
-39.7264 	 -17.559 	 101.97 	 978456.33
-39.6027 	 -17.2099 	 133.94 	 978430.54
-39.756 	 -17.6067 	 95.92 	 978456.77
-39.7685 	 -17.7269 	 74.7 	 978469.5
-39.7799 	 -17.7916 	 49.11 	 978481.29
-39.0627 	 -15.5679 	 56.33 	 978417.51
-39.5931 	 -16.324 	 176.24 	 978376.78
-39.5852 	 -16.2637 	 136.7 	 978382.61
-39.6016 	 -16.2079 	 202.47 	 978368.13
-39.5959 	 -16.1487 	 232.3 	 978358.21
-39.8009 	 -17.8544 	 58.33 	 978485.64
-39.8289 	 -17.9115 	 77.27 	 978485.98
-39.8588 	 -17.974 	 64.52 	 978493.8
-39.6158 	 -16.0872 	 163.79 	 978368.76
-39.5667 	 -17.0935 	 85.16 	 978434.95
-38.0775 	 -12.6492 	 2.21 	 978317.94
-38.0353 	 -12.5703 	 13.45 	 978312.62
-38.2125 	 -12.7981 	 6.18 	 978319.69
-38.1414 	 -12.7094 	 -4.77 	 978318.21
-38.9967 	 -13.0894 	 -4.36 	 978281.84
-39.8424 	 -16.0805 	 240.75 	 978360.15
-39.0617 	 -13.3533 	 -7.42 	 978314.41
-39.2725 	 -12.9744 	 202.96 	 978213.98
-38.2532 	 -12.4749 	 98.79 	 978239.22
-38.275 	 -12.4536 	 69.82 	 978244.02
-38.4909 	 -12.5214 	 56.48 	 978224.99
-38.4122 	 -12.2359 	 187.52 	 978169.72
-38.398 	 -12.0713 	 213.27 	 978167.18
-38.3806 	 -12.0381 	 228.21 	 978165.15
-46.526 	 -11.4263 	 886.14 	 977978.17
-46.5307 	 -11.3802 	 889.49 	 977974.31
-46.5699 	 -11.3693 	 894.64 	 977971.51
-46.3238 	 -11.0607 	 805.7 	 977999.55
-46.3579 	 -11.0907 	 816.45 	 977997.23
-46.3926 	 -11.121 	 824.6 	 977995.38
-46.4274 	 -11.151 	 833.54 	 977995.02
-46.4618 	 -11.181 	 842.91 	 977993.39
-46.4963 	 -11.2118 	 852.86 	 977990.34
-46.5307 	 -11.2424 	 864.02 	 977986.0
-46.5571 	 -11.279 	 873.85 	 977981.73
-46.5704 	 -11.3229 	 884.07 	 977977.8
-38.3743 	 -11.9594 	 134.39 	 978188.58
-38.3146 	 -12.441 	 60.74 	 978239.59
-38.3029 	 -12.3632 	 110.6 	 978221.53
-38.3736 	 -12.397 	 71.02 	 978226.02
-38.3733 	 -12.3533 	 63.4 	 978223.75
-40.8153 	 -9.4761 	 370.46 	 978030.25
-40.79 	 -9.5017 	 364.9 	 978030.89
-40.7786 	 -9.5069 	 362.33 	 978030.8
-40.5314 	 -9.4472 	 358.61 	 978039.3
-38.3991 	 -12.5974 	 24.53 	 978238.6
-38.3514 	 -12.6415 	 30.83 	 978241.56
-38.2974 	 -12.6128 	 25.82 	 978244.47
-38.3753 	 -11.8956 	 207.2 	 978165.3
-44.0531 	 -13.3858 	 442.14 	 978159.7
-46.2699 	 -10.9879 	 796.53 	 978002.87
-46.2882 	 -11.0299 	 799.22 	 978002.54
-38.2967 	 -12.5303 	 20.92 	 978254.55
-39.3939 	 -15.4126 	 111.83 	 978370.31
-39.3346 	 -15.43 	 103.48 	 978384.49
-39.2818 	 -15.4402 	 105.16 	 978395.73
-39.773 	 -17.6648 	 91.76 	 978460.92
-38.4172 	 -12.1375 	 144.33 	 978160.5
-38.2178 	 -11.3094 	 151.22 	 978104.34
-43.7438 	 -14.3616 	 441.35 	 978188.34
-43.6698 	 -14.6479 	 460.61 	 978191.46
-46.2315 	 -10.8563 	 767.86 	 978001.5
-46.2674 	 -10.941 	 789.36 	 977999.9
-46.1749 	 -10.7296 	 663.96 	 978027.32
-46.2124 	 -10.8143 	 759.9 	 978003.05
-46.2504 	 -10.8979 	 781.82 	 977999.38
-46.1549 	 -10.6463 	 745.88 	 978009.62
-46.1501 	 -10.6915 	 707.97 	 978020.05
-43.7094 	 -14.3234 	 428.71 	 978193.71
-43.7651 	 -14.5513 	 459.34 	 978187.44
-38.4481 	 -12.5714 	 31.88 	 978235.69
-44.4397 	 -13.64 	 466.93 	 978171.79
-44.3086 	 -13.5658 	 453.41 	 978171.87
-39.5715 	 -14.1049 	 133.06 	 978293.88
-39.6093 	 -14.0799 	 148.73 	 978286.74
-39.6532 	 -14.1909 	 115.03 	 978299.59
-39.3656 	 -14.5446 	 103.19 	 978330.11
-39.3769 	 -14.5027 	 153.86 	 978318.06
-46.2001 	 -10.7693 	 656.54 	 978026.02
-39.399 	 -14.4639 	 107.72 	 978322.32
-39.5505 	 -14.1936 	 121.24 	 978308.69
-39.5539 	 -14.1499 	 167.42 	 978294.49
-39.4927 	 -14.2813 	 133.58 	 978316.17
-39.3611 	 -14.5998 	 87.44 	 978335.01
-40.0032 	 -12.3491 	 268.78 	 978181.31
-39.9498 	 -12.3344 	 269.95 	 978181.01
-39.9116 	 -12.3124 	 243.71 	 978187.82
-39.8723 	 -12.2891 	 223.5 	 978191.38
-38.7547 	 -12.3989 	 193.3 	 978207.28
-38.7406 	 -12.4239 	 170.75 	 978207.73
-38.7203 	 -12.4419 	 79.83 	 978222.77
-38.6292 	 -12.5111 	 52.87 	 978219.81
-42.0053 	 -12.4278 	 1103.11 	 977961.72
-39.6251 	 -14.1964 	 129.75 	 978299.3
-39.5022 	 -14.2316 	 90.23 	 978321.36
-39.425 	 -14.3556 	 74.29 	 978329.77
-39.3981 	 -14.3961 	 80.54 	 978329.7
-39.4019 	 -14.4503 	 96.72 	 978324.24
-43.1813 	 -12.144 	 434.85 	 978089.58
-43.1681 	 -12.0985 	 465.47 	 978082.88
-43.1263 	 -12.0812 	 493.49 	 978082.93
-43.0841 	 -12.0482 	 460.0 	 978087.79
-43.0353 	 -12.0267 	 471.36 	 978082.1
-42.9888 	 -12.037 	 455.71 	 978077.68
-42.9595 	 -12.0648 	 464.08 	 978069.91
-42.8833 	 -12.1345 	 430.75 	 978073.4
-42.8484 	 -12.1675 	 426.06 	 978075.52
-42.8107 	 -12.203 	 431.91 	 978073.54
-42.777 	 -12.2347 	 422.18 	 978071.44
-42.7392 	 -12.2617 	 428.02 	 978063.59
-42.6953 	 -12.2778 	 453.63 	 978055.67
-42.6502 	 -12.2944 	 446.59 	 978056.92
-42.6072 	 -12.3102 	 475.01 	 978053.97
-42.5641 	 -12.326 	 482.5 	 978056.02
-42.5205 	 -12.3419 	 473.12 	 978066.07
-42.476 	 -12.3611 	 480.97 	 978066.6
-42.3922 	 -12.4011 	 588.17 	 978037.2
-42.351 	 -12.4249 	 873.63 	 977984.95
-42.3192 	 -12.4518 	 738.64 	 978013.73
-41.9177 	 -12.3925 	 1036.37 	 977960.31
-41.9625 	 -12.4076 	 1041.35 	 977963.38
-42.1015 	 -12.4222 	 1071.94 	 977965.05
-42.1413 	 -12.4494 	 1055.18 	 977963.48
-42.1877 	 -12.4549 	 935.96 	 977980.41
-42.2311 	 -12.4618 	 853.26 	 977995.68
-42.2775 	 -12.4726 	 837.8 	 977998.15
-41.8707 	 -12.4075 	 1048.28 	 977974.2
-41.828 	 -12.4295 	 1044.58 	 977972.23
-41.7519 	 -12.45 	 800.98 	 978016.53
-41.7076 	 -12.4712 	 773.06 	 978022.4
-41.665 	 -12.4668 	 754.27 	 978025.97
-41.5926 	 -12.4515 	 692.86 	 978043.71
-41.543 	 -12.4413 	 760.91 	 978023.94
-41.4924 	 -12.436 	 714.91 	 978037.5
-41.4582 	 -12.4654 	 879.31 	 978008.23
-41.4072 	 -12.4647 	 679.99 	 978049.06
-41.3595 	 -12.4779 	 492.11 	 978078.82
-42.923 	 -12.0972 	 442.89 	 978075.93
-42.0542 	 -12.4251 	 1167.69 	 977950.13
-40.2448 	 -12.5004 	 257.97 	 978160.57
-41.3633 	 -12.5236 	 459.67 	 978087.8
-41.3153 	 -12.4954 	 444.16 	 978092.95
-41.2942 	 -12.4991 	 490.24 	 978085.28
-41.2409 	 -12.5122 	 407.55 	 978102.88
-41.1466 	 -12.487 	 465.0 	 978100.0
-41.1959 	 -12.4982 	 387.85 	 978110.38
-41.0975 	 -12.4707 	 498.85 	 978091.75
-41.0469 	 -12.4748 	 541.65 	 978084.21
-40.9984 	 -12.4608 	 581.29 	 978078.89
-40.9474 	 -12.4685 	 634.79 	 978070.4
-40.8957 	 -12.4617 	 595.36 	 978081.25
-40.8504 	 -12.441 	 600.9 	 978080.45
-40.7997 	 -12.4441 	 555.68 	 978096.29
-40.6197 	 -12.4515 	 516.05 	 978113.5
-40.7504 	 -12.4398 	 515.88 	 978104.33
-40.7019 	 -12.4483 	 536.31 	 978102.89
-40.6527 	 -12.4503 	 548.52 	 978103.15
-40.5711 	 -12.4592 	 407.77 	 978137.91
-40.5275 	 -12.4819 	 348.01 	 978146.23
-40.4786 	 -12.5088 	 315.17 	 978152.91
-40.4299 	 -12.5026 	 282.99 	 978156.06
-40.3826 	 -12.5144 	 284.86 	 978153.89
-40.3409 	 -12.5246 	 248.14 	 978158.59
-40.2037 	 -12.4781 	 240.02 	 978164.99
-40.1586 	 -12.4579 	 245.64 	 978161.68
-40.1124 	 -12.4417 	 270.87 	 978160.42
-40.0816 	 -12.405 	 229.72 	 978175.33
-40.0493 	 -12.3677 	 215.7 	 978186.56
-38.6189 	 -12.5186 	 53.38 	 978221.48
-38.5814 	 -12.5456 	 46.69 	 978226.28
-38.6756 	 -12.4764 	 66.68 	 978215.27
-38.5386 	 -12.5778 	 47.18 	 978229.91
-38.4936 	 -12.6056 	 46.66 	 978234.51
-38.4758 	 -12.6533 	 30.83 	 978242.91
-38.4633 	 -12.6986 	 31.72 	 978244.81
-38.4047 	 -12.7933 	 57.74 	 978277.23
-38.4144 	 -12.8381 	 79.35 	 978286.6
-38.4381 	 -12.8864 	 82.38 	 978296.78
-38.4686 	 -12.9256 	 53.04 	 978304.7
-38.5014 	 -12.9497 	 -7.7 	 978306.92
-38.9742 	 -12.5628 	 191.97 	 978215.98
-38.9931 	 -12.6256 	 202.47 	 978217.34
-38.8669 	 -12.3583 	 184.77 	 978204.59
-38.9928 	 -12.4611 	 203.7 	 978210.71
-38.9997 	 -12.5036 	 216.24 	 978209.64
-38.9747 	 -12.5261 	 206.67 	 978213.18
-39.0278 	 -12.5972 	 203.9 	 978215.35
-39.0489 	 -12.6022 	 212.58 	 978212.91
-39.0914 	 -12.6286 	 202.62 	 978218.15
-39.1133 	 -12.6472 	 203.73 	 978218.58
-39.1303 	 -12.6656 	 211.27 	 978218.35
-38.9669 	 -12.6083 	 -3.06 	 978253.78
-39.3766 	 -12.1282 	 231.38 	 978199.79
-39.2884 	 -12.1243 	 201.06 	 978205.49
-39.2047 	 -12.1668 	 185.46 	 978206.88
-39.1606 	 -12.1859 	 189.15 	 978203.52
-39.138 	 -12.2068 	 180.7 	 978204.44
-39.1167 	 -12.2241 	 174.64 	 978206.03
-39.0794 	 -12.2488 	 165.08 	 978208.76
-39.0334 	 -12.2912 	 160.9 	 978210.39
-39.0567 	 -12.2742 	 160.11 	 978210.13
-38.9931 	 -12.2719 	 140.6 	 978215.0
-38.9011 	 -12.2978 	 217.62 	 978199.03
-39.1542 	 -12.6997 	 191.58 	 978223.16
-39.1811 	 -12.7275 	 215.61 	 978218.13
-39.1831 	 -12.7644 	 161.59 	 978230.23
-39.1858 	 -12.7975 	 173.38 	 978227.85
-39.2023 	 -12.8269 	 192.23 	 978222.08
-39.2531 	 -12.9342 	 131.23 	 978228.89
-38.8739 	 -12.3194 	 212.92 	 978196.33
-38.7858 	 -12.39 	 192.56 	 978203.22
-39.2519 	 -12.9614 	 196.11 	 978216.58
-39.5178 	 -13.7557 	 152.72 	 978244.97
-39.546 	 -13.7873 	 161.82 	 978245.48
-39.5746 	 -13.8267 	 184.9 	 978243.6
-39.6063 	 -13.867 	 184.91 	 978243.16
-39.6164 	 -13.9101 	 170.04 	 978249.08
-39.6353 	 -13.9472 	 146.35 	 978258.82
-39.6351 	 -13.9886 	 186.06 	 978256.66
-39.639 	 -14.0312 	 164.44 	 978270.35
-39.6397 	 -14.0649 	 147.09 	 978279.72
-39.6641 	 -14.1031 	 203.5 	 978271.5
-39.7023 	 -14.1002 	 139.04 	 978272.84
-39.7335 	 -14.1316 	 124.41 	 978271.99
-39.6923 	 -14.1603 	 127.02 	 978287.86
-39.8387 	 -12.2718 	 203.31 	 978195.64
-39.8037 	 -12.2427 	 243.03 	 978188.95
-39.7737 	 -12.2003 	 241.44 	 978188.69
-39.7028 	 -12.1886 	 344.36 	 978169.01
-39.6575 	 -12.2044 	 251.51 	 978187.34
-39.6056 	 -12.2018 	 231.53 	 978192.72
-39.5537 	 -12.1973 	 226.39 	 978196.4
-39.5039 	 -12.1877 	 219.96 	 978201.54
-39.453 	 -12.1809 	 227.55 	 978199.28
-39.4151 	 -12.1469 	 215.74 	 978201.27
-39.4261 	 -11.7889 	 209.66 	 978185.67
-39.3872 	 -11.8067 	 203.64 	 978191.53
-38.9367 	 -12.2436 	 210.02 	 978200.29
-39.2867 	 -11.89 	 200.37 	 978193.85
-39.2658 	 -11.9061 	 211.3 	 978193.88
-39.08 	 -11.9892 	 199.65 	 978198.3
-39.0633 	 -12.0047 	 181.33 	 978200.98
-38.9869 	 -12.05 	 211.81 	 978195.67
-42.3492 	 -14.1542 	 636.18 	 978106.37
-42.1911 	 -14.1725 	 511.89 	 978125.82
-41.9731 	 -14.2303 	 622.23 	 978111.79
-41.8933 	 -14.2356 	 528.3 	 978134.3
-41.7739 	 -14.2572 	 493.92 	 978155.66
-41.6989 	 -14.2225 	 446.22 	 978158.66
-41.1517 	 -14.6064 	 390.65 	 978193.5
-41.1997 	 -14.5975 	 406.09 	 978187.88
-41.2239 	 -14.5989 	 421.74 	 978184.21
-41.2508 	 -14.6033 	 446.48 	 978179.47
-41.2575 	 -14.6083 	 445.24 	 978179.38
-41.449 	 -14.4646 	 675.85 	 978128.25
-41.4619 	 -14.4494 	 693.33 	 978123.95
-41.4809 	 -14.3875 	 598.28 	 978133.14
-41.5275 	 -14.3278 	 452.74 	 978157.33
-41.6192 	 -14.2408 	 450.17 	 978156.82
-41.6384 	 -14.2221 	 428.62 	 978160.14
-38.9572 	 -12.3047 	 221.12 	 978199.58
-38.8892 	 -12.3072 	 214.81 	 978197.59
-38.8628 	 -12.3275 	 186.49 	 978202.26
-38.7333 	 -12.4306 	 127.19 	 978216.97
-38.6894 	 -12.4656 	 79.2 	 978215.03
-38.6569 	 -12.4901 	 71.1 	 978211.94
-38.4178 	 -12.8458 	 74.55 	 978289.87
-38.4211 	 -12.8564 	 61.53 	 978294.27
-40.0072 	 -11.3839 	 408.02 	 978120.62
-39.0092 	 -12.0364 	 223.36 	 978192.6
-41.4679 	 -14.4029 	 654.48 	 978123.56
-38.914 	 -12.2887 	 205.35 	 978202.92
-38.8386 	 -12.3456 	 183.4 	 978204.0
-38.5244 	 -12.5884 	 36.29 	 978234.22
-40.397 	 -11.2046 	 422.63 	 978075.55
-40.6052 	 -11.2561 	 467.71 	 978068.37
-40.1676 	 -11.9589 	 357.51 	 978115.01
-40.745 	 -11.7328 	 702.62 	 978034.09
-40.4464 	 -12.3023 	 321.52 	 978142.65
-44.8136 	 -12.1479 	 695.22 	 978036.21
-40.4479 	 -11.209 	 426.86 	 978078.32
-40.2731 	 -11.2773 	 422.04 	 978096.56
-40.1254 	 -11.3352 	 376.31 	 978118.25
-40.3187 	 -11.2524 	 416.29 	 978088.47
-40.5721 	 -11.1902 	 460.0 	 978068.68
-40.585 	 -11.2206 	 471.45 	 978065.13
-40.6144 	 -11.2938 	 476.38 	 978067.25
-40.6085 	 -11.3398 	 497.34 	 978060.96
-40.6033 	 -11.3804 	 512.83 	 978060.45
-40.3747 	 -11.912 	 361.69 	 978116.54
-40.2409 	 -11.9603 	 307.83 	 978125.6
-40.2683 	 -11.9634 	 320.69 	 978124.79
-40.1934 	 -11.9579 	 353.67 	 978116.22
-40.2215 	 -12.0031 	 368.38 	 978113.68
-40.2377 	 -12.0267 	 294.23 	 978129.14
-40.2511 	 -12.0548 	 315.57 	 978126.42
-40.4947 	 -12.2652 	 313.66 	 978141.16
-40.6313 	 -11.7923 	 606.52 	 978058.01
-40.4523 	 -11.8804 	 455.51 	 978099.46
-40.7127 	 -11.7555 	 697.35 	 978036.19
-40.553 	 -11.8556 	 541.34 	 978073.82
-44.9472 	 -12.1405 	 467.31 	 978094.32
-44.3611 	 -12.2314 	 708.78 	 978037.76
-40.111 	 -10.8711 	 355.58 	 978092.84
-40.0253 	 -11.2408 	 382.89 	 978117.93
-39.7967 	 -11.4647 	 295.55 	 978152.4
-39.7892 	 -11.4706 	 293.73 	 978149.32
-39.6572 	 -11.5808 	 284.92 	 978156.17
-40.1178 	 -10.781 	 373.05 	 978081.07
-40.4892 	 -11.204 	 444.41 	 978066.1
-40.3537 	 -11.2253 	 401.85 	 978078.64
-40.2261 	 -11.2958 	 417.44 	 978103.27
-40.1716 	 -11.3162 	 397.52 	 978112.29
-40.0355 	 -11.3707 	 391.71 	 978123.31
-40.4094 	 -11.8829 	 407.81 	 978108.4
-40.3464 	 -11.9474 	 361.72 	 978117.32
-38.3736 	 -12.2936 	 86.52 	 978205.64
-39.5736 	 -17.1542 	 103.67 	 978433.82
-40.2981 	 -11.9635 	 369.19 	 978116.87
-40.6372 	 -11.4646 	 581.84 	 978052.51
-40.4421 	 -12.1823 	 380.75 	 978122.6
-40.3949 	 -12.1663 	 360.17 	 978123.76
-40.6675 	 -11.771 	 624.81 	 978051.5
-40.5876 	 -11.8288 	 573.45 	 978065.54
-40.5085 	 -11.8671 	 514.38 	 978081.51
-40.3261 	 -12.4546 	 297.4 	 978146.08
-44.9004 	 -12.1415 	 504.24 	 978083.46
-44.8598 	 -12.1652 	 685.69 	 978044.35
-44.7639 	 -12.1396 	 714.81 	 978030.56
-39.0319 	 -14.8147 	 -4.51 	 978446.61
-44.7149 	 -12.1437 	 731.99 	 978026.85
-44.6646 	 -12.1576 	 749.67 	 978024.33
-44.6153 	 -12.1612 	 764.97 	 978021.09
-44.1199 	 -12.2224 	 792.06 	 978026.29
-44.1701 	 -12.2224 	 805.22 	 978022.28
-44.2208 	 -12.2225 	 803.6 	 978019.27
-44.4884 	 -12.1967 	 751.79 	 978025.04
-43.9991 	 -12.2255 	 835.36 	 978016.54
-43.9548 	 -12.2276 	 842.86 	 978016.01
-43.901 	 -12.2297 	 838.26 	 978014.1
-43.7973 	 -12.2128 	 504.29 	 978073.68
-43.5555 	 -12.2142 	 453.41 	 978090.01
-43.4598 	 -12.225 	 464.62 	 978089.46
-43.4037 	 -12.1937 	 456.69 	 978092.93
-43.347 	 -12.1299 	 474.98 	 978089.58
-43.2652 	 -12.1706 	 404.43 	 978095.16
-40.0729 	 -11.3557 	 412.79 	 978116.31
-40.2884 	 -12.0836 	 353.72 	 978118.87
-40.3327 	 -12.1161 	 317.76 	 978131.41
-40.7344 	 -11.6083 	 593.94 	 978052.85
-40.4862 	 -12.215 	 353.9 	 978132.61
-40.4183 	 -12.3413 	 289.1 	 978146.19
-44.5665 	 -12.1651 	 747.59 	 978022.8
-44.52 	 -12.1826 	 767.89 	 978018.35
-44.4544 	 -12.2135 	 756.93 	 978023.67
-43.8328 	 -12.2283 	 599.13 	 978056.52
-41.9625 	 -12.4076 	 1041.35 	 977963.41
-41.4388 	 -14.931 	 542.98 	 978184.86
-41.4566 	 -14.9167 	 534.86 	 978183.61
-41.4811 	 -14.9209 	 571.4 	 978176.56
-41.5119 	 -14.9411 	 538.64 	 978183.87
-41.5369 	 -14.949 	 545.04 	 978183.49
-41.5686 	 -14.9426 	 566.03 	 978178.54
-41.5891 	 -14.9445 	 615.08 	 978170.21
-41.6501 	 -14.936 	 635.48 	 978165.44
-41.6777 	 -14.9415 	 606.21 	 978167.2
-41.7083 	 -14.945 	 655.01 	 978157.62
-41.7182 	 -14.9352 	 622.21 	 978163.13
-41.7456 	 -14.9254 	 689.53 	 978148.08
-41.7743 	 -14.9332 	 768.55 	 978134.57
-41.8028 	 -14.9373 	 709.51 	 978145.42
-41.8251 	 -14.9332 	 656.45 	 978151.74
-41.8553 	 -14.9299 	 683.03 	 978146.03
-41.884 	 -14.9266 	 644.61 	 978152.65
-41.9128 	 -14.923 	 663.18 	 978147.41
-41.937 	 -14.9185 	 651.68 	 978149.0
-41.9573 	 -14.906 	 645.36 	 978150.95
-41.9639 	 -14.9164 	 659.87 	 978148.46
-41.9702 	 -14.9472 	 693.24 	 978143.52
-41.9732 	 -14.9789 	 662.52 	 978152.91
-41.947 	 -15.0048 	 696.13 	 978148.39
-41.9347 	 -15.0257 	 698.31 	 978150.22
-41.9417 	 -15.0459 	 711.86 	 978149.59
-41.9688 	 -15.1199 	 800.24 	 978137.11
-41.9761 	 -15.1575 	 1105.5 	 978079.5
-40.2328 	 -15.2422 	 244.63 	 978269.11
-40.2107 	 -15.2473 	 255.52 	 978268.52
-40.1923 	 -15.2499 	 262.79 	 978266.0
-39.2994 	 -14.8024 	 108.63 	 978344.32
-39.4195 	 -14.8596 	 105.57 	 978316.88
-39.4049 	 -14.8372 	 112.24 	 978317.46
-39.3803 	 -14.8216 	 138.59 	 978316.44
-39.3562 	 -14.8204 	 64.18 	 978336.65
-39.3468 	 -14.8063 	 78.25 	 978335.17
-39.3247 	 -14.7986 	 66.35 	 978345.12
-39.46 	 -14.8814 	 97.66 	 978314.3
-39.507 	 -14.8614 	 119.37 	 978303.11
-39.5221 	 -14.8589 	 122.77 	 978301.27
-39.5478 	 -14.8594 	 129.17 	 978295.54
-40.755 	 -11.7013 	 751.27 	 978023.55
-40.4001 	 -12.4023 	 321.46 	 978141.35
-40.3799 	 -12.4138 	 296.33 	 978146.28
-38.9444 	 -16.0286 	 -3.57 	 978430.89
-41.9636 	 -15.0933 	 742.68 	 978146.41
-40.9132 	 -14.8433 	 912.62 	 978106.03
-41.0083 	 -15.0796 	 872.1 	 978150.29
-41.0775 	 -15.1938 	 862.21 	 978159.34
-40.9111 	 -14.9356 	 877.47 	 978122.58
-40.9414 	 -14.9426 	 831.57 	 978134.44
-40.9542 	 -14.9564 	 828.3 	 978135.27
-39.9031 	 -14.9652 	 268.49 	 978250.17
-39.9198 	 -14.9852 	 298.06 	 978245.89
-39.933 	 -15.0 	 322.02 	 978241.31
-39.9423 	 -15.0224 	 235.77 	 978260.47
-39.9464 	 -15.0496 	 227.48 	 978268.09
-39.9678 	 -15.0648 	 223.55 	 978267.62
-40.1692 	 -15.2534 	 324.69 	 978253.39
-40.1376 	 -15.2476 	 286.32 	 978261.47
-40.1173 	 -15.2349 	 297.68 	 978260.08
-40.0996 	 -15.2206 	 313.49 	 978257.86
-40.1005 	 -15.1984 	 256.29 	 978267.38
-40.0863 	 -15.179 	 245.59 	 978270.15
-40.0809 	 -15.1522 	 248.04 	 978269.24
-40.0722 	 -15.1263 	 242.72 	 978268.03
-40.0415 	 -15.1176 	 236.98 	 978272.3
-40.0166 	 -15.109 	 223.24 	 978273.66
-39.9808 	 -15.0808 	 261.7 	 978262.22
-40.2727 	 -15.2453 	 255.41 	 978271.03
-40.2999 	 -15.2439 	 269.15 	 978269.72
-40.3534 	 -15.2445 	 306.99 	 978267.85
-40.371 	 -15.2512 	 273.87 	 978275.73
-40.3968 	 -15.2636 	 294.83 	 978274.35
-40.4205 	 -15.2666 	 325.24 	 978272.63
-40.4403 	 -15.2774 	 292.44 	 978284.4
-40.4633 	 -15.2812 	 309.84 	 978277.78
-40.5003 	 -15.2743 	 300.84 	 978277.96
-40.5051 	 -15.2723 	 314.39 	 978274.8
-40.5304 	 -15.2695 	 313.49 	 978278.01
-40.5525 	 -15.2698 	 316.15 	 978275.02
-40.5767 	 -15.275 	 315.23 	 978274.59
-40.5693 	 -15.2685 	 312.63 	 978274.75
-40.5906 	 -15.2629 	 300.18 	 978277.0
-40.614 	 -15.2555 	 323.43 	 978272.08
-40.6323 	 -15.2344 	 332.38 	 978267.97
-40.6525 	 -15.2132 	 349.88 	 978264.56
-40.6613 	 -15.1917 	 337.37 	 978265.37
-40.6686 	 -15.1706 	 338.66 	 978261.12
-40.6774 	 -15.149 	 358.21 	 978254.56
-40.6844 	 -15.124 	 364.75 	 978249.73
-40.686 	 -15.0963 	 362.6 	 978245.72
-40.7 	 -15.0849 	 374.66 	 978240.74
-41.715 	 -15.0741 	 383.8 	 978236.91
-40.7261 	 -15.0668 	 395.93 	 978233.02
-40.7536 	 -15.0422 	 838.68 	 978146.12
-40.7654 	 -15.0236 	 843.68 	 978144.68
-41.0419 	 -14.9836 	 868.63 	 978133.28
-41.0645 	 -14.9985 	 857.49 	 978139.15
-41.0947 	 -15.0114 	 834.59 	 978146.28
-41.2586 	 -15.0389 	 829.36 	 978143.21
-41.2714 	 -15.02 	 830.91 	 978138.7
-41.3502 	 -14.9739 	 577.73 	 978180.16
-41.4106 	 -14.9752 	 498.6 	 978195.95
-41.4267 	 -14.9541 	 508.84 	 978194.73
-40.7796 	 -15.0114 	 850.47 	 978143.08
-40.7989 	 -14.9951 	 857.32 	 978142.89
-40.8081 	 -14.9857 	 802.5 	 978154.55
-40.8262 	 -14.9624 	 860.71 	 978137.8
-40.8367 	 -14.9385 	 852.48 	 978136.65
-40.8444 	 -14.9153 	 867.94 	 978130.16
-40.8443 	 -14.888 	 888.88 	 978120.43
-40.8861 	 -14.8461 	 933.71 	 978103.73
-40.9412 	 -14.8407 	 909.11 	 978108.3
-40.9632 	 -14.8249 	 885.92 	 978109.6
-40.9752 	 -14.8017 	 904.76 	 978103.63
-40.9876 	 -14.7831 	 846.86 	 978113.78
-41.0009 	 -14.7607 	 795.84 	 978123.42
-41.0169 	 -14.7532 	 801.77 	 978119.54
-41.0245 	 -14.7311 	 796.04 	 978118.15
-41.0298 	 -14.7095 	 767.79 	 978122.34
-41.0399 	 -14.6905 	 747.78 	 978123.34
-41.0454 	 -14.6661 	 716.82 	 978130.94
-41.0654 	 -14.6449 	 726.54 	 978130.83
-41.0941 	 -14.6112 	 454.49 	 978183.89
-41.1163 	 -14.6112 	 396.53 	 978193.96
-40.8547 	 -14.8789 	 899.4 	 978115.81
-40.8709 	 -14.9046 	 850.26 	 978129.57
-40.8857 	 -14.928 	 850.59 	 978130.63
-40.9063 	 -14.9609 	 895.75 	 978125.63
-40.9221 	 -14.9832 	 834.09 	 978138.24
-40.9384 	 -15.0022 	 784.35 	 978150.34
-40.9536 	 -15.0248 	 786.75 	 978158.02
-40.9719 	 -15.0434 	 817.13 	 978153.09
-40.9908 	 -15.0619 	 848.4 	 978150.89
-41.0202 	 -15.0993 	 840.66 	 978158.17
-41.0352 	 -15.1245 	 819.32 	 978168.87
-41.0492 	 -15.1475 	 807.51 	 978166.56
-41.0628 	 -15.1699 	 873.61 	 978157.76
-41.0918 	 -15.2174 	 838.03 	 978167.76
-39.5742 	 -14.8555 	 140.12 	 978293.14
-39.5899 	 -14.8657 	 146.48 	 978289.68
-39.6135 	 -14.8701 	 151.61 	 978283.82
-39.6316 	 -14.8615 	 153.86 	 978283.14
-39.656 	 -14.8585 	 170.05 	 978280.91
-39.6814 	 -14.8609 	 181.25 	 978280.54
-39.6998 	 -14.8706 	 209.43 	 978274.74
-39.7041 	 -14.8897 	 193.0 	 978274.65
-39.7237 	 -14.9105 	 194.89 	 978273.88
-39.7426 	 -14.925 	 209.44 	 978269.85
-39.7629 	 -14.9144 	 215.45 	 978266.48
-39.7903 	 -14.9182 	 220.52 	 978264.73
-39.8089 	 -14.9328 	 224.34 	 978261.07
-39.8056 	 -14.9555 	 230.5 	 978258.08
-39.8252 	 -14.9732 	 234.26 	 978263.74
-39.843 	 -14.9809 	 234.0 	 978262.04
-39.8654 	 -14.9766 	 250.11 	 978256.58
-39.8798 	 -14.9586 	 258.88 	 978252.17
-41.1423 	 -14.0002 	 339.29 	 978186.79
-39.7628 	 -14.125 	 126.61 	 978268.7
-45.9564 	 -14.5344 	 904.33 	 978084.9
-45.9669 	 -14.7105 	 912.13 	 978094.13
-45.9029 	 -14.6827 	 908.19 	 978092.84
-45.9476 	 -14.636 	 913.94 	 978089.18
-45.8709 	 -14.5442 	 891.26 	 978092.24
-46.217 	 -14.1196 	 979.81 	 978048.69
-46.1288 	 -14.1264 	 956.39 	 978059.66
-46.0398 	 -14.2086 	 938.32 	 978062.07
-37.791 	 -10.1254 	 298.43 	 978115.32
-37.8772 	 -10.123 	 268.48 	 978117.45
-37.8762 	 -10.043 	 316.25 	 978102.88
-37.9518 	 -10.0385 	 328.01 	 978097.03
-38.1279 	 -10.0391 	 270.31 	 978101.37
-40.0636 	 -14.2244 	 520.84 	 978179.46
-37.8758 	 -10.3749 	 229.91 	 978147.05
-37.6347 	 -11.6047 	 61.74 	 978241.88
-37.6213 	 -11.5432 	 36.7 	 978245.03
-37.8751 	 -10.7094 	 397.72 	 978152.44
-37.959 	 -10.7082 	 337.19 	 978155.37
-37.8733 	 -10.6261 	 339.48 	 978158.41
-37.8735 	 -10.5413 	 193.93 	 978170.4
-37.8743 	 -10.4562 	 192.83 	 978161.73
-39.4237 	 -14.235 	 122.33 	 978326.14
-40.4328 	 -13.4405 	 955.39 	 978071.36
-40.4313 	 -13.4405 	 954.97 	 978071.0
-40.0899 	 -15.8635 	 1204.22 	 978060.39
-40.2499 	 -13.7807 	 502.7 	 978184.37
-45.28749 	 -14.25491 	 787.285 	 978103.14
-43.20714 	 -12.18524 	 406.681 	 978095.04
-39.4944 	 -15.41573 	 193.579 	 978336.53
-46.1176 	 -13.59008 	 931.95 	 978040.56
-44.82317 	 -14.13479 	 619.953 	 978139.46
-44.48784 	 -14.05011 	 639.77 	 978148.31
-44.56589 	 -12.7092 	 762.297 	 978051.74
-44.25015 	 -13.51378 	 451.89 	 978158.02
-45.00863 	 -12.16498 	 429.295 	 978109.34
-45.08438 	 -12.43036 	 511.219 	 978108.37
-45.39515 	 -14.75547 	 823.702 	 978118.48
-44.63614 	 -13.32151 	 634.88 	 978116.75
-44.72096 	 -13.41246 	 701.434 	 978106.13
-37.95308 	 -11.95897 	 73.953 	 978239.51
-42.75767 	 -14.20355 	 529.641 	 978163.56
-42.84318 	 -14.21581 	 495.124 	 978178.1
-39.66906 	 -17.52333 	 95.852 	 978455.59
-37.83248 	 -12.21691 	 18.096 	 978285.87
-37.6353 	 -11.82045 	 10.483 	 978268.77
-44.0492 	 -12.98414 	 518.057 	 978114.65
-39.58775 	 -16.38955 	 179.769 	 978379.55
-40.80819 	 -9.489627 	 368.202 	 978030.13
-40.54451 	 -9.470143 	 361.041 	 978037.1
-39.2251 	 -12.97457 	 190.702 	 978218.11
-40.81634 	 -9.410191 	 387.001 	 978027.59
-40.82667 	 -9.429485 	 385.338 	 978023.18
-38.41326 	 -12.17684 	 114.927 	 978171.66
-45.94357 	 -13.72552 	 866.038 	 978068.65
-44.63726 	 -13.3414 	 557.382 	 978133.65
-39.52195 	 -14.21407 	 98.123 	 978316.91
-41.76964 	 -12.41384 	 817.799 	 978012.18
-42.42952 	 -12.37263 	 489.098 	 978059.14
-41.64164 	 -12.45744 	 705.791 	 978033.95
-40.28713 	 -12.51608 	 266.585 	 978157.4
-41.16264 	 -14.60147 	 398.619 	 978190.95
-41.23946 	 -14.59612 	 428.514 	 978182.97
-38.96964 	 -12.07394 	 229.845 	 978194.2
-40.11292 	 -10.83753 	 337.479 	 978094.54
-39.33812 	 -12.13468 	 234.074 	 978199.28
-38.97979 	 -12.23924 	 229.037 	 978196.98
-40.01354 	 -11.36263 	 392.406 	 978122.67
-39.41059 	 -11.79677 	 210.399 	 978187.81
-42.08945 	 -14.20967 	 634.617 	 978107.12
-40.53402 	 -11.18137 	 461.771 	 978063.87
-40.6881 	 -11.55412 	 520.601 	 978065.06
-40.36002 	 -12.13669 	 340.786 	 978129.22
-40.4736 	 -11.85795 	 521.505 	 978081.93
-45.02768 	 -12.12485 	 455.925 	 978102.02
-44.04058 	 -12.22395 	 777.47 	 978027.91
-43.42159 	 -13.25565 	 414.375 	 978150.85
-38.5174 	 -12.97383 	 -9.057 	 978308.76
-38.52021 	 -12.96874 	 -7.658 	 978301.38
-38.51457 	 -12.974 	 -8.016 	 978312.9
-38.99864 	 -15.05201 	 -1.864 	 978477.95
-38.31598 	 -12.89197 	 5.718 	 978324.72
-38.29722 	 -12.89843 	 -8.216 	 978329.74
-38.99049 	 -15.63845 	 -3.852 	 978402.27
-38.39661 	 -12.96031 	 -4.805 	 978333.35
-38.41068 	 -12.96864 	 4.494 	 978330.78
-38.43998 	 -12.99109 	 -6.46 	 978331.27
-38.44619 	 -12.99823 	 -5.041 	 978333.29
-38.50798 	 -13.01125 	 -7.55 	 978321.25
-38.51169 	 -13.00827 	 36.18 	 978310.37
-38.51236 	 -13.00867 	 35.756 	 978310.13
-38.5239 	 -13.01083 	 13.859 	 978311.85
-39.31601 	 -14.21721 	 113.844 	 978328.96
-39.33219 	 -14.59836 	 113.173 	 978334.38
-39.05344 	 -15.32226 	 44.913 	 978441.37
-39.48743 	 -13.64046 	 261.345 	 978207.3
-44.95713 	 -11.50268 	 488.085 	 978037.88
-39.3265 	 -14.4171 	 76.822 	 978336.25
-42.72105 	 -13.76867 	 759.035 	 978080.21
-39.08032 	 -14.74284 	 1.382 	 978426.67
-43.42174 	 -13.25556 	 419.401 	 978149.96
-42.941 	 -13.60964 	 613.252 	 978112.72
-45.14513 	 -10.87145 	 516.199 	 978025.3
-39.55939 	 -16.57134 	 153.553 	 978393.34
-39.54001 	 -17.02648 	 121.869 	 978421.87
-39.2141 	 -17.55217 	 -4.623 	 978511.48
-39.54539 	 -18.07743 	 -3.313 	 978512.99
-43.74039 	 -13.2983 	 448.28 	 978151.27
-38.36016 	 -12.92306 	 8.737 	 978327.19
-38.35359 	 -12.92061 	 18.857 	 978325.02
-38.39109 	 -12.93175 	 10.186 	 978325.76
-39.51833 	 -10.66588 	 358.621 	 978090.52
-38.43217 	 -12.94963 	 51.031 	 978318.31
-38.42866 	 -12.95492 	 27.404 	 978324.97
-38.4336 	 -12.9612 	 17.854 	 978327.18
-38.46535 	 -12.97884 	 5.146 	 978327.66
-38.50257 	 -12.97759 	 32.913 	 978311.05
-39.52656 	 -15.96642 	 170.743 	 978357.72
-39.51454 	 -15.99131 	 164.99 	 978360.17
-40.20394 	 -10.23609 	 662.743 	 977994.94
-38.96421 	 -16.15569 	 3.249 	 978453.01
-39.13538 	 -16.4195 	 60.164 	 978437.13
-39.30652 	 -16.3733 	 100.465 	 978405.34
-41.95826 	 -15.06622 	 725.379 	 978148.06
-40.32702 	 -15.24195 	 318.358 	 978262.83
-41.01264 	 -14.9738 	 833.232 	 978139.22
-39.99589 	 -15.09822 	 236.51 	 978269.28
-41.15038 	 -14.30289 	 393.531 	 978178.56
-41.20731 	 -14.20588 	 328.43 	 978189.6
-41.06431 	 -13.85082 	 359.845 	 978182.23
-40.91033 	 -13.68051 	 423.266 	 978163.25
-40.80083 	 -13.61482 	 373.309 	 978169.6
-40.65319 	 -13.53825 	 375.755 	 978178.64
-40.55412 	 -13.53622 	 693.15 	 978120.78
-41.15554 	 -14.55756 	 426.049 	 978181.25
-39.81226 	 -14.0509 	 145.105 	 978269.94
-41.11487 	 -14.40281 	 401.845 	 978177.68
-41.13676 	 -13.99017 	 336.213 	 978189.47
-40.979 	 -13.72581 	 401.953 	 978167.78
-39.90746 	 -14.0087 	 179.058 	 978257.86
-39.71473 	 -14.14451 	 129.895 	 978279.23
-39.62584 	 -14.19588 	 131.841 	 978298.88
-40.47769 	 -13.61259 	 666.983 	 978134.06
-40.41058 	 -13.68722 	 624.048 	 978151.27
-40.39253 	 -13.69508 	 626.785 	 978152.06
-40.09911 	 -13.87128 	 189.735 	 978257.55
-40.29855 	 -13.7481 	 672.161 	 978149.82
-41.18653 	 -14.08043 	 366.804 	 978179.56
-39.52195 	 -14.21407 	 98.123 	 978317.07
-40.19993 	 -13.83293 	 290.147 	 978230.52
-40.18194 	 -13.85558 	 200.814 	 978250.77
-40.0695 	 -13.878 	 189.255 	 978257.65
-40.03238 	 -13.88344 	 183.249 	 978258.23
-39.86955 	 -14.00835 	 148.408 	 978260.65
