        generated_by     ICGEM (hosted at GFZ-Potsdam)
     generating_date     2019/08/30
----------------------------------------------------------------------
           modelname     EIGEN-6C4
     max_used_degree          2190
----------------------------------------------------------------------
         tide_system     tide_free
    zero_degree_term     included
----------------------------------------------------------------------
          refsysname     WGS84
   max_degree_refpot             8
            gmrefpot      3.98600441800E+14[m**3/s**2]
        radiusrefpot     6378137.000 m
          flatrefpot      3.352810664747480E-03   (1/298.25722356300)
         omegarefpot      7.29211500000E-05 1/s
----------------------------------------------------------------------
    number_of_points           977
      latlimit_north      -2.8831000000000    
      latlimit_south      -7.6917220000000    
      longlimit_west      -41.378000000000    
      longlimit_east      -37.394590000000    
----------------------------------------------------------------------
description of columns -----------------------------------------------
 1 identifier (from input)
 2 longitude  (from input)    [degree]
 3 latitude   (from input)    [degree]
 4 h_over_ell (from input)     [meter]
 -------------------------------------
 5 gravity                      [mGal]  gravity(h)                        
----------------------------------------------------------------------

end_of_head ================================================================
1            -37.49170000   -4.81060000  4.580000E+01  9.780514632303E+05
2            -39.93720000   -6.66780000  3.362600E+02  9.779957715114E+05
3            -39.95500000   -6.73640000  3.487300E+02  9.779915323073E+05
4            -39.80110000   -6.56440000  2.953300E+02  9.780041153482E+05
5            -40.60030000   -6.28780000  4.838600E+02  9.779550284528E+05
6            -40.22560000   -4.73890000  3.081900E+02  9.779590733224E+05
7            -39.73110000   -5.12920000  2.652500E+02  9.779941282123E+05
8            -39.37060000   -5.58560000  1.664600E+02  9.780200975467E+05
9            -38.32630000   -5.44130000  5.933000E+01  9.780691860452E+05
10           -38.34670000   -5.45230000  8.978000E+01  9.780613357608E+05
11           -38.87090000   -4.17320000  3.245700E+02  9.780184702517E+05
12           -38.94720000   -4.21180000  7.965700E+02  9.778969439509E+05
13           -38.93500000   -4.24060000  7.777500E+02  9.779074473009E+05
14           -38.95970000   -4.28980000  7.386500E+02  9.779192368947E+05
15           -38.81360000   -4.36620000  9.603000E+01  9.780423201157E+05
16           -38.74420000   -4.31290000  1.652500E+02  9.780327963858E+05
17           -38.80340000   -3.78730000  7.264000E+01  9.780524250479E+05
18           -38.80540000   -3.77200000  7.535000E+01  9.780520491352E+05
19           -38.80260000   -3.75650000  7.121000E+01  9.780538680354E+05
20           -38.79200000   -3.74090000  8.368000E+01  9.780506591062E+05
21           -38.76510000   -3.71840000  4.778000E+01  9.780613597431E+05
22           -38.75730000   -3.70590000  6.143000E+01  9.780562828060E+05
23           -38.75620000   -3.68680000  5.064000E+01  9.780586580039E+05
24           -38.75230000   -3.67230000  3.117000E+01  9.780637357034E+05
25           -38.86230000   -3.68200000  1.297000E+01  9.780645494003E+05
26           -38.85620000   -3.66540000  1.565000E+01  9.780639754286E+05
27           -38.85560000   -3.64730000  2.103000E+01  9.780621356673E+05
28           -38.85310000   -3.62820000  1.530000E+01  9.780642734230E+05
29           -38.84900000   -3.60980000  2.340000E+01  9.780628793034E+05
30           -38.88090000   -3.71150000  3.127000E+01  9.780576649850E+05
31           -38.88480000   -3.73760000  3.035000E+01  9.780582985641E+05
32           -38.87420000   -3.74700000  3.389000E+01  9.780584640749E+05
33           -38.87670000   -3.76200000  3.639000E+01  9.780580893767E+05
34           -38.26530000   -4.12060000  1.124000E+01  9.780616987485E+05
35           -40.58940000   -3.32190000  7.618000E+01  9.780287559623E+05
36           -38.82530000   -6.97280000  2.991300E+02  9.780140117292E+05
37           -38.71580000   -6.77190000  2.734100E+02  9.780153516440E+05
38           -38.71780000   -6.74670000  2.875200E+02  9.780091029355E+05
39           -38.71760000   -6.72960000  2.704000E+02  9.780133676334E+05
40           -38.70440000   -6.71060000  2.930900E+02  9.780061035319E+05
41           -38.69750000   -6.68580000  2.994900E+02  9.780031514557E+05
42           -38.67720000   -6.63190000  2.640900E+02  9.780154495988E+05
43           -38.65780000   -6.61580000  2.818600E+02  9.780109600803E+05
44           -38.63830000   -6.59780000  2.862400E+02  9.780112203325E+05
45           -39.30140000   -7.31690000  4.041800E+02  9.779631905979E+05
46           -39.14680000   -7.24990000  3.508600E+02  9.779879279784E+05
47           -38.86780000   -6.08920000  2.372100E+02  9.780107382429E+05
48           -38.87390000   -5.99140000  1.954300E+02  9.780196462517E+05
49           -38.42500000   -3.89780000 -3.060000E+00  9.780774016902E+05
50           -39.63140000   -4.53720000  6.626800E+02  9.779105312766E+05
51           -39.63920000   -4.55440000  4.921800E+02  9.779600749097E+05
52           -40.35470000   -3.61060000  8.369000E+01  9.780178148045E+05
53           -40.34970000   -3.54360000  8.088000E+01  9.780220536371E+05
54           -38.75310000   -7.49440000  3.754000E+02  9.779854587789E+05
55           -38.62330000   -4.59670000  9.316000E+01  9.780610681662E+05
56           -38.67420000   -4.66060000  1.204500E+02  9.780543310009E+05
57           -39.07580000   -6.83970000  2.943800E+02  9.780041233980E+05
58           -39.05610000   -6.83250000  2.859200E+02  9.780057888894E+05
59           -39.03280000   -6.79810000  2.707400E+02  9.780075677219E+05
60           -39.19310000   -6.82720000  2.941300E+02  9.780039355468E+05
61           -39.10170000   -6.73940000  2.825900E+02  9.780045228379E+05
62           -39.08750000   -6.71830000  2.849100E+02  9.780045274053E+05
63           -39.06440000   -6.67890000  2.675300E+02  9.780082282591E+05
64           -38.97000000   -6.94280000  2.590000E+02  9.780259590742E+05
65           -38.92310000   -6.93280000  2.881800E+02  9.780161488912E+05
66           -38.90310000   -6.94560000  2.995900E+02  9.780133419193E+05
67           -38.87640000   -6.95720000  2.707500E+02  9.780225480531E+05
68           -38.72970000   -4.22450000  8.071000E+01  9.780638815988E+05
69           -38.69360000   -4.16790000  5.705000E+01  9.780581728191E+05
70           -38.61720000   -3.98680000  5.131000E+01  9.780598309567E+05
71           -38.86060000   -3.58870000  3.411000E+01  9.780605773163E+05
72           -38.82310000   -3.71080000  2.037000E+01  9.780674373675E+05
73           -38.38940000   -3.90250000  5.500000E+00  9.780763244041E+05
74           -39.03230000   -3.56790000  1.978000E+01  9.780610287276E+05
75           -39.01540000   -3.57760000  1.580000E+01  9.780619252833E+05
76           -38.98510000   -3.59510000  1.784000E+01  9.780603641804E+05
77           -38.95400000   -3.60540000  7.420000E+00  9.780628924122E+05
78           -38.87730000   -3.59620000  1.936000E+01  9.780629472563E+05
79           -38.86510000   -3.61090000  1.692000E+01  9.780635918817E+05
80           -38.85040000   -3.62180000  3.425000E+01  9.780588323569E+05
81           -38.93290000   -3.75450000  4.028000E+01  9.780536738655E+05
82           -38.91480000   -3.76180000  2.800000E+01  9.780585232902E+05
83           -38.88450000   -3.77400000  5.008000E+01  9.780539705915E+05
84           -38.86840000   -3.78040000  4.015000E+01  9.780582940176E+05
85           -38.85200000   -3.78700000  4.707000E+01  9.780573388395E+05
86           -38.73140000   -7.49080000  4.652100E+02  9.779611258021E+05
87           -39.08450000   -3.49120000  2.990000E+00  9.780698392910E+05
88           -39.11900000   -3.49730000  2.010000E+00  9.780670398268E+05
89           -39.10040000   -3.50370000  5.109000E+01  9.780526666740E+05
90           -39.08920000   -3.51540000  3.832000E+01  9.780564011012E+05
91           -39.90220000   -7.33140000  8.747400E+02  9.778642692719E+05
92           -39.96560000   -7.30280000  8.633000E+02  9.778689166531E+05
93           -40.01610000   -7.28030000  8.545300E+02  9.778754868414E+05
94           -40.06390000   -7.25720000  8.103900E+02  9.778844401555E+05
95           -39.04920000   -3.55400000  1.011000E+01  9.780644224881E+05
96           -38.77510000   -3.65010000  3.300000E+00  9.780715646545E+05
97           -38.74010000   -3.66180000  1.689000E+01  9.780672108078E+05
98           -38.72450000   -3.67510000  1.149000E+01  9.780684729115E+05
99           -38.71290000   -3.68680000  5.860000E+00  9.780694488899E+05
100          -38.68540000   -3.71320000  9.380000E+00  9.780654493259E+05
101          -38.66510000   -3.72040000  4.580000E+00  9.780652472988E+05
102          -38.64340000   -3.72430000  1.306000E+01  9.780618687017E+05
103          -38.63060000   -3.69430000 -2.420000E+00  9.780686426032E+05
104          -39.16060000   -3.44510000  1.998000E+01  9.780648128878E+05
105          -39.14230000   -3.47090000  6.320000E+00  9.780669490968E+05
106          -39.13920000   -3.48070000  6.630000E+00  9.780659753755E+05
107          -39.14010000   -3.49150000  3.810000E+00  9.780656668818E+05
108          -39.14590000   -3.51760000  1.157000E+01  9.780604041662E+05
109          -39.11450000   -3.54370000  1.429000E+01  9.780595194335E+05
110          -39.10170000   -3.56510000  3.585000E+01  9.780524901611E+05
111          -39.01670000   -7.30190000  3.838400E+02  9.779665832491E+05
112          -38.97440000   -7.30280000  3.239300E+02  9.779861816201E+05
113          -38.84720000   -7.35750000  3.701600E+02  9.779749091969E+05
114          -38.77560000   -7.38960000  3.639500E+02  9.779809591359E+05
115          -38.77220000   -7.40470000  3.551900E+02  9.779843024209E+05
116          -38.77640000   -7.43190000  3.599600E+02  9.779833241393E+05
117          -38.96780000   -7.42580000  3.731200E+02  9.779679989743E+05
118          -38.80340000   -6.72450000  2.617400E+02  9.780123759581E+05
119          -38.75520000   -6.80740000  3.096300E+02  9.780052070328E+05
120          -38.76570000   -7.00520000  3.568500E+02  9.780002223870E+05
121          -38.78280000   -7.05560000  3.547800E+02  9.779999231240E+05
122          -38.92150000   -4.56510000  1.241100E+02  9.780409842494E+05
123          -38.51690000   -5.74810000  1.451800E+02  9.780543325993E+05
124          -38.68590000   -6.24140000  1.660100E+02  9.780348562740E+05
125          -38.70390000   -6.26360000  1.458600E+02  9.780360851179E+05
126          -38.85670000   -6.44490000  2.009600E+02  9.780201834531E+05
127          -38.85650000   -6.47060000  2.004300E+02  9.780236134988E+05
128          -38.86070000   -6.49640000  2.204500E+02  9.780206134833E+05
129          -38.85920000   -6.55430000  2.452500E+02  9.780178210111E+05
130          -38.83420000   -3.79450000  4.286000E+01  9.780596719044E+05
131          -38.81760000   -3.81340000  5.375000E+01  9.780564153202E+05
132          -38.81090000   -3.82870000  3.671000E+01  9.780610799579E+05
133          -38.79060000   -3.82840000  3.034000E+01  9.780637290619E+05
134          -40.92180000   -3.85480000  8.325000E+02  9.778526297776E+05
135          -40.90860000   -3.88500000  8.861100E+02  9.778337709784E+05
136          -40.88680000   -3.91950000  8.639700E+02  9.778420460985E+05
137          -40.86540000   -4.04790000  8.874000E+02  9.778306039069E+05
138          -38.53890000   -3.82560000  1.447000E+01  9.780630476418E+05
139          -38.54860000   -3.82220000  1.593000E+01  9.780622410204E+05
140          -38.61640000   -3.83110000  2.179000E+01  9.780587123220E+05
141          -38.62360000   -3.82780000  2.728000E+01  9.780574222509E+05
142          -38.90840000   -3.65090000  2.156000E+01  9.780584852827E+05
143          -38.90200000   -3.63290000  1.170000E+01  9.780619041763E+05
144          -38.89980000   -3.61450000  1.600000E+01  9.780611852982E+05
145          -38.92040000   -3.54480000  1.379000E+01  9.780669109069E+05
146          -38.93980000   -3.54480000  1.190000E+01  9.780662094825E+05
147          -38.94560000   -3.53540000  6.980000E+00  9.780686735894E+05
148          -38.95340000   -3.55010000  3.500000E+00  9.780677098706E+05
149          -38.96980000   -3.51370000  9.720000E+00  9.780699182306E+05
150          -38.96260000   -3.50040000  1.376000E+01  9.780708295555E+05
151          -38.95870000   -3.48950000  1.927000E+01  9.780710276589E+05
152          -38.97170000   -3.45950000  1.085000E+01  9.780774577301E+05
153          -38.98510000   -3.44840000  1.323000E+01  9.780771973948E+05
154          -39.00260000   -3.44430000  1.151000E+01  9.780766750008E+05
155          -39.16090000   -3.58260000  3.077000E+01  9.780502131698E+05
156          -39.14420000   -3.58680000  3.348000E+01  9.780503736381E+05
157          -39.12900000   -3.58930000  5.040000E+01  9.780460082147E+05
158          -39.07920000   -3.60120000  3.155000E+01  9.780542307749E+05
159          -39.06150000   -3.60180000  2.378000E+01  9.780573199395E+05
160          -39.04950000   -3.61200000  3.411000E+01  9.780544404755E+05
161          -38.94210000   -7.30780000  3.347400E+02  9.779866743892E+05
162          -38.84080000   -7.24970000  4.952800E+02  9.779560365449E+05
163          -38.96200000   -7.39550000  3.858400E+02  9.779620844976E+05
164          -40.56610000   -4.70690000  2.268200E+02  9.779589597182E+05
165          -40.54530000   -4.73220000  2.581700E+02  9.779509174490E+05
166          -40.49080000   -4.83920000  3.153700E+02  9.779466381429E+05
167          -40.47190000   -4.87920000  3.087200E+02  9.779515797640E+05
168          -40.75920000   -4.16030000  9.176200E+02  9.778265723960E+05
169          -40.74900000   -4.16590000  8.880000E+02  9.778348600661E+05
170          -38.48190000   -3.83690000  8.740000E+00  9.780678269698E+05
171          -38.41940000   -3.87030000  1.873000E+01  9.780692436899E+05
172          -38.42560000   -3.89560000  2.078000E+01  9.780699146560E+05
173          -38.46530000   -3.87110000  1.262000E+01  9.780689329244E+05
174          -39.05400000   -3.64040000  4.353000E+01  9.780517877906E+05
175          -39.05900000   -3.66040000  4.921000E+01  9.780506211811E+05
176          -38.99790000   -3.65480000  4.790000E+00  9.780639514546E+05
177          -38.98900000   -3.63760000  1.030000E+00  9.780650393008E+05
178          -41.11530000   -3.61530000  7.381500E+02  9.778726729958E+05
179          -38.54030000   -3.79080000  1.635000E+01  9.780652581651E+05
180          -38.54670000   -3.78920000  1.630000E+01  9.780649811851E+05
181          -38.55190000   -3.78560000  1.605000E+01  9.780649724098E+05
182          -38.56280000   -3.77360000  2.105000E+01  9.780633620851E+05
183          -38.57470000   -3.75310000  2.361000E+01  9.780622989703E+05
184          -38.52830000   -3.81170000  9.360000E+00  9.780663429983E+05
185          -38.53440000   -3.81890000  1.820000E+01  9.780626855367E+05
186          -38.17020000   -4.63210000  4.851000E+01  9.780782809250E+05
187          -38.15010000   -4.65950000  7.185000E+01  9.780675509463E+05
188          -38.06100000   -4.80790000  1.351000E+01  9.780717662580E+05
189          -38.04370000   -4.84060000  2.499000E+01  9.780682568861E+05
190          -38.05530000   -4.82180000  2.825000E+01  9.780670382954E+05
191          -38.03060000   -4.98810000  4.946000E+01  9.780684741763E+05
192          -40.66810000   -3.04060000  3.040000E+01  9.780695307768E+05
193          -40.22830000   -3.13060000  4.213000E+01  9.780505193212E+05
194          -40.74640000   -4.28110000  7.914600E+02  9.778481905943E+05
195          -38.15610000   -5.14830000  3.484000E+01  9.780753379319E+05
196          -37.98920000   -5.07140000  1.781000E+01  9.780801322657E+05
197          -40.47610000   -3.60390000  8.560600E+02  9.778550995127E+05
198          -40.51920000   -3.58750000  7.875800E+02  9.778723804668E+05
199          -40.45190000   -3.59780000  7.746600E+02  9.778738688402E+05
200          -40.73500000   -3.92860000  1.653100E+02  9.779849275270E+05
201          -39.18530000   -5.69170000  2.063700E+02  9.780142923860E+05
202          -39.17080000   -5.69610000  1.922300E+02  9.780180718407E+05
203          -39.16080000   -5.70030000  1.884800E+02  9.780189036648E+05
204          -39.14890000   -5.71030000  1.870000E+02  9.780189607891E+05
205          -39.13780000   -5.72220000  1.981500E+02  9.780153009945E+05
206          -39.12330000   -5.73610000  1.876000E+02  9.780185344017E+05
207          -39.10030000   -5.74060000  1.663200E+02  9.780249996834E+05
208          -39.43030000   -5.82690000  2.668000E+02  9.779903652817E+05
209          -39.48100000   -6.09980000  3.485400E+02  9.779861396623E+05
210          -38.92280000   -4.55940000  1.353000E+02  9.780378601636E+05
211          -38.97030000   -4.53890000  1.780500E+02  9.780255749706E+05
212          -39.00720000   -4.52030000  1.779300E+02  9.780276684451E+05
213          -39.01940000   -4.51440000  1.921300E+02  9.780243585343E+05
214          -39.02970000   -4.51000000  2.055800E+02  9.780210015517E+05
215          -39.04470000   -4.50860000  2.256700E+02  9.780143433215E+05
216          -39.07580000   -4.47780000  2.279200E+02  9.780195209209E+05
217          -39.09390000   -4.46440000  2.357700E+02  9.780171679931E+05
218          -39.11060000   -4.44920000  2.545300E+02  9.780104061615E+05
219          -39.12530000   -4.43190000  2.372600E+02  9.780139219015E+05
220          -39.13080000   -4.41420000  2.208500E+02  9.780183842122E+05
221          -39.16030000   -4.39390000  2.123300E+02  9.780132542294E+05
222          -39.17970000   -4.38890000  1.937700E+02  9.780163044082E+05
223          -39.20110000   -4.38080000  1.943600E+02  9.780143429805E+05
224          -39.22360000   -4.36890000  1.912500E+02  9.780137383912E+05
225          -39.26920000   -4.36580000  1.372900E+02  9.780280044162E+05
226          -39.29170000   -4.35860000  1.316300E+02  9.780284987912E+05
227          -39.36170000   -5.14190000  2.303300E+02  9.780094529226E+05
228          -39.37920000   -5.12530000  2.241800E+02  9.780100351723E+05
229          -39.40060000   -5.11190000  2.043500E+02  9.780157390327E+05
230          -39.44610000   -5.10310000  2.503000E+02  9.780035580079E+05
231          -39.57190000   -5.11330000  2.323900E+02  9.780044601085E+05
232          -39.59310000   -5.11190000  2.368000E+02  9.780025175771E+05
233          -39.60370000   -5.11230000  2.416500E+02  9.780008388300E+05
234          -39.61420000   -5.10640000  2.550500E+02  9.779966134410E+05
235          -39.63780000   -5.10940000  2.565700E+02  9.779960610561E+05
236          -39.66080000   -5.11530000  2.399200E+02  9.780011426865E+05
237          -39.72940000   -5.12580000  2.642800E+02  9.779942871766E+05
238          -38.81780000   -3.60390000  1.729000E+01  9.780666795130E+05
239          -39.42770000   -6.13520000  3.064900E+02  9.779908396832E+05
240          -39.42100000   -6.00030000  3.600500E+02  9.779714747723E+05
241          -39.41760000   -5.94850000  2.958900E+02  9.779865683748E+05
242          -39.02420000   -5.73420000  1.710900E+02  9.780243521016E+05
243          -39.01280000   -5.73330000  1.383900E+02  9.780348630149E+05
244          -39.41170000   -3.66080000  6.825000E+01  9.780316191532E+05
245          -39.41780000   -3.61580000  1.044100E+02  9.780193660073E+05
246          -39.44200000   -3.59150000  7.725000E+01  9.780292775777E+05
247          -39.49440000   -3.51530000  8.100000E+01  9.780364536851E+05
248          -39.53930000   -3.47820000  8.166000E+01  9.780366746745E+05
249          -39.74390000   -3.40530000  3.156000E+01  9.780402558916E+05
250          -39.76860000   -3.40110000  5.041000E+01  9.780322391094E+05
251          -39.86030000   -3.34830000  1.860000E+01  9.780349017997E+05
252          -39.87750000   -3.32830000  3.620000E+01  9.780314123887E+05
253          -39.32390000   -5.36480000  1.884200E+02  9.780211384096E+05
254          -39.06310000   -4.97790000  1.979900E+02  9.780326968943E+05
255          -39.04950000   -5.08580000  1.876900E+02  9.780372760688E+05
256          -38.18260000   -4.58960000  8.199000E+01  9.780694977488E+05
257          -37.71310000   -4.58310000  1.754000E+01  9.780796007216E+05
258          -37.65810000   -4.61110000  1.671000E+01  9.780789602619E+05
259          -37.62070000   -4.65190000  2.068000E+01  9.780737178820E+05
260          -40.04360000   -3.94030000  1.727500E+02  9.779787249497E+05
261          -40.05750000   -3.96500000  1.395300E+02  9.779876975183E+05
262          -40.15220000   -4.18610000  1.622000E+02  9.779819301810E+05
263          -39.27970000   -5.66440000  3.142800E+02  9.779843908706E+05
264          -39.27330000   -5.67610000  2.834400E+02  9.779944554886E+05
265          -39.26360000   -5.68780000  2.770300E+02  9.779964399285E+05
266          -39.25390000   -5.68970000  2.536400E+02  9.780032966609E+05
267          -38.04710000   -4.58520000  3.151000E+01  9.780668655395E+05
268          -38.15610000   -4.58870000  7.391000E+01  9.780699461231E+05
269          -37.82860000   -4.84730000  4.170000E+00  9.780721384559E+05
270          -37.87440000   -4.58030000  2.402000E+01  9.780683399634E+05
271          -38.74440000   -4.31310000  1.648100E+02  9.780329072313E+05
272          -38.73000000   -4.22420000  8.027000E+01  9.780640536506E+05
273          -38.84170000   -4.36030000  1.046100E+02  9.780361123195E+05
274          -38.93920000   -5.49290000  1.931300E+02  9.780292906660E+05
275          -39.14890000   -4.15930000  1.003700E+02  9.780447209667E+05
276          -38.92500000   -4.02840000  9.170000E+01  9.780539678069E+05
277          -38.68580000   -4.02510000  1.138400E+02  9.780464988035E+05
278          -38.69220000   -3.95620000  8.170000E+01  9.780594528682E+05
279          -38.57000000   -3.78120000  2.092000E+01  9.780623810430E+05
280          -38.60530000   -3.80900000  1.601000E+01  9.780609326816E+05
281          -38.62640000   -3.87700000  3.896000E+01  9.780544171947E+05
282          -38.64730000   -3.85730000  4.612000E+01  9.780539519493E+05
283          -38.72830000   -4.01070000  1.152000E+02  9.780431431162E+05
284          -38.96580000   -3.61610000  1.465000E+01  9.780606203285E+05
285          -39.29690000   -3.60060000  6.675000E+01  9.780337107698E+05
286          -39.04920000   -5.73560000  1.979300E+02  9.780153772004E+05
287          -39.47440000   -7.22470000  7.774400E+02  9.778928880794E+05
288          -39.49030000   -7.23690000  9.149100E+02  9.778589231168E+05
289          -39.53940000   -7.21280000  9.246000E+02  9.778640666219E+05
290          -39.56420000   -7.20030000  9.160400E+02  9.778692149466E+05
291          -39.69110000   -7.11750000  4.770000E+02  9.779743708786E+05
292          -39.70890000   -7.13500000  5.961100E+02  9.779358107895E+05
293          -39.73690000   -7.17280000  5.410300E+02  9.779488577683E+05
294          -39.71170000   -7.06440000  5.262900E+02  9.779661110354E+05
295          -39.76830000   -6.97720000  6.273000E+02  9.779489632308E+05
296          -39.78530000   -6.95780000  6.984100E+02  9.779262732062E+05
297          -39.82640000   -6.92170000  5.969300E+02  9.779533678971E+05
298          -39.29720000   -3.54830000  5.729000E+01  9.780384511278E+05
299          -39.29670000   -3.52030000  5.880000E+01  9.780388993699E+05
300          -39.29580000   -3.46140000  6.476000E+01  9.780396797701E+05
301          -39.29530000   -3.44310000  5.588000E+01  9.780442857870E+05
302          -38.48220000   -3.76860000  9.320000E+00  9.780707071213E+05
303          -39.29390000   -3.40530000  4.028000E+01  9.780552363925E+05
304          -39.29390000   -3.37890000  4.083000E+01  9.780604024825E+05
305          -39.28970000   -3.35690000  2.242000E+01  9.780708980094E+05
306          -39.27970000   -3.33440000  6.387000E+01  9.780627571469E+05
307          -39.27610000   -3.32310000  6.292000E+01  9.780648109759E+05
308          -39.27080000   -3.30810000  2.703000E+01  9.780777571939E+05
309          -38.59760000   -3.88510000  3.519000E+01  9.780530386670E+05
310          -38.58530000   -3.84360000  3.501000E+01  9.780534961671E+05
311          -40.34440000   -6.04640000  4.220900E+02  9.779584409258E+05
312          -40.36470000   -6.06390000  4.211600E+02  9.779584130538E+05
313          -40.38580000   -6.08190000  4.385600E+02  9.779533286168E+05
314          -40.40830000   -6.09500000  4.146900E+02  9.779617361882E+05
315          -40.46390000   -6.13220000  4.194900E+02  9.779634652105E+05
316          -40.48110000   -6.15140000  4.233400E+02  9.779629311127E+05
317          -40.49780000   -6.17780000  4.467800E+02  9.779565250100E+05
318          -40.49780000   -6.17780000  4.309000E+02  9.779614174908E+05
319          -40.54470000   -6.24080000  4.680100E+02  9.779537963195E+05
320          -40.62110000   -6.30940000  5.251700E+02  9.779445402911E+05
321          -39.28500000   -7.09580000  4.487900E+02  9.779704370148E+05
322          -39.28330000   -7.04140000  7.049900E+02  9.779018472217E+05
323          -39.27060000   -7.02970000  6.251200E+02  9.779275687151E+05
324          -39.21940000   -6.96830000  3.289000E+02  9.780073860750E+05
325          -39.18510000   -6.96480000  3.113700E+02  9.780104809958E+05
326          -39.13640000   -6.93530000  2.855300E+02  9.780159049410E+05
327          -39.12860000   -6.91250000  3.293600E+02  9.780006911229E+05
328          -39.12530000   -6.89530000  3.287100E+02  9.779995262584E+05
329          -39.08360000   -6.85860000  2.600000E+02  9.780176855017E+05
330          -39.25920000   -3.28530000  2.794000E+01  9.780790226254E+05
331          -39.24330000   -3.29280000  2.620000E+00  9.780872539562E+05
332          -39.23640000   -3.30530000  1.235000E+01  9.780838424104E+05
333          -39.23890000   -3.32310000  1.850000E+01  9.780805957876E+05
334          -39.22830000   -3.34110000  1.434000E+01  9.780799826748E+05
335          -39.20390000   -3.36080000  1.344000E+01  9.780777180400E+05
336          -39.19580000   -3.40170000  2.492000E+01  9.780679446554E+05
337          -39.18580000   -3.41310000  2.584000E+01  9.780662905901E+05
338          -39.16190000   -3.41810000  2.541000E+01  9.780666803710E+05
339          -39.14470000   -3.42190000  9.520000E+00  9.780717591688E+05
340          -39.14670000   -3.43030000  1.967000E+01  9.780674643842E+05
341          -39.14810000   -3.43530000  1.621000E+01  9.780678318755E+05
342          -39.13170000   -3.44420000 -3.860000E+00  9.780737321715E+05
343          -39.11250000   -3.44060000  1.670000E+00  9.780733848714E+05
344          -39.06220000   -3.41860000  1.631000E+01  9.780732276728E+05
345          -38.48030000   -3.78860000  8.950000E+00  9.780693720835E+05
346          -40.62890000   -6.32690000  5.563100E+02  9.779364524549E+05
347          -40.64420000   -6.35560000  5.167200E+02  9.779475178949E+05
348          -40.68580000   -6.39110000  5.067200E+02  9.779446419099E+05
349          -40.71830000   -6.43530000  4.792100E+02  9.779566464436E+05
350          -40.75310000   -6.48860000  6.694200E+02  9.779211800906E+05
351          -39.36580000   -5.59190000  1.767000E+02  9.780170683778E+05
352          -39.34810000   -5.61030000  2.314000E+02  9.780014278942E+05
353          -39.33940000   -5.61310000  2.262600E+02  9.780036263602E+05
354          -39.33110000   -5.62470000  2.724400E+02  9.779908219073E+05
355          -39.32250000   -5.63310000  2.644700E+02  9.779946578901E+05
356          -39.31530000   -5.64810000  2.652300E+02  9.779963336561E+05
357          -40.11780000   -4.38190000  2.128400E+02  9.779777392567E+05
358          -40.07830000   -4.41890000  2.443400E+02  9.779753405268E+05
359          -40.04250000   -4.45610000  2.436600E+02  9.779771276813E+05
360          -40.00280000   -4.48830000  2.459900E+02  9.779767324007E+05
361          -39.97690000   -4.53470000  2.921900E+02  9.779673294854E+05
362          -39.96470000   -4.55970000  3.062600E+02  9.779659663703E+05
363          -39.94830000   -4.58220000  2.919400E+02  9.779735654829E+05
364          -39.91580000   -4.62190000  3.080900E+02  9.779747140199E+05
365          -39.84330000   -4.67640000  3.551200E+02  9.779692041308E+05
366          -39.77060000   -4.67330000  4.452700E+02  9.779535312930E+05
367          -40.30670000   -5.40420000  3.325700E+02  9.779563202992E+05
368          -39.84970000   -6.91310000  5.105500E+02  9.779736912813E+05
369          -39.86690000   -6.89780000  4.546600E+02  9.779826069656E+05
370          -39.03810000   -3.43580000  1.460000E+01  9.780737805116E+05
371          -39.06420000   -3.49360000  3.398000E+01  9.780614290291E+05
372          -40.36640000   -4.37970000  1.785600E+02  9.779722071985E+05
373          -40.34110000   -4.37030000  1.927000E+02  9.779676862150E+05
374          -40.28810000   -4.35280000  1.839400E+02  9.779731855359E+05
375          -40.40780000   -7.15360000  6.265700E+02  9.779566820177E+05
376          -40.40530000   -7.17280000  6.295900E+02  9.779559285634E+05
377          -40.41080000   -7.19560000  6.297700E+02  9.779562032005E+05
378          -40.42110000   -7.21440000  6.399200E+02  9.779537803200E+05
379          -38.92920000   -3.69870000  1.957000E+01  9.780587037117E+05
380          -39.71530000   -5.45330000  4.909500E+02  9.779472339970E+05
381          -39.76220000   -5.45250000  5.223000E+02  9.779424088261E+05
382          -40.29470000   -6.00110000  3.904700E+02  9.779672540797E+05
383          -40.29580000   -5.99220000  3.859000E+02  9.779682456359E+05
384          -38.58560000   -3.76000000  1.385000E+01  9.780640862672E+05
385          -38.58110000   -3.75190000  5.290000E+00  9.780673432301E+05
386          -38.47030000   -3.82610000  1.385000E+01  9.780665721459E+05
387          -38.46470000   -3.82690000  7.340000E+00  9.780686902531E+05
388          -38.45140000   -3.82080000  8.530000E+00  9.780683217490E+05
389          -38.45110000   -3.81500000  4.110000E+00  9.780695887175E+05
390          -38.45780000   -3.80640000 -5.700000E-01  9.780711318644E+05
391          -38.46640000   -3.80780000 -2.700000E+00  9.780718753454E+05
392          -38.47470000   -3.80720000  2.570000E+00  9.780703153611E+05
393          -38.47830000   -3.81080000  9.390000E+00  9.780680777228E+05
394          -38.47810000   -3.80780000 -2.670000E+00  9.780719100301E+05
395          -40.16440000   -7.19610000  6.614800E+02  9.779302957557E+05
396          -40.14690000   -7.20670000  6.308300E+02  9.779370627037E+05
397          -40.24110000   -7.30030000  8.539000E+02  9.778910104649E+05
398          -40.22310000   -7.28220000  8.414900E+02  9.778890714497E+05
399          -40.21360000   -7.22670000  6.721900E+02  9.779341124744E+05
400          -40.17190000   -7.20810000  6.601600E+02  9.779307917004E+05
401          -40.11030000   -7.16860000  6.374100E+02  9.779346988890E+05
402          -40.07580000   -7.11030000  5.962600E+02  9.779457357647E+05
403          -40.05330000   -7.10330000  5.732800E+02  9.779518213746E+05
404          -39.58030000   -7.32890000  8.815100E+02  9.778622202562E+05
405          -39.55920000   -7.30830000  9.066400E+02  9.778574549320E+05
406          -39.51640000   -7.26810000  9.229200E+02  9.778631893254E+05
407          -39.47750000   -7.21220000  8.567200E+02  9.778664241968E+05
408          -39.59190000   -7.22440000  9.113400E+02  9.778744581389E+05
409          -39.65480000   -7.25040000  8.786300E+02  9.778763511097E+05
410          -39.74190000   -7.29890000  8.797000E+02  9.778679022499E+05
411          -39.79470000   -7.31280000  8.898500E+02  9.778686846755E+05
412          -40.42920000   -7.23530000  6.426500E+02  9.779543527104E+05
413          -40.44030000   -7.25470000  6.495200E+02  9.779544586240E+05
414          -40.40610000   -6.97640000  6.210800E+02  9.779436729840E+05
415          -38.54130000   -3.73950000  1.156000E+01  9.780696861634E+05
416          -38.48940000   -4.26560000  3.793000E+01  9.780680692359E+05
417          -38.49750000   -4.30030000  4.308000E+01  9.780668837414E+05
418          -37.83920000   -4.63080000  1.035000E+01  9.780766992623E+05
419          -38.83730000   -3.63260000  2.850000E+01  9.780612760817E+05
420          -38.82120000   -3.64200000  3.263000E+01  9.780610451963E+05
421          -38.80950000   -3.65260000  5.400000E+00  9.780703904269E+05
422          -38.79310000   -3.66070000  1.000000E-02  9.780730640208E+05
423          -40.39720000   -7.11580000  6.300100E+02  9.779538301671E+05
424          -40.40810000   -7.13330000  6.302800E+02  9.779548279675E+05
425          -39.20170000   -3.54320000  1.728000E+01  9.780537807815E+05
426          -39.21950000   -3.53730000  3.351000E+01  9.780484368481E+05
427          -39.23590000   -3.53180000  6.908000E+01  9.780372151062E+05
428          -39.25400000   -3.52730000  7.639000E+01  9.780345635277E+05
429          -39.27090000   -3.52320000  6.615000E+01  9.780373412239E+05
430          -39.04150000   -3.48570000  1.967000E+01  9.780677648592E+05
431          -39.02760000   -3.49590000  1.490000E+01  9.780689292366E+05
432          -39.01730000   -3.52570000  1.808000E+01  9.780653865471E+05
433          -38.99730000   -3.50790000  3.430000E+01  9.780624922872E+05
434          -38.98090000   -3.51320000  1.939000E+01  9.780667495003E+05
435          -38.96790000   -3.52620000  2.040000E+00  9.780707039945E+05
436          -38.97560000   -3.53930000  5.980000E+00  9.780678844724E+05
437          -38.99340000   -3.55230000  2.150000E+00  9.780678894631E+05
438          -38.99340000   -3.55840000  4.080000E+00  9.780667881242E+05
439          -38.98370000   -3.57180000 -1.140000E+00  9.780673237095E+05
440          -39.17260000   -3.55950000  1.487000E+01  9.780549716268E+05
441          -39.17560000   -3.57450000  1.055000E+01  9.780556237980E+05
442          -39.18900000   -3.58370000  7.480000E+00  9.780555808350E+05
443          -39.20450000   -3.59290000  1.024000E+01  9.780535875446E+05
444          -39.21620000   -3.60930000  1.742000E+01  9.780506555781E+05
445          -39.22510000   -3.62480000  2.053000E+01  9.780495026468E+05
446          -39.23150000   -3.64260000  1.317000E+01  9.780522247832E+05
447          -39.23480000   -3.68870000  5.080000E+01  9.780436611310E+05
448          -39.22920000   -3.70480000  5.799000E+01  9.780428930755E+05
449          -39.22760000   -3.74260000  6.944000E+01  9.780404879941E+05
450          -39.23980000   -3.75700000  8.018000E+01  9.780362213609E+05
451          -39.20900000   -3.77010000  6.935000E+01  9.780423000888E+05
452          -39.19290000   -3.77760000  7.649000E+01  9.780416213060E+05
453          -39.17950000   -3.78510000  8.386000E+01  9.780405657640E+05
454          -39.15920000   -3.78570000  8.587000E+01  9.780416028720E+05
455          -39.14260000   -3.76040000  6.648000E+01  9.780486713437E+05
456          -39.12230000   -3.75930000  6.957000E+01  9.780480503727E+05
457          -39.11700000   -3.74180000  6.478000E+01  9.780495253395E+05
458          -39.10980000   -3.72680000  6.650000E+01  9.780487887736E+05
459          -39.11040000   -3.71680000  6.736000E+01  9.780484452394E+05
460          -39.11480000   -3.69870000  6.099000E+01  9.780500775830E+05
461          -39.03590000   -3.69930000  2.500000E+01  9.780580720976E+05
462          -39.02370000   -3.71430000  2.919000E+01  9.780563273909E+05
463          -39.01260000   -3.71950000  2.954000E+01  9.780559283389E+05
464          -39.03670000   -3.72290000  3.332000E+01  9.780553881367E+05
465          -39.06120000   -3.74150000  2.456000E+01  9.780592444613E+05
466          -39.03790000   -3.75370000  4.403000E+01  9.780522368942E+05
467          -38.96480000   -3.74590000  2.922000E+01  9.780560808336E+05
468          -38.95040000   -3.74730000  2.605000E+01  9.780573059922E+05
469          -38.94540000   -3.73120000  3.465000E+01  9.780541938782E+05
470          -39.22030000   -5.68330000  2.258500E+02  9.780102720982E+05
471          -37.85030000   -4.74560000  2.546000E+01  9.780705971206E+05
472          -40.41080000   -7.03890000  5.379600E+02  9.779715252629E+05
473          -40.36690000   -7.07720000  5.645500E+02  9.779706520187E+05
474          -40.31610000   -7.08440000  5.921800E+02  9.779640297446E+05
475          -40.26420000   -7.14110000  6.361200E+02  9.779487044166E+05
476          -40.20670000   -7.17000000  6.498500E+02  9.779399636829E+05
477          -40.18420000   -7.17920000  6.429100E+02  9.779394298365E+05
478          -39.45860000   -7.05660000  6.991700E+02  9.779007856289E+05
479          -39.49040000   -7.23720000  9.150300E+02  9.778589710249E+05
480          -39.56480000   -7.20090000  9.247300E+02  9.778666985747E+05
481          -39.40780000   -7.23360000  4.146400E+02  9.779708254527E+05
482          -39.44820000   -7.09650000  4.023400E+02  9.779866807200E+05
483          -39.45880000   -7.07760000  4.151900E+02  9.779856835302E+05
484          -39.54640000   -6.90110000  3.294500E+02  9.780014949664E+05
485          -40.08940000   -3.13970000  4.916000E+01  9.780470541273E+05
486          -40.08860000   -3.12280000  5.060000E+01  9.780473736912E+05
487          -40.08690000   -3.09530000  4.449000E+01  9.780499896808E+05
488          -40.09580000   -3.06830000  3.687000E+01  9.780530352301E+05
489          -40.13030000   -2.96920000  1.218000E+01  9.780600295419E+05
490          -40.12640000   -2.94110000  4.950000E+00  9.780609155551E+05
491          -39.85170000   -6.13390000  5.571300E+02  9.779415537801E+05
492          -39.43240000   -5.68220000  2.200800E+02  9.780060902182E+05
493          -39.37110000   -5.58540000  1.666000E+02  9.780200555804E+05
494          -39.90690000   -6.54230000  2.807100E+02  9.780106848682E+05
495          -39.27440000   -6.42620000  2.252800E+02  9.779976085178E+05
496          -39.31500000   -6.55000000  3.029800E+02  9.779897136622E+05
497          -39.08450000   -3.56510000  2.698000E+01  9.780563661346E+05
498          -39.20340000   -3.46540000  4.215000E+01  9.780532396695E+05
499          -39.22090000   -3.46430000  4.290000E+01  9.780520523949E+05
500          -39.24060000   -3.46540000  5.799000E+01  9.780458899540E+05
501          -39.25900000   -3.46570000  8.011000E+01  9.780375938955E+05
502          -39.27420000   -3.45150000  5.076000E+01  9.780467578147E+05
503          -39.14950000   -3.53150000  3.910000E+00  9.780613742929E+05
504          -39.18230000   -3.54370000  6.590000E+00  9.780579631276E+05
505          -39.18230000   -3.54370000  5.900000E+00  9.780581756165E+05
506          -40.67670000   -3.52170000  5.009000E+01  9.780178470906E+05
507          -40.67580000   -3.49280000  5.270000E+01  9.780182575334E+05
508          -40.67780000   -3.42280000  4.131000E+01  9.780276764900E+05
509          -40.71360000   -3.38920000  3.509000E+01  9.780276199812E+05
510          -40.71360000   -3.38940000  3.755000E+01  9.780268602934E+05
511          -40.83920000   -3.32860000  4.124000E+01  9.780409533137E+05
512          -40.87810000   -3.31310000  6.423000E+01  9.780331260461E+05
513          -40.87670000   -3.25860000  1.848000E+01  9.780449321821E+05
514          -40.87170000   -3.23030000  4.269000E+01  9.780361263794E+05
515          -40.09280000   -3.22140000  7.141000E+01  9.780356411988E+05
516          -40.09170000   -3.19610000  5.393000E+01  9.780422010362E+05
517          -40.08970000   -3.16720000  6.024000E+01  9.780420302230E+05
518          -40.84030000   -3.10720000 -1.083000E+01  9.780628009889E+05
519          -40.84530000   -3.08390000 -8.470000E+00  9.780635821842E+05
520          -40.85920000   -2.92330000  4.600000E+00  9.780695554539E+05
521          -39.26160000   -6.56800000  2.723700E+02  9.779986548561E+05
522          -39.32960000   -6.63380000  3.018000E+02  9.780009784271E+05
523          -39.26790000   -6.72380000  3.659000E+02  9.779837138416E+05
524          -39.13240000   -6.60700000  2.968100E+02  9.779917937868E+05
525          -39.20570000   -6.57980000  2.815100E+02  9.779948298396E+05
526          -39.27260000   -6.56740000  2.854800E+02  9.779950567086E+05
527          -39.32930000   -6.60510000  2.918800E+02  9.779996948496E+05
528          -39.33210000   -6.31200000  2.071200E+02  9.780010538197E+05
529          -39.31450000   -6.29620000  2.088800E+02  9.780001300896E+05
530          -39.29320000   -6.28010000  2.228100E+02  9.779954851685E+05
531          -39.27110000   -6.26570000  2.183400E+02  9.779965620972E+05
532          -39.36070000   -6.25550000  2.386200E+02  9.779975731618E+05
533          -39.37560000   -6.19720000  2.918000E+02  9.779857231107E+05
534          -40.72170000   -3.20440000  5.636000E+01  9.780412115171E+05
535          -40.74530000   -3.18830000  4.162000E+01  9.780470785074E+05
536          -40.56610000   -3.72830000  1.357200E+02  9.780159185959E+05
537          -39.35250000   -7.22670000  3.970300E+02  9.779641045356E+05
538          -39.22690000   -7.29800000  3.677700E+02  9.779668992104E+05
539          -38.99580000   -7.31550000  3.289500E+02  9.779811009567E+05
540          -37.44730000   -4.87950000  2.216000E+01  9.780569846200E+05
541          -38.06100000   -4.75320000  1.725000E+01  9.780722561426E+05
542          -38.73820000   -6.84810000  3.036100E+02  9.780136047799E+05
543          -39.37690000   -6.82370000  3.624200E+02  9.779873658098E+05
544          -38.92190000   -6.23670000  2.036400E+02  9.780165391840E+05
545          -38.95280000   -6.40430000  1.714400E+02  9.780224409669E+05
546          -39.34130000   -6.41050000  2.102800E+02  9.780001675765E+05
547          -39.39210000   -6.44910000  2.119000E+02  9.780054833917E+05
548          -39.45260000   -6.47910000  2.189700E+02  9.780105069748E+05
549          -39.52570000   -6.51830000  2.360700E+02  9.780134873368E+05
550          -39.60790000   -6.52330000  3.139500E+02  9.779881089014E+05
551          -39.68110000   -6.53900000  2.710100E+02  9.780022866101E+05
552          -39.75480000   -6.54840000  2.947000E+02  9.780003507905E+05
553          -39.82520000   -6.56870000  2.784700E+02  9.780107905238E+05
554          -39.88430000   -6.59360000  2.829600E+02  9.780109834804E+05
555          -38.50860000   -3.80690000 -1.950000E+00  9.780711500217E+05
556          -38.52110000   -3.80970000  5.050000E+00  9.780682222992E+05
557          -41.04360000   -2.99610000  8.200000E+00  9.780324755471E+05
558          -41.11530000   -3.02690000  1.223000E+01  9.780279006140E+05
559          -41.15810000   -3.02250000  8.110000E+00  9.780282593123E+05
560          -38.95280000   -3.67280000  3.132000E+01  9.780551601257E+05
561          -38.96920000   -3.67110000  2.945000E+01  9.780559527164E+05
562          -38.97670000   -3.66970000  1.721000E+01  9.780598374883E+05
563          -40.57920000   -3.71420000  1.285500E+02  9.780174130903E+05
564          -40.59690000   -3.68360000  1.148400E+02  9.780197375588E+05
565          -40.61110000   -3.66280000  9.369000E+01  9.780220551161E+05
566          -40.64280000   -3.57250000  6.230000E+01  9.780188280798E+05
567          -40.66720000   -3.53970000  5.623000E+01  9.780161160192E+05
568          -39.20080000   -6.39190000  2.060000E+02  9.780040227357E+05
569          -41.08970000   -3.02330000 -5.470000E+00  9.780334866702E+05
570          -38.68310000   -3.89290000  5.749000E+01  9.780578572625E+05
571          -38.75390000   -4.07150000  8.534000E+01  9.780423484712E+05
572          -40.56280000   -3.07310000  3.450000E+00  9.780554179693E+05
573          -39.51280000   -7.22560000  9.331400E+02  9.778577603166E+05
574          -40.31280000   -5.74530000  4.480300E+02  9.779425911653E+05
575          -40.74970000   -4.16250000  8.876000E+02  9.778339330337E+05
576          -40.71070000   -4.32230000  2.326700E+02  9.779823515912E+05
577          -38.98190000   -4.53330000  1.580600E+02  9.780321186036E+05
578          -39.05560000   -4.49890000  2.228000E+02  9.780170866586E+05
579          -39.13810000   -4.39810000  2.087100E+02  9.780195372270E+05
580          -39.31110000   -5.17670000  2.313600E+02  9.780107667814E+05
581          -39.10110000   -6.89330000  3.039000E+02  9.780088006676E+05
582          -38.99470000   -6.76500000  2.384200E+02  9.780172046196E+05
583          -39.06170000   -6.64580000  2.638500E+02  9.780065149092E+05
584          -38.75450000   -3.65040000  3.429000E+01  9.780617514476E+05
585          -38.69980000   -3.70450000  2.030000E+00  9.780692452441E+05
586          -39.16010000   -3.46510000  2.017000E+01  9.780623550094E+05
587          -39.12900000   -3.53120000  2.139000E+01  9.780572755667E+05
588          -39.18310000   -3.46450000  1.932000E+01  9.780614913541E+05
589          -39.04790000   -3.68540000  4.058000E+01  9.780535749759E+05
590          -39.01950000   -3.73200000  2.368000E+01  9.780578052559E+05
591          -39.04650000   -3.75070000  4.090000E+01  9.780535129103E+05
592          -38.93790000   -3.71450000  2.239000E+01  9.780578043408E+05
593          -38.89980000   -3.76790000  3.618000E+01  9.780570729859E+05
594          -38.82590000   -3.80450000  4.121000E+01  9.780603296970E+05
595          -38.78150000   -3.84010000  1.945000E+01  9.780667992710E+05
596          -38.90900000   -3.66870000  1.938000E+01  9.780591533340E+05
597          -38.90370000   -3.55040000  1.120000E+01  9.780684812107E+05
598          -38.96120000   -3.52950000 -4.550000E+00  9.780724612403E+05
599          -38.97010000   -3.47870000  1.092000E+01  9.780745731839E+05
600          -39.01900000   -3.43790000  1.365000E+01  9.780753176172E+05
601          -39.11200000   -3.59340000  2.282000E+01  9.780554026544E+05
602          -38.52420000   -3.75780000  3.060000E+00  9.780728070776E+05
603          -39.53830000   -7.28810000  9.100600E+02  9.778631491107E+05
604          -39.17110000   -6.96360000  3.056200E+02  9.780122688869E+05
605          -38.50230000   -3.88900000  9.440000E+00  9.780670850902E+05
606          -38.84860000   -7.26920000  4.372100E+02  9.779705279709E+05
607          -39.26900000   -6.65050000  3.159000E+02  9.779983046825E+05
608          -38.89170000   -5.20760000  1.596400E+02  9.780389445182E+05
609          -39.32250000   -5.16890000  2.037700E+02  9.780194980539E+05
610          -39.47670000   -5.11720000  2.522700E+02  9.780017704742E+05
611          -39.70390000   -5.12920000  2.969300E+02  9.779838604916E+05
612          -38.36950000   -5.46650000  7.470000E+01  9.780673149683E+05
613          -39.74560000   -6.99940000  6.273500E+02  9.779478274725E+05
614          -40.31970000   -6.03610000  4.247500E+02  9.779581168495E+05
615          -40.57190000   -6.25110000  4.916100E+02  9.779476096244E+05
616          -40.73750000   -6.45530000  4.958200E+02  9.779610894561E+05
617          -39.35530000   -5.60560000  2.138400E+02  9.780063164063E+05
618          -38.83830000   -4.35690000  1.085600E+02  9.780353140710E+05
619          -40.31690000   -4.36060000  1.817100E+02  9.779716892291E+05
620          -40.13140000   -4.35860000  1.878800E+02  9.779815595501E+05
621          -39.99030000   -4.51190000  2.678600E+02  9.779721493028E+05
622          -39.79170000   -4.68190000  4.505500E+02  9.779482192922E+05
623          -40.35190000   -3.58420000  9.661000E+01  9.780174463345E+05
624          -38.63670000   -3.70590000  5.680000E+00  9.780650847405E+05
625          -38.98480000   -3.74840000  3.782000E+01  9.780533487508E+05
626          -38.88730000   -3.72570000  3.317000E+01  9.780568590425E+05
627          -39.53720000   -7.21690000  9.293100E+02  9.778627745122E+05
628          -39.82220000   -7.31780000  8.901700E+02  9.778696782692E+05
629          -40.67670000   -3.28640000  6.201000E+01  9.780288415001E+05
630          -39.30940000   -6.47500000  2.281900E+02  9.780035421371E+05
631          -39.02690000   -3.42000000  1.606000E+01  9.780756587112E+05
632          -38.67750000   -3.88000000  6.708000E+01  9.780527890909E+05
633          -38.62500000   -3.87720000  3.859000E+01  9.780543681168E+05
634          -40.87900000   -2.94670000 -4.380000E+00  9.780659498230E+05
635          -38.63140000   -3.74090000 -5.160000E+00  9.780672851336E+05
636          -38.55720000   -3.79420000  1.807000E+01  9.780633124894E+05
637          -38.49030000   -3.75250000 -4.920000E+00  9.780763354066E+05
638          -39.30420000   -5.65420000  2.795000E+02  9.779932815947E+05
639          -38.78980000   -4.78840000  1.052400E+02  9.780559518306E+05
640          -38.77940000   -7.45560000  3.780200E+02  9.779783094277E+05
641          -39.06060000   -3.54010000  1.487000E+01  9.780634882130E+05
642          -38.89950000   -3.59820000  9.220000E+00  9.780641719772E+05
643          -39.22950000   -3.72340000  6.544000E+01  9.780412307086E+05
644          -39.15090000   -3.77010000  7.226000E+01  9.780464241363E+05
645          -39.02060000   -3.70070000  2.120000E+01  9.780588642390E+05
646          -39.02310000   -3.75260000  2.162000E+01  9.780586890100E+05
647          -39.04730000   -3.62590000  3.494000E+01  9.780542721862E+05
648          -39.00150000   -3.58540000  3.210000E+00  9.780654154680E+05
649          -38.61120000   -3.69290000  1.790000E+01  9.780631830773E+05
650          -39.00370000   -3.75070000  2.818000E+01  9.780563709643E+05
651          -40.59610000   -3.06670000  3.984000E+01  9.780509768550E+05
652          -40.58640000   -6.26970000  5.028400E+02  9.779465328360E+05
653          -38.42790000   -4.39490000  6.208000E+01  9.780598209398E+05
654          -40.84180000   -3.03930000  8.820000E+00  9.780606002487E+05
655          -40.85080000   -2.99150000  1.601000E+01  9.780601676470E+05
656          -40.85840000   -2.94620000  3.930000E+00  9.780676610860E+05
657          -40.91660000   -2.96430000 -3.100000E+00  9.780564456269E+05
658          -40.95430000   -2.97760000 -5.770000E+00  9.780499326505E+05
659          -41.19180000   -3.04400000  9.650000E+00  9.780305043277E+05
660          -41.06280000   -3.79230000  7.164000E+02  9.778749316901E+05
661          -41.02040000   -3.75380000  7.674100E+02  9.778732019181E+05
662          -40.76720000   -6.27920000  7.377400E+02  9.778852831845E+05
663          -40.75080000   -6.26630000  5.454200E+02  9.779368535734E+05
664          -40.72750000   -6.25730000  5.388500E+02  9.779310509177E+05
665          -40.71030000   -6.23550000  4.876400E+02  9.779411179526E+05
666          -40.85400000   -5.38070000  3.697300E+02  9.779639363225E+05
667          -40.91140000   -5.42210000  7.520600E+02  9.778739704039E+05
668          -40.92090000   -5.44470000  7.665200E+02  9.778734964702E+05
669          -40.78780000   -6.28860000  8.008700E+02  9.778732495285E+05
670          -38.77920000   -3.84860000  2.306000E+01  9.780654250222E+05
671          -38.82940000   -3.89000000  3.579000E+01  9.780574455375E+05
672          -38.63910000   -3.75440000 -2.650000E+00  9.780665058815E+05
673          -38.66730000   -3.76860000  8.120000E+00  9.780647187766E+05
674          -39.04230000   -4.07880000  1.182800E+02  9.780387511075E+05
675          -39.06170000   -4.11000000  1.257500E+02  9.780344392166E+05
676          -39.14960000   -4.16210000  1.004200E+02  9.780449966386E+05
677          -39.16810000   -4.17960000  1.099900E+02  9.780423806260E+05
678          -39.18440000   -4.20640000  1.383100E+02  9.780333343217E+05
679          -39.57650000   -4.84740000  2.963700E+02  9.779916048352E+05
680          -38.66970000   -3.73520000  1.518000E+01  9.780620865119E+05
681          -38.60920000   -3.84750000  2.207000E+01  9.780578875165E+05
682          -38.89610000   -3.97060000  7.328000E+01  9.780481277540E+05
683          -38.99310000   -4.03250000  1.393000E+02  9.780354120907E+05
684          -38.69420000   -3.78340000  5.340000E+00  9.780685876110E+05
685          -40.51400000   -4.18590000  1.813600E+02  9.779716505676E+05
686          -39.12910000   -4.28900000  1.592400E+02  9.780190083385E+05
687          -38.62400000   -4.29020000  9.119000E+01  9.780552922258E+05
688          -38.88280000   -4.31310000  1.804500E+02  9.780370869167E+05
689          -38.88170000   -4.21270000  3.978000E+02  9.780042258630E+05
690          -39.04460000   -4.37500000  7.750900E+02  9.778816486536E+05
691          -38.79070000   -4.19690000  1.730900E+02  9.780428935038E+05
692          -38.95470000   -4.37000000  5.142800E+02  9.779562532516E+05
693          -38.13250000   -4.12920000 -2.880000E+00  9.780709446887E+05
694          -38.03970000   -4.45720000  8.310000E+00  9.780747026734E+05
695          -38.20610000   -4.47140000  6.094000E+01  9.780675535069E+05
696          -37.95460000   -4.71100000  1.632000E+01  9.780654507429E+05
697          -37.69470000   -4.70780000  2.450000E+01  9.780818820993E+05
698          -38.13120000   -5.37190000  7.496000E+01  9.780641332047E+05
699          -38.54460000   -5.03310000  1.201400E+02  9.780598904691E+05
700          -38.52790000   -4.79520000  1.082600E+02  9.780680053673E+05
701          -38.26690000   -4.78950000  4.649000E+01  9.780796707219E+05
702          -38.21030000   -4.59280000  1.052900E+02  9.780628594468E+05
703          -38.36950000   -4.29600000  4.695000E+01  9.780574771849E+05
704          -41.17480000   -3.87510000  6.562500E+02  9.778834421249E+05
705          -41.04110000   -3.77260000  7.465700E+02  9.778720423656E+05
706          -41.22320000   -3.90810000  4.366400E+02  9.779172657288E+05
707          -41.19160000   -3.89950000  5.556400E+02  9.779004157341E+05
708          -41.15350000   -3.86590000  7.182100E+02  9.778748405305E+05
709          -41.13220000   -3.84420000  7.324400E+02  9.778746944917E+05
710          -41.10960000   -3.62690000  7.133400E+02  9.778790276159E+05
711          -41.08710000   -3.81050000  7.185700E+02  9.778734691007E+05
712          -40.62880000   -3.45860000  4.842000E+01  9.780227581117E+05
713          -40.62500000   -3.37620000  9.621000E+01  9.780229483565E+05
714          -40.53840000   -4.04180000  1.396600E+02  9.779774307567E+05
715          -40.61900000   -4.03640000  1.675000E+02  9.779799713324E+05
716          -40.63500000   -3.95660000  1.300900E+02  9.779925492818E+05
717          -40.62600000   -4.12670000  2.343900E+02  9.779579395392E+05
718          -40.94390000   -4.20580000  7.023700E+02  9.778875839349E+05
719          -40.86650000   -4.20970000  8.097600E+02  9.778592343612E+05
720          -40.79090000   -4.04040000  1.637000E+02  9.779846905031E+05
721          -40.71040000   -4.04200000  1.546100E+02  9.779840956964E+05
722          -41.37800000   -3.29010000  6.163000E+01  9.780215120870E+05
723          -41.28230000   -3.29570000  3.541000E+01  9.780274365497E+05
724          -41.20880000   -3.38190000  8.310000E+01  9.780491303922E+05
725          -41.19930000   -3.45500000  6.996900E+02  9.778660955881E+05
726          -38.46730000   -4.62970000  6.533000E+01  9.780670975242E+05
727          -39.04540000   -5.36420000  1.196800E+02  9.780461447337E+05
728          -39.36470000   -5.29320000  3.390900E+02  9.779779736885E+05
729          -40.31010000   -4.14850000  1.383000E+02  9.779821212096E+05
730          -40.28650000   -4.05230000  9.537000E+01  9.779920968201E+05
731          -40.38480000   -4.04470000  1.222800E+02  9.779805125397E+05
732          -40.37810000   -4.12150000  1.220200E+02  9.779821922458E+05
733          -40.36470000   -3.95580000  8.910000E+01  9.779968309414E+05
734          -40.29800000   -3.94580000  1.381800E+02  9.779840048249E+05
735          -40.28700000   -3.87460000  9.513000E+01  9.779960284762E+05
736          -40.53720000   -3.87620000  1.065200E+02  9.780055241766E+05
737          -40.53330000   -3.93330000  1.216900E+02  9.779970118870E+05
738          -40.39410000   -2.88310000  6.860000E+00  9.780559056075E+05
739          -40.37500000   -2.95880000  1.738000E+01  9.780539652150E+05
740          -40.28820000   -3.03520000  2.740000E+01  9.780579623744E+05
741          -40.37860000   -3.04190000  3.159000E+01  9.780480382242E+05
742          -40.44590000   -3.04510000  2.489000E+01  9.780458346251E+05
743          -40.70340000   -2.95880000 -1.910000E+00  9.780853885303E+05
744          -40.70040000   -3.12520000  2.553000E+01  9.780584090254E+05
745          -40.60990000   -3.13350000  2.102000E+01  9.780507131054E+05
746          -40.54120000   -3.19940000  2.061000E+01  9.780420178062E+05
747          -40.63370000   -3.20520000  2.003000E+01  9.780462281432E+05
748          -41.29620000   -3.13040000  5.490000E+00  9.780337730271E+05
749          -41.29400000   -3.21160000  3.229000E+01  9.780287826289E+05
750          -38.37800000   -4.13030000  4.178000E+01  9.780588117103E+05
751          -38.53780000   -4.12740000  5.621000E+01  9.780585990656E+05
752          -38.86320000   -4.04530000  1.219400E+02  9.780426020755E+05
753          -38.29370000   -3.96010000  1.466000E+01  9.780742303548E+05
754          -39.12540000   -3.87250000  6.310000E+01  9.780497084687E+05
755          -39.37260000   -3.79180000  7.884000E+01  9.780290856122E+05
756          -39.28140000   -4.04260000  1.254600E+02  9.780266115657E+05
757          -39.10980000   -4.05910000  1.062300E+02  9.780390830545E+05
758          -39.04620000   -4.19940000  1.844300E+02  9.780282706021E+05
759          -38.96180000   -4.12350000  1.825000E+02  9.780445353133E+05
760          -39.04810000   -3.98880000  8.382000E+01  9.780483401113E+05
761          -40.79430000   -3.95760000  1.707000E+02  9.779937538542E+05
762          -40.87200000   -3.62340000  1.165500E+02  9.780026291846E+05
763          -40.79410000   -3.54140000  1.284100E+02  9.779969121456E+05
764          -40.79250000   -3.61640000  8.668000E+01  9.780140562364E+05
765          -40.87410000   -3.54410000  1.642500E+02  9.779965120196E+05
766          -40.79220000   -3.46430000  5.795000E+01  9.780250963025E+05
767          -40.87050000   -3.45700000  1.296900E+02  9.780118083395E+05
768          -39.29090000   -5.04460000  3.063800E+02  9.779965244522E+05
769          -39.78390000   -4.96290000  3.268000E+02  9.779795571753E+05
770          -39.54420000   -5.03410000  2.905000E+02  9.779900746923E+05
771          -39.25820000   -4.54510000  2.279300E+02  9.780078508290E+05
772          -39.12020000   -4.53940000  1.774700E+02  9.780187389228E+05
773          -39.12920000   -4.69550000  1.735700E+02  9.780227676064E+05
774          -39.38200000   -4.78720000  3.934300E+02  9.779709538410E+05
775          -39.12590000   -4.87480000  3.144100E+02  9.780030650801E+05
776          -39.70740000   -4.79490000  4.002000E+02  9.779632094576E+05
777          -39.95770000   -4.72130000  8.025900E+02  9.778524555122E+05
778          -40.03350000   -4.29440000  2.012300E+02  9.779842026778E+05
779          -39.82360000   -4.56670000  3.803500E+02  9.779651585627E+05
780          -39.74260000   -4.37150000  3.480200E+02  9.779833724935E+05
781          -39.47970000   -4.44360000  4.888000E+02  9.779409823643E+05
782          -39.45590000   -4.37640000  2.165400E+02  9.780031861003E+05
783          -39.54190000   -4.12990000  1.213600E+02  9.780163837347E+05
784          -39.71230000   -4.19950000  2.004700E+02  9.780016459112E+05
785          -39.82300000   -4.04410000  2.298200E+02  9.779851848028E+05
786          -40.20770000   -4.12530000  1.431800E+02  9.779837586637E+05
787          -40.21590000   -3.87480000  1.284000E+02  9.779864752917E+05
788          -40.12770000   -3.61830000  1.058800E+02  9.779967372699E+05
789          -39.87640000   -3.79900000  1.518500E+02  9.779997224465E+05
790          -39.62620000   -3.87470000  1.737800E+02  9.780027744568E+05
791          -39.54730000   -3.63020000  2.501300E+02  9.780224657275E+05
792          -39.68860000   -3.72410000  1.603800E+02  9.780074248556E+05
793          -39.53990000   -3.37530000  5.884000E+01  9.780452865951E+05
794          -39.40690000   -3.46070000  4.952000E+01  9.780403639613E+05
795          -39.62470000   -3.56540000  2.537600E+02  9.780182157420E+05
796          -39.37600000   -3.21170000  6.040000E+00  9.780878676053E+05
797          -39.72340000   -3.03440000  5.700000E+00  9.780755978867E+05
798          -40.04870000   -3.04300000  3.338000E+01  9.780525368364E+05
799          -40.20240000   -3.29250000  7.746000E+01  9.780381973916E+05
800          -40.37420000   -3.29270000  5.756000E+01  9.780368023316E+05
801          -40.55550000   -3.36690000  9.755000E+01  9.780262085935E+05
802          -40.54190000   -3.54670000  7.282700E+02  9.778620950077E+05
803          -40.53990000   -3.47180000  9.321000E+01  9.780214831038E+05
804          -40.98060000   -3.30400000  4.834000E+01  9.780400734812E+05
805          -40.95800000   -3.45780000  7.417000E+01  9.780288775407E+05
806          -40.88490000   -3.37530000  6.042000E+01  9.780362858047E+05
807          -41.05400000   -3.62770000  6.516600E+02  9.778769610259E+05
808          -41.12910000   -3.46240000  1.256100E+02  9.780236853699E+05
809          -41.12040000   -3.37720000  8.287000E+01  9.780402628790E+05
810          -41.06430000   -3.32060000  5.382000E+01  9.780381413324E+05
811          -41.21240000   -3.70500000  6.817500E+02  9.778791762765E+05
812          -41.16950000   -3.87230000  1.590500E+02  9.780426677108E+05
813          -41.13870000   -4.12040000  2.225100E+02  9.779984108053E+05
814          -41.09800000   -4.22720000  6.196700E+02  9.778951154511E+05
815          -41.28310000   -3.37900000  6.411000E+01  9.780250985961E+05
816          -38.70440000   -4.53280000  8.703000E+01  9.780566983168E+05
817          -39.87560000   -3.20990000  4.339000E+01  9.780343874524E+05
818          -40.29270000   -3.29310000  8.751000E+01  9.780365337538E+05
819          -40.73100000   -3.61870000  9.539000E+01  9.780126403141E+05
820          -40.93270000   -3.54200000  1.453300E+02  9.780007096199E+05
821          -41.16960000   -3.75400000  5.315800E+02  9.779240580413E+05
822          -41.22050000   -4.02600000  1.470400E+02  9.779923783456E+05
823          -41.04260000   -4.12940000  7.484300E+02  9.778778535515E+05
824          -40.70130000   -3.05970000  2.209000E+01  9.780701268115E+05
825          -40.72290000   -3.06600000  5.047000E+01  9.780597272436E+05
826          -40.73620000   -3.06320000  4.501000E+01  9.780610835528E+05
827          -40.74800000   -3.06730000  2.482000E+01  9.780655692641E+05
828          -40.68930000   -3.04510000  3.839000E+01  9.780676103563E+05
829          -40.94510000   -3.25880000  6.774000E+01  9.780361937475E+05
830          -41.06010000   -3.45680000  1.077600E+02  9.780187114872E+05
831          -41.09920000   -3.54100000  6.647100E+02  9.778703587362E+05
832          -41.11260000   -3.64800000  7.269600E+02  9.778758937763E+05
833          -40.91870000   -3.65860000  1.558100E+02  9.780066175800E+05
834          -40.81680000   -3.75980000  1.059500E+02  9.780070972910E+05
835          -40.83830000   -3.73080000  1.271400E+02  9.779976005788E+05
836          -40.82680000   -3.74090000  1.095900E+02  9.780041804401E+05
837          -40.81590000   -3.75010000  1.058400E+02  9.780070650099E+05
838          -40.81210000   -3.76000000  1.042400E+02  9.780082655861E+05
839          -41.06990000   -3.48990000  4.048700E+02  9.779281665303E+05
840          -41.07370000   -3.50290000  4.770400E+02  9.779081458246E+05
841          -41.07980000   -3.51490000  5.276500E+02  9.778965807488E+05
842          -41.09200000   -3.52900000  5.962000E+02  9.778842618087E+05
843          -41.09510000   -3.55870000  6.976200E+02  9.778632222936E+05
844          -41.09050000   -3.56990000  6.649400E+02  9.778739552466E+05
845          -41.09390000   -3.57750000  6.741800E+02  9.778750903651E+05
846          -41.10330000   -3.58960000  7.394500E+02  9.778628228360E+05
847          -41.11560000   -3.60680000  7.181300E+02  9.778782269549E+05
848          -41.11750000   -3.62930000  7.180300E+02  9.778804528190E+05
849          -41.11220000   -3.65950000  7.292600E+02  9.778744147254E+05
850          -41.10590000   -3.68050000  0.000000E+00  9.780982481087E+05
851          -41.08950000   -3.69390000  6.962400E+02  9.778781627910E+05
852          -40.99900000   -3.73090000  7.710900E+02  9.778737785091E+05
853          -40.99480000   -3.71970000  7.961500E+02  9.778624420747E+05
854          -40.92430000   -3.65790000  1.663300E+02  9.780061257710E+05
855          -40.91210000   -3.66260000  1.399100E+02  9.780088484580E+05
856          -40.89100000   -3.66790000  1.090800E+02  9.780081098727E+05
857          -40.88290000   -3.69070000  1.349300E+02  9.780002923612E+05
858          -40.87010000   -3.70480000  1.375300E+02  9.779968513327E+05
859          -40.85750000   -3.71530000  1.290500E+02  9.779973901538E+05
860          -40.98560000   -3.32390000  6.313000E+01  9.780346261541E+05
861          -40.99220000   -3.34290000  7.528000E+01  9.780310200828E+05
862          -40.99590000   -3.36340000  6.237000E+01  9.780363493625E+05
863          -41.00380000   -3.38260000  6.711000E+01  9.780364910739E+05
864          -41.01130000   -3.40470000  7.407000E+01  9.780354954589E+05
865          -41.02610000   -3.40850000  7.769000E+01  9.780334772558E+05
866          -41.03940000   -3.43170000  9.175000E+01  9.780271244222E+05
867          -41.05450000   -3.44710000  9.178000E+01  9.780245364562E+05
868          -41.06490000   -3.46320000  1.707400E+02  9.779990846357E+05
869          -41.07680000   -3.47270000  2.653100E+02  9.779709948611E+05
870          -41.07780000   -3.48250000  3.421500E+02  9.779483112753E+05
871          -40.76440000   -3.07760000  1.912000E+01  9.780639959826E+05
872          -40.78180000   -3.08770000  2.510000E+01  9.780589046688E+05
873          -40.79820000   -3.10240000  1.750000E+00  9.780628889728E+05
874          -40.81680000   -3.12520000 -1.130000E+00  9.780597535237E+05
875          -40.83800000   -3.13380000  2.084000E+01  9.780502524083E+05
876          -40.85170000   -3.15050000  3.282000E+01  9.780436027373E+05
877          -40.86030000   -3.19130000  3.511000E+01  9.780387093472E+05
878          -40.86450000   -3.21400000  4.428000E+01  9.780352119123E+05
879          -40.88340000   -3.22080000  0.000000E+00  9.780497660209E+05
880          -40.90170000   -3.21460000  3.678000E+01  9.780398436989E+05
881          -40.92120000   -3.22120000  5.618000E+01  9.780362570891E+05
882          -40.93720000   -3.23590000  5.736000E+01  9.780383627056E+05
883          -40.94880000   -3.27840000  4.277000E+01  9.780435330509E+05
884          -38.76570000   -6.34160000  1.466500E+02  9.780325514922E+05
885          -41.04730000   -4.29250000  6.227500E+02  9.779086437667E+05
886          -40.95470000   -4.30420000  6.037400E+02  9.779065271233E+05
887          -40.95790000   -4.37390000  5.366500E+02  9.779164257691E+05
888          -41.10090000   -4.55080000  3.435800E+02  9.779504130842E+05
889          -41.03620000   -4.62390000  4.561100E+02  9.779257794434E+05
890          -41.03050000   -4.57940000  3.781800E+02  9.779488621680E+05
891          -40.96420000   -4.54280000  4.842300E+02  9.779237414674E+05
892          -40.87220000   -4.62600000  7.080500E+02  9.778860269738E+05
893          -40.79330000   -4.37530000  8.355000E+02  9.778375549697E+05
894          -41.05170000   -4.37040000  5.622900E+02  9.779148125254E+05
895          -41.02980000   -4.45890000  4.338400E+02  9.779411566085E+05
896          -40.91970000   -4.45190000  5.114900E+02  9.779185615955E+05
897          -40.95690000   -4.62860000  6.459200E+02  9.778885224229E+05
898          -40.80190000   -4.53840000  8.394800E+02  9.778184319426E+05
899          -40.54180000   -4.54450000  2.336700E+02  9.779545151673E+05
900          -40.45930000   -4.53870000  1.945500E+02  9.779718946270E+05
901          -40.37280000   -4.53430000  2.501600E+02  9.779577024019E+05
902          -40.20800000   -4.45830000  2.089900E+02  9.779766397179E+05
903          -40.62330000   -4.45580000  1.990600E+02  9.779701990192E+05
904          -40.53210000   -4.45740000  1.933800E+02  9.779663184096E+05
905          -40.45940000   -4.37840000  1.595800E+02  9.779744041294E+05
906          -40.46370000   -4.28840000  1.474600E+02  9.779738751115E+05
907          -40.38020000   -4.28830000  1.887600E+02  9.779692883268E+05
908          -40.36070000   -4.45740000  1.982900E+02  9.779701527876E+05
909          -41.14820000   -4.36640000  5.746800E+02  9.779105644563E+05
910          -40.87070000   -4.29540000  6.731000E+02  9.778890012012E+05
911          -40.86870000   -4.54260000  6.274200E+02  9.779019521143E+05
912          -40.87540000   -4.37590000  6.130800E+02  9.779047788295E+05
913          -40.87640000   -4.45870000  6.477100E+02  9.778892833144E+05
914          -40.79390000   -4.45650000  8.474700E+02  9.778191273761E+05
915          -40.29140000   -4.54010000  2.630500E+02  9.779659146591E+05
916          -40.53520000   -4.29320000  1.437900E+02  9.779828114906E+05
917          -40.29210000   -4.46020000  1.980000E+02  9.779763096936E+05
918          -41.12230000   -4.45850000  5.738400E+02  9.779029351120E+05
919          -38.08460000   -4.73120000  2.712000E+01  9.780723861067E+05
920          -39.29000000   -5.64970000  2.937000E+02  9.779894262606E+05
921          -38.48000000   -3.79560000  1.199000E+01  9.780679945051E+05
922          -39.04840000   -3.72450000  2.355000E+01  9.780588848930E+05
923          -39.03530000   -7.29670000  4.077900E+02  9.779618017896E+05
924          -40.79360000   -3.75870000  1.062400E+02  9.780119507510E+05
925          -40.77920000   -3.75670000  9.872000E+01  9.780184221718E+05
926          -37.39459000   -4.68752200 -2.126000E+00  9.780575763260E+05
927          -40.67538000   -6.22764200  4.626880E+02  9.779489270567E+05
928          -38.22744000   -4.20509400  5.188000E+00  9.780612513770E+05
929          -38.58212000   -3.74573400  1.302500E+01  9.780649870520E+05
930          -38.58244000   -3.74578500  1.772600E+01  9.780635043423E+05
931          -40.77016000   -4.15762900  9.260980E+02  9.778251850457E+05
932          -38.42688000   -3.87781700  1.613200E+01  9.780703135838E+05
933          -40.14584000   -3.12858300  3.564000E+00  9.780612149525E+05
934          -40.75895000   -4.19952300  8.657220E+02  9.778519079158E+05
935          -38.81794000   -4.37229700  9.621700E+01  9.780416567455E+05
936          -38.80200000   -4.36286800  1.346660E+02  9.780323631006E+05
937          -40.59054000   -5.21961300  3.210260E+02  9.779592217066E+05
938          -38.47516000   -3.76940900  8.287000E+00  9.780707529170E+05
939          -38.47912000   -3.76643500  7.517000E+00  9.780713297742E+05
940          -39.37747000   -5.58919300  1.739470E+02  9.780179315619E+05
941          -39.36341000   -5.58107600  1.644490E+02  9.780205979689E+05
942          -40.38490000   -7.09841700  5.857450E+02  9.779660960743E+05
943          -38.00949000   -4.97089700  2.077400E+01  9.780746050513E+05
944          -39.50415000   -6.87412100  3.272320E+02  9.779938354727E+05
945          -38.61938000   -3.74378800  8.929000E+00  9.780633442193E+05
946          -41.24386000   -3.03401800 -5.880000E+00  9.780318162739E+05
947          -40.13181000   -4.74140700  6.597300E+02  9.778964408201E+05
948          -38.47528000   -3.76827700  8.200000E+00  9.780708617836E+05
949          -40.68599000   -6.21499100  4.624490E+02  9.779486586717E+05
950          -39.32229000   -7.17333100  5.983790E+02  9.779133695279E+05
951          -39.67910000   -7.09352700  4.479050E+02  9.779825875246E+05
952          -38.42561000   -3.87744600  1.945100E+01  9.780693132428E+05
953          -38.86230000   -6.40649300  1.460070E+02  9.780345277839E+05
954          -38.77332000   -7.18710400  4.114140E+02  9.779814676601E+05
955          -39.00910000   -7.69172200  4.363960E+02  9.779896073908E+05
956          -39.29222000   -6.79421700  3.016220E+02  9.780024904887E+05
957          -39.30706000   -7.24489000  4.204600E+02  9.779583758531E+05
958          -39.29295000   -6.34985900  2.051000E+02  9.779979166773E+05
959          -39.46067000   -6.09060300  2.890750E+02  9.780013507322E+05
960          -39.35565000   -5.56973800  1.650030E+02  9.780202565525E+05
961          -40.70232000   -5.21172400  2.992210E+02  9.779727260097E+05
962          -41.12877000   -3.02497300  1.362800E+01  9.780270643996E+05
963          -40.55847000   -4.70840900  2.372710E+02  9.779556340706E+05
964          -40.76982000   -5.54069200  3.496710E+02  9.779585374570E+05
965          -41.01360000   -3.73149500  7.449080E+02  9.778786473926E+05
966          -37.98370000   -4.93652000  1.273500E+01  9.780732485494E+05
967          -38.63092000   -5.90074600  1.136100E+02  9.780553682635E+05
968          -38.98938000   -4.97994800  1.986870E+02  9.780336857483E+05
969          -40.06302000   -4.79458000  6.924130E+02  9.778889217127E+05
970          -39.30106000   -4.34723300  1.299230E+02  9.780282364867E+05
971          -38.36720000   -4.57891200  5.357000E+01  9.780674022651E+05
972          -38.44706000   -5.18297400  1.004460E+02  9.780600041676E+05
973          -38.47461000   -3.72621700  4.841900E+01  9.780604677072E+05
974          -38.57729000   -3.74768000  1.651200E+01  9.780643609049E+05
975          -40.68704000   -5.20176800  2.860670E+02  9.779759060039E+05
976          -39.29450000   -3.37291700  3.890300E+01  9.780621632060E+05
977          -40.07481000   -4.78345900  6.781710E+02  9.778968882828E+05
