LONG(deg) 	 LAT(deg) 	 ALT_GEOM(m) 	 GRAV(mGal)
-37.4917 	 -4.8106 	 45.8 	 978052.07
-39.9372 	 -6.6678 	 336.26 	 977993.08
-39.955 	 -6.7364 	 348.73 	 977994.36
-39.8011 	 -6.5644 	 295.33 	 978004.34
-40.6003 	 -6.2878 	 483.86 	 977948.73
-40.2256 	 -4.7389 	 308.19 	 977949.2
-39.7311 	 -5.1292 	 265.25 	 977993.61
-39.3706 	 -5.5856 	 166.46 	 978017.29
-38.3263 	 -5.4413 	 59.33 	 978066.29
-38.3467 	 -5.4523 	 89.78 	 978061.85
-38.8709 	 -4.1732 	 324.57 	 977995.36
-38.9472 	 -4.2118 	 796.57 	 977898.87
-38.935 	 -4.2406 	 777.75 	 977901.94
-38.9597 	 -4.2898 	 738.65 	 977908.59
-38.8136 	 -4.3662 	 96.03 	 978035.76
-38.7442 	 -4.3129 	 165.25 	 978027.49
-38.8034 	 -3.7873 	 72.64 	 978046.55
-38.8054 	 -3.772 	 75.35 	 978046.94
-38.8026 	 -3.7565 	 71.21 	 978048.34
-38.792 	 -3.7409 	 83.68 	 978045.52
-38.7651 	 -3.7184 	 47.78 	 978052.81
-38.7573 	 -3.7059 	 61.43 	 978050.64
-38.7562 	 -3.6868 	 50.64 	 978053.48
-38.7523 	 -3.6723 	 31.17 	 978059.01
-38.8623 	 -3.682 	 12.97 	 978066.99
-38.8562 	 -3.6654 	 15.65 	 978067.34
-38.8556 	 -3.6473 	 21.03 	 978068.82
-38.8531 	 -3.6282 	 15.3 	 978072.1
-38.849 	 -3.6098 	 23.4 	 978072.88
-38.8809 	 -3.7115 	 31.27 	 978060.97
-38.8848 	 -3.7376 	 30.35 	 978060.63
-38.8742 	 -3.747 	 33.89 	 978058.25
-38.8767 	 -3.762 	 36.39 	 978056.84
-38.2653 	 -4.1206 	 11.24 	 978066.18
-40.5894 	 -3.3219 	 76.18 	 978023.72
-38.8253 	 -6.9728 	 299.13 	 978014.3
-38.7158 	 -6.7719 	 273.41 	 978013.2
-38.7178 	 -6.7467 	 287.52 	 978008.16
-38.7176 	 -6.7296 	 270.4 	 978008.57
-38.7044 	 -6.7106 	 293.09 	 978004.04
-38.6975 	 -6.6858 	 299.49 	 978002.46
-38.6772 	 -6.6319 	 264.09 	 978002.83
-38.6578 	 -6.6158 	 281.86 	 977998.43
-38.6383 	 -6.5978 	 286.24 	 977999.42
-39.3014 	 -7.3169 	 404.18 	 977962.08
-39.1468 	 -7.2499 	 350.86 	 977975.87
-38.8678 	 -6.0892 	 237.21 	 978010.86
-38.8739 	 -5.9914 	 195.43 	 978019.66
-38.425 	 -3.8978 	 -3.06 	 978077.77
-39.6314 	 -4.5372 	 662.68 	 977909.28
-39.6392 	 -4.5544 	 492.18 	 977941.98
-40.3547 	 -3.6106 	 83.69 	 978011.89
-40.3497 	 -3.5436 	 80.88 	 978018.42
-38.7531 	 -7.4944 	 375.4 	 977985.85
-38.6233 	 -4.5967 	 93.16 	 978057.37
-38.6742 	 -4.6606 	 120.45 	 978050.21
-39.0758 	 -6.8397 	 294.38 	 978008.24
-39.0561 	 -6.8325 	 285.92 	 978010.69
-39.0328 	 -6.7981 	 270.74 	 978011.8
-39.1931 	 -6.8272 	 294.13 	 978004.21
-39.1017 	 -6.7394 	 282.59 	 978009.75
-39.0875 	 -6.7183 	 284.91 	 978004.99
-39.0644 	 -6.6789 	 267.53 	 978005.6
-38.97 	 -6.9428 	 259.0 	 978021.98
-38.9231 	 -6.9328 	 288.18 	 978016.97
-38.9031 	 -6.9456 	 299.59 	 978014.46
-38.8764 	 -6.9572 	 270.75 	 978020.35
-38.7297 	 -4.2245 	 80.71 	 978046.58
-38.6936 	 -4.1679 	 57.05 	 978049.08
-38.6172 	 -3.9868 	 51.31 	 978048.9
-38.8606 	 -3.5887 	 34.11 	 978053.0
-38.8231 	 -3.7108 	 20.37 	 978061.47
-38.3894 	 -3.9025 	 5.5 	 978076.31
-39.0323 	 -3.5679 	 19.78 	 978064.04
-39.0154 	 -3.5776 	 15.8 	 978065.51
-38.9851 	 -3.5951 	 17.84 	 978068.41
-38.954 	 -3.6054 	 7.42 	 978073.9
-38.8773 	 -3.5962 	 19.36 	 978074.64
-38.8651 	 -3.6109 	 16.92 	 978072.87
-38.8504 	 -3.6218 	 34.25 	 978068.56
-38.9329 	 -3.7545 	 40.28 	 978058.82
-38.9148 	 -3.7618 	 28.0 	 978061.67
-38.8845 	 -3.774 	 50.08 	 978055.5
-38.8684 	 -3.7804 	 40.15 	 978054.15
-38.852 	 -3.787 	 47.07 	 978052.81
-38.7314 	 -7.4908 	 465.21 	 977968.57
-39.0845 	 -3.4912 	 2.99 	 978064.33
-39.119 	 -3.4973 	 2.01 	 978066.08
-39.1004 	 -3.5037 	 51.09 	 978055.46
-39.0892 	 -3.5154 	 38.32 	 978059.42
-39.9022 	 -7.3314 	 874.74 	 977870.34
-39.9656 	 -7.3028 	 863.3 	 977867.33
-40.0161 	 -7.2803 	 854.53 	 977868.4
-40.0639 	 -7.2572 	 810.39 	 977879.33
-39.0492 	 -3.554 	 10.11 	 978064.4
-38.7751 	 -3.6501 	 3.3 	 978071.43
-38.7401 	 -3.6618 	 16.89 	 978064.43
-38.7245 	 -3.6751 	 11.49 	 978064.92
-38.7129 	 -3.6868 	 5.86 	 978065.95
-38.6854 	 -3.7132 	 9.38 	 978065.17
-38.6651 	 -3.7204 	 4.58 	 978068.44
-38.6434 	 -3.7243 	 13.06 	 978068.46
-38.6306 	 -3.6943 	 -2.42 	 978074.8
-39.1606 	 -3.4451 	 19.98 	 978061.51
-39.1423 	 -3.4709 	 6.32 	 978064.0
-39.1392 	 -3.4807 	 6.63 	 978063.43
-39.1401 	 -3.4915 	 3.81 	 978064.05
-39.1459 	 -3.5176 	 11.57 	 978061.3
-39.1145 	 -3.5437 	 14.29 	 978059.0
-39.1017 	 -3.5651 	 35.85 	 978055.86
-39.0167 	 -7.3019 	 383.84 	 977969.03
-38.9744 	 -7.3028 	 323.93 	 977983.95
-38.8472 	 -7.3575 	 370.16 	 977966.41
-38.7756 	 -7.3896 	 363.95 	 977975.76
-38.7722 	 -7.4047 	 355.19 	 977977.76
-38.7764 	 -7.4319 	 359.96 	 977974.16
-38.9678 	 -7.4258 	 373.12 	 977965.58
-38.8034 	 -6.7245 	 261.74 	 978011.94
-38.7552 	 -6.8074 	 309.63 	 978009.27
-38.7657 	 -7.0052 	 356.85 	 978001.4
-38.7828 	 -7.0556 	 354.78 	 977999.26
-38.9215 	 -4.5651 	 124.11 	 978029.35
-38.5169 	 -5.7481 	 145.18 	 978050.64
-38.6859 	 -6.2414 	 166.01 	 978036.4
-38.7039 	 -6.2636 	 145.86 	 978037.84
-38.8567 	 -6.4449 	 200.96 	 978024.83
-38.8565 	 -6.4706 	 200.43 	 978023.25
-38.8607 	 -6.4964 	 220.45 	 978018.67
-38.8592 	 -6.5543 	 245.25 	 978010.17
-38.8342 	 -3.7945 	 42.86 	 978054.08
-38.8176 	 -3.8134 	 53.75 	 978050.99
-38.8109 	 -3.8287 	 36.71 	 978054.25
-38.7906 	 -3.8284 	 30.34 	 978056.09
-40.9218 	 -3.8548 	 832.5 	 977859.83
-40.9086 	 -3.885 	 886.11 	 977845.99
-40.8868 	 -3.9195 	 863.97 	 977850.4
-40.8654 	 -4.0479 	 887.4 	 977841.01
-38.5389 	 -3.8256 	 14.47 	 978064.94
-38.5486 	 -3.8222 	 15.93 	 978063.03
-38.6164 	 -3.8311 	 21.79 	 978055.72
-38.6236 	 -3.8278 	 27.28 	 978055.39
-38.9084 	 -3.6509 	 21.56 	 978069.74
-38.902 	 -3.6329 	 11.7 	 978073.73
-38.8998 	 -3.6145 	 16.0 	 978074.92
-38.9204 	 -3.5448 	 13.79 	 978082.17
-38.9398 	 -3.5448 	 11.9 	 978081.0
-38.9456 	 -3.5354 	 6.98 	 978082.31
-38.9534 	 -3.5501 	 3.5 	 978080.59
-38.9698 	 -3.5137 	 9.72 	 978079.6
-38.9626 	 -3.5004 	 13.76 	 978082.17
-38.9587 	 -3.4895 	 19.27 	 978082.68
-38.9717 	 -3.4595 	 10.85 	 978082.07
-38.9851 	 -3.4484 	 13.23 	 978080.99
-39.0026 	 -3.4443 	 11.51 	 978079.02
-39.1609 	 -3.5826 	 30.77 	 978052.8
-39.1442 	 -3.5868 	 33.48 	 978052.52
-39.129 	 -3.5893 	 50.4 	 978049.42
-39.0792 	 -3.6012 	 31.55 	 978056.23
-39.0615 	 -3.6018 	 23.78 	 978059.31
-39.0495 	 -3.612 	 34.11 	 978058.06
-38.9421 	 -7.3078 	 334.74 	 977978.62
-38.8408 	 -7.2497 	 495.28 	 977966.2
-38.962 	 -7.3955 	 385.84 	 977960.1
-40.5661 	 -4.7069 	 226.82 	 977956.39
-40.5453 	 -4.7322 	 258.17 	 977946.85
-40.4908 	 -4.8392 	 315.37 	 977944.96
-40.4719 	 -4.8792 	 308.72 	 977952.32
-40.7592 	 -4.1603 	 917.62 	 977827.06
-40.749 	 -4.1659 	 888.0 	 977829.81
-38.4819 	 -3.8369 	 8.74 	 978069.2
-38.4194 	 -3.8703 	 18.73 	 978072.93
-38.4256 	 -3.8956 	 20.78 	 978072.65
-38.4653 	 -3.8711 	 12.62 	 978070.78
-39.054 	 -3.6404 	 43.53 	 978056.15
-39.059 	 -3.6604 	 49.21 	 978053.47
-38.9979 	 -3.6548 	 4.79 	 978066.98
-38.989 	 -3.6376 	 1.03 	 978069.11
-41.1153 	 -3.6153 	 738.15 	 977876.66
-38.5403 	 -3.7908 	 16.35 	 978065.73
-38.5467 	 -3.7892 	 16.3 	 978065.71
-38.5519 	 -3.7856 	 16.05 	 978065.66
-38.5628 	 -3.7736 	 21.05 	 978064.85
-38.5747 	 -3.7531 	 23.61 	 978066.54
-38.5283 	 -3.8117 	 9.36 	 978066.47
-38.5344 	 -3.8189 	 18.2 	 978063.75
-38.1702 	 -4.6321 	 48.51 	 978077.39
-38.1501 	 -4.6595 	 71.85 	 978069.15
-38.061 	 -4.8079 	 13.51 	 978059.13
-38.0437 	 -4.8406 	 24.99 	 978057.69
-38.0553 	 -4.8218 	 28.25 	 978055.62
-38.0306 	 -4.9881 	 49.46 	 978069.8
-40.6681 	 -3.0406 	 30.4 	 978057.19
-40.2283 	 -3.1306 	 42.13 	 978051.27
-40.7464 	 -4.2811 	 791.46 	 977852.11
-38.1561 	 -5.1483 	 34.84 	 978078.83
-37.9892 	 -5.0714 	 17.81 	 978082.77
-40.4761 	 -3.6039 	 856.06 	 977853.09
-40.5192 	 -3.5875 	 787.58 	 977870.85
-40.4519 	 -3.5978 	 774.66 	 977867.55
-40.735 	 -3.9286 	 165.31 	 977988.96
-39.1853 	 -5.6917 	 206.37 	 978017.35
-39.1708 	 -5.6961 	 192.23 	 978020.8
-39.1608 	 -5.7003 	 188.48 	 978021.45
-39.1489 	 -5.7103 	 187.0 	 978022.16
-39.1378 	 -5.7222 	 198.15 	 978021.77
-39.1233 	 -5.7361 	 187.6 	 978024.35
-39.1003 	 -5.7406 	 166.32 	 978028.02
-39.4303 	 -5.8269 	 266.8 	 977997.38
-39.481 	 -6.0998 	 348.54 	 977975.16
-38.9228 	 -4.5594 	 135.3 	 978027.0
-38.9703 	 -4.5389 	 178.05 	 978018.36
-39.0072 	 -4.5203 	 177.93 	 978016.84
-39.0194 	 -4.5144 	 192.13 	 978013.2
-39.0297 	 -4.51 	 205.58 	 978010.33
-39.0447 	 -4.5086 	 225.67 	 978005.28
-39.0758 	 -4.4778 	 227.92 	 978004.67
-39.0939 	 -4.4644 	 235.77 	 978003.47
-39.1106 	 -4.4492 	 254.53 	 978000.56
-39.1253 	 -4.4319 	 237.26 	 978003.62
-39.1308 	 -4.4142 	 220.85 	 978007.33
-39.1603 	 -4.3939 	 212.33 	 978008.08
-39.1797 	 -4.3889 	 193.77 	 978010.73
-39.2011 	 -4.3808 	 194.36 	 978010.51
-39.2236 	 -4.3689 	 191.25 	 978010.71
-39.2692 	 -4.3658 	 137.29 	 978019.7
-39.2917 	 -4.3586 	 131.63 	 978021.04
-39.3617 	 -5.1419 	 230.33 	 978006.67
-39.3792 	 -5.1253 	 224.18 	 978008.1
-39.4006 	 -5.1119 	 204.35 	 978011.17
-39.4461 	 -5.1031 	 250.3 	 978001.65
-39.5719 	 -5.1133 	 232.39 	 978000.97
-39.5931 	 -5.1119 	 236.8 	 977998.85
-39.6037 	 -5.1123 	 241.65 	 977998.42
-39.6142 	 -5.1064 	 255.05 	 977996.5
-39.6378 	 -5.1094 	 256.57 	 977994.42
-39.6608 	 -5.1153 	 239.92 	 977997.93
-39.7294 	 -5.1258 	 264.28 	 977993.84
-38.8178 	 -3.6039 	 17.29 	 978074.93
-39.4277 	 -6.1352 	 306.49 	 977985.55
-39.421 	 -6.0003 	 360.05 	 977972.76
-39.4176 	 -5.9485 	 295.89 	 977987.01
-39.0242 	 -5.7342 	 171.09 	 978026.49
-39.0128 	 -5.7333 	 138.39 	 978034.74
-39.4117 	 -3.6608 	 68.25 	 978033.74
-39.4178 	 -3.6158 	 104.41 	 978023.65
-39.442 	 -3.5915 	 77.25 	 978031.17
-39.4944 	 -3.5153 	 81.0 	 978029.79
-39.5393 	 -3.4782 	 81.66 	 978029.45
-39.7439 	 -3.4053 	 31.56 	 978039.39
-39.7686 	 -3.4011 	 50.41 	 978033.52
-39.8603 	 -3.3483 	 18.6 	 978037.58
-39.8775 	 -3.3283 	 36.2 	 978034.76
-39.3239 	 -5.3648 	 188.42 	 978017.32
-39.0631 	 -4.9779 	 197.99 	 978028.71
-39.0495 	 -5.0858 	 187.69 	 978027.48
-38.1826 	 -4.5896 	 81.99 	 978072.98
-37.7131 	 -4.5831 	 17.54 	 978089.06
-37.6581 	 -4.6111 	 16.71 	 978084.22
-37.6207 	 -4.6519 	 20.68 	 978075.7
-40.0436 	 -3.9403 	 172.75 	 977983.86
-40.0575 	 -3.965 	 139.53 	 977989.17
-40.1522 	 -4.1861 	 162.2 	 977978.8
-39.2797 	 -5.6644 	 314.28 	 977985.75
-39.2733 	 -5.6761 	 283.44 	 977991.88
-39.2636 	 -5.6878 	 277.03 	 977993.25
-39.2539 	 -5.6897 	 253.64 	 978000.27
-38.0471 	 -4.5852 	 31.51 	 978067.9
-38.1561 	 -4.5887 	 73.91 	 978073.58
-37.8286 	 -4.8473 	 4.17 	 978067.84
-37.8744 	 -4.5803 	 24.02 	 978058.99
-38.7444 	 -4.3131 	 164.81 	 978027.49
-38.73 	 -4.2242 	 80.27 	 978046.58
-38.8417 	 -4.3603 	 104.61 	 978035.71
-38.9392 	 -5.4929 	 193.13 	 978031.19
-39.1489 	 -4.1593 	 100.37 	 978037.63
-38.925 	 -4.0284 	 91.7 	 978040.86
-38.6858 	 -4.0251 	 113.84 	 978036.06
-38.6922 	 -3.9562 	 81.7 	 978041.66
-38.57 	 -3.7812 	 20.92 	 978065.18
-38.6053 	 -3.809 	 16.01 	 978062.01
-38.6264 	 -3.877 	 38.96 	 978050.02
-38.6473 	 -3.8573 	 46.12 	 978046.09
-38.7283 	 -4.0107 	 115.2 	 978034.33
-38.9658 	 -3.6161 	 14.65 	 978071.28
-39.2969 	 -3.6006 	 66.75 	 978040.88
-39.0492 	 -5.7356 	 197.93 	 978021.49
-39.4744 	 -7.2247 	 777.44 	 977890.91
-39.4903 	 -7.2369 	 914.91 	 977860.27
-39.5394 	 -7.2128 	 924.6 	 977862.61
-39.5642 	 -7.2003 	 916.04 	 977867.99
-39.6911 	 -7.1175 	 477.0 	 977971.03
-39.7089 	 -7.135 	 596.11 	 977942.62
-39.7369 	 -7.1728 	 541.03 	 977953.1
-39.7117 	 -7.0644 	 526.29 	 977965.84
-39.7683 	 -6.9772 	 627.3 	 977941.52
-39.7853 	 -6.9578 	 698.41 	 977920.29
-39.8264 	 -6.9217 	 596.93 	 977935.41
-39.2972 	 -3.5483 	 57.29 	 978044.38
-39.2967 	 -3.5203 	 58.8 	 978044.2
-39.2958 	 -3.4614 	 64.76 	 978045.0
-39.2953 	 -3.4431 	 55.88 	 978047.72
-38.4822 	 -3.7686 	 9.32 	 978063.73
-39.2939 	 -3.4053 	 40.28 	 978052.74
-39.2939 	 -3.3789 	 40.83 	 978054.93
-39.2897 	 -3.3569 	 22.42 	 978060.83
-39.2797 	 -3.3344 	 63.87 	 978055.19
-39.2761 	 -3.3231 	 62.92 	 978056.57
-39.2708 	 -3.3081 	 27.03 	 978065.92
-38.5976 	 -3.8851 	 35.19 	 978052.94
-38.5853 	 -3.8436 	 35.01 	 978053.83
-40.3444 	 -6.0464 	 422.09 	 977958.14
-40.3647 	 -6.0639 	 421.16 	 977959.7
-40.3858 	 -6.0819 	 438.56 	 977956.89
-40.4083 	 -6.095 	 414.69 	 977961.72
-40.4639 	 -6.1322 	 419.49 	 977961.0
-40.4811 	 -6.1514 	 423.34 	 977959.01
-40.4978 	 -6.1778 	 446.78 	 977954.13
-40.4978 	 -6.1778 	 430.9 	 977956.73
-40.5447 	 -6.2408 	 468.01 	 977951.78
-40.6211 	 -6.3094 	 525.17 	 977942.07
-39.285 	 -7.0958 	 448.79 	 977976.07
-39.2833 	 -7.0414 	 704.99 	 977927.15
-39.2706 	 -7.0297 	 625.12 	 977945.4
-39.2194 	 -6.9683 	 328.9 	 978004.24
-39.1851 	 -6.9648 	 311.37 	 978007.22
-39.1364 	 -6.9353 	 285.53 	 978013.3
-39.1286 	 -6.9125 	 329.36 	 978005.38
-39.1253 	 -6.8953 	 328.71 	 978003.73
-39.0836 	 -6.8586 	 260.0 	 978016.18
-39.2592 	 -3.2853 	 27.94 	 978069.49
-39.2433 	 -3.2928 	 2.62 	 978074.03
-39.2364 	 -3.3053 	 12.35 	 978071.18
-39.2389 	 -3.3231 	 18.5 	 978067.66
-39.2283 	 -3.3411 	 14.34 	 978067.09
-39.2039 	 -3.3608 	 13.44 	 978066.24
-39.1958 	 -3.4017 	 24.92 	 978061.07
-39.1858 	 -3.4131 	 25.84 	 978060.26
-39.1619 	 -3.4181 	 25.41 	 978060.66
-39.1447 	 -3.4219 	 9.52 	 978065.7
-39.1467 	 -3.4303 	 19.67 	 978062.37
-39.1481 	 -3.4353 	 16.21 	 978062.78
-39.1317 	 -3.4442 	 -3.86 	 978070.4
-39.1125 	 -3.4406 	 1.67 	 978069.49
-39.0622 	 -3.4186 	 16.31 	 978077.51
-38.4803 	 -3.7886 	 8.95 	 978069.51
-40.6289 	 -6.3269 	 556.31 	 977937.5
-40.6442 	 -6.3556 	 516.72 	 977949.43
-40.6858 	 -6.3911 	 506.72 	 977952.83
-40.7183 	 -6.4353 	 479.21 	 977963.65
-40.7531 	 -6.4886 	 669.42 	 977932.03
-39.3658 	 -5.5919 	 176.7 	 978016.01
-39.3481 	 -5.6103 	 231.4 	 978002.29
-39.3394 	 -5.6131 	 226.26 	 978002.74
-39.3311 	 -5.6247 	 272.44 	 977992.7
-39.3225 	 -5.6331 	 264.47 	 977993.7
-39.3153 	 -5.6481 	 265.23 	 977994.01
-40.1178 	 -4.3819 	 212.84 	 977977.59
-40.0783 	 -4.4189 	 244.34 	 977974.22
-40.0425 	 -4.4561 	 243.66 	 977975.19
-40.0028 	 -4.4883 	 245.99 	 977977.19
-39.9769 	 -4.5347 	 292.19 	 977970.62
-39.9647 	 -4.5597 	 306.26 	 977967.49
-39.9483 	 -4.5822 	 291.94 	 977972.27
-39.9158 	 -4.6219 	 308.09 	 977970.56
-39.8433 	 -4.6764 	 355.12 	 977965.29
-39.7706 	 -4.6733 	 445.27 	 977948.92
-40.3067 	 -5.4042 	 332.57 	 977954.92
-39.8497 	 -6.9131 	 510.55 	 977954.28
-39.8669 	 -6.8978 	 454.66 	 977973.3
-39.0381 	 -3.4358 	 14.6 	 978076.61
-39.0642 	 -3.4936 	 33.98 	 978063.64
-40.3664 	 -4.3797 	 178.56 	 977973.62
-40.3411 	 -4.3703 	 192.7 	 977972.05
-40.2881 	 -4.3528 	 183.94 	 977972.38
-40.4078 	 -7.1536 	 626.57 	 977958.95
-40.4053 	 -7.1728 	 629.59 	 977958.87
-40.4108 	 -7.1956 	 629.77 	 977958.51
-40.4211 	 -7.2144 	 639.92 	 977956.43
-38.9292 	 -3.6987 	 19.57 	 978066.08
-39.7153 	 -5.4533 	 490.95 	 977943.55
-39.7622 	 -5.4525 	 522.3 	 977933.26
-40.2947 	 -6.0011 	 390.47 	 977964.22
-40.2958 	 -5.9922 	 385.9 	 977967.05
-38.5856 	 -3.76 	 13.85 	 978068.11
-38.5811 	 -3.7519 	 5.29 	 978071.08
-38.4703 	 -3.8261 	 13.85 	 978070.38
-38.4647 	 -3.8269 	 7.34 	 978072.35
-38.4514 	 -3.8208 	 8.53 	 978073.13
-38.4511 	 -3.815 	 4.11 	 978073.87
-38.4578 	 -3.8064 	 -0.57 	 978072.68
-38.4664 	 -3.8078 	 -2.7 	 978073.94
-38.4747 	 -3.8072 	 2.57 	 978072.51
-38.4783 	 -3.8108 	 9.39 	 978070.48
-38.4781 	 -3.8078 	 -2.67 	 978073.3
-40.1644 	 -7.1961 	 661.48 	 977937.8
-40.1469 	 -7.2067 	 630.83 	 977943.06
-40.2411 	 -7.3003 	 853.9 	 977890.55
-40.2231 	 -7.2822 	 841.49 	 977894.94
-40.2136 	 -7.2267 	 672.19 	 977935.58
-40.1719 	 -7.2081 	 660.16 	 977937.96
-40.1103 	 -7.1686 	 637.41 	 977942.18
-40.0758 	 -7.1103 	 596.26 	 977950.03
-40.0533 	 -7.1033 	 573.28 	 977954.0
-39.5803 	 -7.3289 	 881.51 	 977867.17
-39.5592 	 -7.3083 	 906.64 	 977859.48
-39.5164 	 -7.2681 	 922.92 	 977858.1
-39.4775 	 -7.2122 	 856.72 	 977875.24
-39.5919 	 -7.2244 	 911.34 	 977865.74
-39.6548 	 -7.2504 	 878.63 	 977869.93
-39.7419 	 -7.2989 	 879.7 	 977873.07
-39.7947 	 -7.3128 	 889.85 	 977871.07
-40.4292 	 -7.2353 	 642.65 	 977955.14
-40.4403 	 -7.2547 	 649.52 	 977953.51
-40.4061 	 -6.9764 	 621.08 	 977948.85
-38.5413 	 -3.7395 	 11.56 	 978070.54
-38.4894 	 -4.2656 	 37.93 	 978061.63
-38.4975 	 -4.3003 	 43.08 	 978059.67
-37.8392 	 -4.6308 	 10.35 	 978077.32
-38.8373 	 -3.6326 	 28.5 	 978069.09
-38.8212 	 -3.642 	 32.63 	 978066.02
-38.8095 	 -3.6526 	 5.4 	 978071.2
-38.7931 	 -3.6607 	 0.01 	 978071.37
-40.3972 	 -7.1158 	 630.01 	 977957.29
-40.4081 	 -7.1333 	 630.28 	 977958.32
-39.2017 	 -3.5432 	 17.28 	 978054.15
-39.2195 	 -3.5373 	 33.51 	 978049.94
-39.2359 	 -3.5318 	 69.08 	 978042.18
-39.254 	 -3.5273 	 76.39 	 978040.63
-39.2709 	 -3.5232 	 66.15 	 978043.12
-39.0415 	 -3.4857 	 19.67 	 978068.93
-39.0276 	 -3.4959 	 14.9 	 978071.5
-39.0173 	 -3.5257 	 18.08 	 978070.2
-38.9973 	 -3.5079 	 34.3 	 978069.64
-38.9809 	 -3.5132 	 19.39 	 978073.96
-38.9679 	 -3.5262 	 2.04 	 978081.64
-38.9756 	 -3.5393 	 5.98 	 978077.47
-38.9934 	 -3.5523 	 2.15 	 978073.19
-38.9934 	 -3.5584 	 4.08 	 978071.29
-38.9837 	 -3.5718 	 -1.14 	 978073.0
-39.1726 	 -3.5595 	 14.87 	 978054.86
-39.1756 	 -3.5745 	 10.55 	 978054.26
-39.189 	 -3.5837 	 7.48 	 978054.92
-39.2045 	 -3.5929 	 10.24 	 978053.04
-39.2162 	 -3.6093 	 17.42 	 978050.02
-39.2251 	 -3.6248 	 20.53 	 978048.47
-39.2315 	 -3.6426 	 13.17 	 978049.19
-39.2348 	 -3.6887 	 50.8 	 978042.04
-39.2292 	 -3.7048 	 57.99 	 978040.44
-39.2276 	 -3.7426 	 69.44 	 978038.78
-39.2398 	 -3.757 	 80.18 	 978036.8
-39.209 	 -3.7701 	 69.35 	 978040.29
-39.1929 	 -3.7776 	 76.49 	 978040.05
-39.1795 	 -3.7851 	 83.86 	 978038.61
-39.1592 	 -3.7857 	 85.87 	 978039.43
-39.1426 	 -3.7604 	 66.48 	 978043.69
-39.1223 	 -3.7593 	 69.57 	 978045.47
-39.117 	 -3.7418 	 64.78 	 978046.28
-39.1098 	 -3.7268 	 66.5 	 978046.06
-39.1104 	 -3.7168 	 67.36 	 978045.69
-39.1148 	 -3.6987 	 60.99 	 978046.87
-39.0359 	 -3.6993 	 25.0 	 978060.47
-39.0237 	 -3.7143 	 29.19 	 978056.6
-39.0126 	 -3.7195 	 29.54 	 978056.45
-39.0367 	 -3.7229 	 33.32 	 978055.13
-39.0612 	 -3.7415 	 24.56 	 978055.91
-39.0379 	 -3.7537 	 44.03 	 978051.67
-38.9648 	 -3.7459 	 29.22 	 978059.91
-38.9504 	 -3.7473 	 26.05 	 978060.97
-38.9454 	 -3.7312 	 34.65 	 978059.89
-39.2203 	 -5.6833 	 225.85 	 978009.03
-37.8503 	 -4.7456 	 25.46 	 978060.04
-40.4108 	 -7.0389 	 537.96 	 977970.92
-40.3669 	 -7.0772 	 564.55 	 977967.67
-40.3161 	 -7.0844 	 592.18 	 977962.51
-40.2642 	 -7.1411 	 636.12 	 977951.15
-40.2067 	 -7.17 	 649.85 	 977943.96
-40.1842 	 -7.1792 	 642.91 	 977945.65
-39.4586 	 -7.0566 	 699.17 	 977908.88
-39.4904 	 -7.2372 	 915.03 	 977860.36
-39.5648 	 -7.2009 	 924.73 	 977868.18
-39.4078 	 -7.2336 	 414.64 	 977964.53
-39.4482 	 -7.0965 	 402.34 	 977986.95
-39.4588 	 -7.0776 	 415.19 	 977985.04
-39.5464 	 -6.9011 	 329.45 	 977996.27
-40.0894 	 -3.1397 	 49.16 	 978052.52
-40.0886 	 -3.1228 	 50.6 	 978052.68
-40.0869 	 -3.0953 	 44.49 	 978052.87
-40.0958 	 -3.0683 	 36.87 	 978054.65
-40.1303 	 -2.9692 	 12.18 	 978061.44
-40.1264 	 -2.9411 	 4.95 	 978067.17
-39.8517 	 -6.1339 	 557.13 	 977934.54
-39.4324 	 -5.6822 	 220.08 	 978005.14
-39.3711 	 -5.5854 	 166.6 	 978017.38
-39.9069 	 -6.5423 	 280.71 	 978000.8
-39.2744 	 -6.4262 	 225.28 	 977999.79
-39.315 	 -6.55 	 302.98 	 977993.11
-39.0845 	 -3.5651 	 26.98 	 978057.99
-39.2034 	 -3.4654 	 42.15 	 978053.88
-39.2209 	 -3.4643 	 42.9 	 978052.36
-39.2406 	 -3.4654 	 57.99 	 978047.0
-39.259 	 -3.4657 	 80.11 	 978041.98
-39.2742 	 -3.4515 	 50.76 	 978049.21
-39.1495 	 -3.5315 	 3.91 	 978061.93
-39.1823 	 -3.5437 	 6.59 	 978058.28
-39.1823 	 -3.5437 	 5.9 	 978057.96
-40.6767 	 -3.5217 	 50.09 	 978013.63
-40.6758 	 -3.4928 	 52.7 	 978011.75
-40.6778 	 -3.4228 	 41.31 	 978019.3
-40.7136 	 -3.3892 	 35.09 	 978021.79
-40.7136 	 -3.3894 	 37.55 	 978025.33
-40.8392 	 -3.3286 	 41.24 	 978036.28
-40.8781 	 -3.3131 	 64.23 	 978032.91
-40.8767 	 -3.2586 	 18.48 	 978044.07
-40.8717 	 -3.2303 	 42.69 	 978038.16
-40.0928 	 -3.2214 	 71.41 	 978040.09
-40.0917 	 -3.1961 	 53.93 	 978047.31
-40.0897 	 -3.1672 	 60.24 	 978048.62
-40.8403 	 -3.1072 	 -10.83 	 978070.88
-40.8453 	 -3.0839 	 -8.47 	 978076.02
-40.8592 	 -2.9233 	 4.6 	 978060.01
-39.2616 	 -6.568 	 272.37 	 977999.73
-39.3296 	 -6.6338 	 301.8 	 977997.53
-39.2679 	 -6.7238 	 365.9 	 977981.39
-39.1324 	 -6.607 	 296.81 	 977995.17
-39.2057 	 -6.5798 	 281.51 	 977995.24
-39.2726 	 -6.5674 	 285.48 	 977996.24
-39.3293 	 -6.6051 	 291.88 	 977997.73
-39.3321 	 -6.312 	 207.12 	 978003.52
-39.3145 	 -6.2962 	 208.88 	 978002.1
-39.2932 	 -6.2801 	 222.81 	 977998.12
-39.2711 	 -6.2657 	 218.34 	 977996.71
-39.3607 	 -6.2555 	 238.62 	 978002.71
-39.3756 	 -6.1972 	 291.8 	 977990.59
-40.7217 	 -3.2044 	 56.36 	 978036.97
-40.7453 	 -3.1883 	 41.62 	 978041.52
-40.5661 	 -3.7283 	 135.72 	 978005.7
-39.3525 	 -7.2267 	 397.03 	 977956.49
-39.2269 	 -7.298 	 367.77 	 977964.07
-38.9958 	 -7.3155 	 328.95 	 977979.29
-37.4473 	 -4.8795 	 22.16 	 978055.54
-38.061 	 -4.7532 	 17.25 	 978063.54
-38.7382 	 -6.8481 	 303.61 	 978012.63
-39.3769 	 -6.8237 	 362.42 	 977988.51
-38.9219 	 -6.2367 	 203.64 	 978018.44
-38.9528 	 -6.4043 	 171.44 	 978020.85
-39.3413 	 -6.4105 	 210.28 	 977998.42
-39.3921 	 -6.4491 	 211.9 	 978006.16
-39.4526 	 -6.4791 	 218.97 	 978009.77
-39.5257 	 -6.5183 	 236.07 	 978006.13
-39.6079 	 -6.5233 	 313.95 	 977991.6
-39.6811 	 -6.539 	 271.01 	 978003.15
-39.7548 	 -6.5484 	 294.7 	 978001.04
-39.8252 	 -6.5687 	 278.47 	 978007.65
-39.8843 	 -6.5936 	 282.96 	 978004.57
-38.5086 	 -3.8069 	 -1.95 	 978070.17
-38.5211 	 -3.8097 	 5.05 	 978066.83
-41.0436 	 -2.9961 	 8.2 	 978042.37
-41.1153 	 -3.0269 	 12.23 	 978032.22
-41.1581 	 -3.0225 	 8.11 	 978032.81
-38.9528 	 -3.6728 	 31.32 	 978064.96
-38.9692 	 -3.6711 	 29.45 	 978063.05
-38.9767 	 -3.6697 	 17.21 	 978064.34
-40.5792 	 -3.7142 	 128.55 	 978009.67
-40.5969 	 -3.6836 	 114.84 	 978016.65
-40.6111 	 -3.6628 	 93.69 	 978023.46
-40.6428 	 -3.5725 	 62.3 	 978017.91
-40.6672 	 -3.5397 	 56.23 	 978014.23
-39.2008 	 -6.3919 	 206.0 	 978002.42
-41.0897 	 -3.0233 	 -5.47 	 978042.32
-38.6831 	 -3.8929 	 57.49 	 978042.9
-38.7539 	 -4.0715 	 85.34 	 978041.37
-40.5628 	 -3.0731 	 3.45 	 978054.56
-39.5128 	 -7.2256 	 933.14 	 977856.32
-40.3128 	 -5.7453 	 448.03 	 977946.91
-40.7497 	 -4.1625 	 887.6 	 977827.14
-40.7107 	 -4.3223 	 232.67 	 977965.46
-38.9819 	 -4.5333 	 158.06 	 978021.67
-39.0556 	 -4.4989 	 222.8 	 978005.69
-39.1381 	 -4.3981 	 208.71 	 978010.26
-39.3111 	 -5.1767 	 231.36 	 978011.26
-39.1011 	 -6.8933 	 303.9 	 978009.94
-38.9947 	 -6.765 	 238.42 	 978017.09
-39.0617 	 -6.6458 	 263.85 	 978006.08
-38.7545 	 -3.6504 	 34.29 	 978067.55
-38.6998 	 -3.7045 	 2.03 	 978066.3
-39.1601 	 -3.4651 	 20.17 	 978061.2
-39.129 	 -3.5312 	 21.39 	 978059.51
-39.1831 	 -3.4645 	 19.32 	 978062.02
-39.0479 	 -3.6854 	 40.58 	 978056.31
-39.0195 	 -3.732 	 23.68 	 978057.32
-39.0465 	 -3.7507 	 40.9 	 978052.76
-38.9379 	 -3.7145 	 22.39 	 978064.26
-38.8998 	 -3.7679 	 36.18 	 978059.35
-38.8259 	 -3.8045 	 41.21 	 978054.45
-38.7815 	 -3.8401 	 19.45 	 978057.34
-38.909 	 -3.6687 	 19.38 	 978069.23
-38.9037 	 -3.5504 	 11.2 	 978083.68
-38.9612 	 -3.5295 	 -4.55 	 978084.14
-38.9701 	 -3.4787 	 10.92 	 978082.76
-39.019 	 -3.4379 	 13.65 	 978077.48
-39.112 	 -3.5934 	 22.82 	 978054.98
-38.5242 	 -3.7578 	 3.06 	 978069.81
-39.5383 	 -7.2881 	 910.06 	 977859.04
-39.1711 	 -6.9636 	 305.62 	 978007.95
-38.5023 	 -3.889 	 9.44 	 978064.65
-38.8486 	 -7.2692 	 437.21 	 977963.54
-39.269 	 -6.6505 	 315.9 	 977985.52
-38.8917 	 -5.2076 	 159.64 	 978036.8
-39.3225 	 -5.1689 	 203.77 	 978014.49
-39.4767 	 -5.1172 	 252.27 	 977998.86
-39.7039 	 -5.1292 	 296.93 	 977986.48
-38.3695 	 -5.4665 	 74.7 	 978065.25
-39.7456 	 -6.9994 	 627.35 	 977941.66
-40.3197 	 -6.0361 	 424.75 	 977956.74
-40.5719 	 -6.2511 	 491.61 	 977946.19
-40.7375 	 -6.4553 	 495.82 	 977961.52
-39.3553 	 -5.6056 	 213.84 	 978006.84
-38.8383 	 -4.3569 	 108.56 	 978034.73
-40.3169 	 -4.3606 	 181.71 	 977973.95
-40.1314 	 -4.3586 	 187.88 	 977981.98
-39.9903 	 -4.5119 	 267.86 	 977975.53
-39.7917 	 -4.6819 	 450.55 	 977948.28
-40.3519 	 -3.5842 	 96.61 	 978008.98
-38.6367 	 -3.7059 	 5.68 	 978071.32
-38.9848 	 -3.7484 	 37.82 	 978057.19
-38.8873 	 -3.7257 	 33.17 	 978060.64
-39.5372 	 -7.2169 	 929.31 	 977859.89
-39.8222 	 -7.3178 	 890.17 	 977870.07
-40.6767 	 -3.2864 	 62.01 	 978032.3
-39.3094 	 -6.475 	 228.19 	 978007.98
-39.0269 	 -3.42 	 16.06 	 978078.52
-38.6775 	 -3.88 	 67.08 	 978040.12
-38.625 	 -3.8772 	 38.59 	 978049.96
-40.879 	 -2.9467 	 -4.38 	 978060.51
-38.6314 	 -3.7409 	 -5.16 	 978071.84
-38.5572 	 -3.7942 	 18.07 	 978064.03
-38.4903 	 -3.7525 	 -4.92 	 978066.38
-39.3042 	 -5.6542 	 279.5 	 977993.95
-38.7898 	 -4.7884 	 105.24 	 978056.03
-38.7794 	 -7.4556 	 378.02 	 977971.89
-39.0606 	 -3.5401 	 14.87 	 978064.84
-38.8995 	 -3.5982 	 9.22 	 978078.7
-39.2295 	 -3.7234 	 65.44 	 978039.02
-39.1509 	 -3.7701 	 72.26 	 978042.72
-39.0206 	 -3.7007 	 21.2 	 978060.13
-39.0231 	 -3.7526 	 21.62 	 978056.49
-39.0473 	 -3.6259 	 34.94 	 978057.76
-39.0015 	 -3.5854 	 3.21 	 978069.57
-38.6112 	 -3.6929 	 17.9 	 978077.57
-39.0037 	 -3.7507 	 28.18 	 978056.77
-40.5961 	 -3.0667 	 39.84 	 978051.23
-40.5864 	 -6.2697 	 502.84 	 977945.02
-38.4279 	 -4.3949 	 62.08 	 978060.64
-40.8418 	 -3.0393 	 8.82 	 978073.82
-40.8508 	 -2.9915 	 16.01 	 978065.55
-40.8584 	 -2.9462 	 3.93 	 978058.8
-40.9166 	 -2.9643 	 -3.1 	 978056.79
-40.9543 	 -2.9776 	 -5.77 	 978054.32
-41.1918 	 -3.044 	 9.65 	 978032.18
-41.0628 	 -3.7923 	 716.4 	 977865.46
-41.0204 	 -3.7538 	 767.41 	 977863.86
-40.7672 	 -6.2792 	 737.74 	 977893.82
-40.7508 	 -6.2663 	 545.42 	 977931.97
-40.7275 	 -6.2573 	 538.85 	 977933.06
-40.7103 	 -6.2355 	 487.64 	 977941.4
-40.854 	 -5.3807 	 369.73 	 977956.07
-40.9114 	 -5.4221 	 752.06 	 977877.47
-40.9209 	 -5.4447 	 766.52 	 977873.4
-40.7878 	 -6.2886 	 800.87 	 977882.11
-38.7792 	 -3.8486 	 23.06 	 978056.6
-38.8294 	 -3.89 	 35.79 	 978055.12
-38.6391 	 -3.7544 	 -2.65 	 978069.73
-38.6673 	 -3.7686 	 8.12 	 978064.12
-39.0423 	 -4.0788 	 118.28 	 978038.38
-39.0617 	 -4.11 	 125.75 	 978035.91
-39.1496 	 -4.1621 	 100.42 	 978037.13
-39.1681 	 -4.1796 	 109.99 	 978033.61
-39.1844 	 -4.2064 	 138.31 	 978024.59
-39.5765 	 -4.8474 	 296.37 	 977990.56
-38.6697 	 -3.7352 	 15.18 	 978065.19
-38.6092 	 -3.8475 	 22.07 	 978056.67
-38.8961 	 -3.9706 	 73.28 	 978048.58
-38.9931 	 -4.0325 	 139.3 	 978032.39
-38.6942 	 -3.7834 	 5.34 	 978062.63
-40.514 	 -4.1859 	 181.36 	 977963.72
-39.1291 	 -4.289 	 159.24 	 978020.84
-38.624 	 -4.2902 	 91.19 	 978044.15
-38.8828 	 -4.3131 	 180.45 	 978015.65
-38.8817 	 -4.2127 	 397.8 	 977974.94
-39.0446 	 -4.375 	 775.09 	 977896.88
-38.7907 	 -4.1969 	 173.09 	 978023.68
-38.9547 	 -4.37 	 514.28 	 977950.23
-38.1325 	 -4.1292 	 -2.88 	 978073.78
-38.0397 	 -4.4572 	 8.31 	 978085.1
-38.2061 	 -4.4714 	 60.94 	 978060.9
-37.9546 	 -4.711 	 16.32 	 978059.22
-37.6947 	 -4.7078 	 24.5 	 978078.18
-38.1312 	 -5.3719 	 74.96 	 978065.71
-38.5446 	 -5.0331 	 120.14 	 978060.08
-38.5279 	 -4.7952 	 108.26 	 978062.5
-38.2669 	 -4.7895 	 46.49 	 978077.88
-38.2103 	 -4.5928 	 105.29 	 978065.64
-38.3695 	 -4.296 	 46.95 	 978053.92
-41.1748 	 -3.8751 	 656.25 	 977874.81
-41.0411 	 -3.7726 	 746.57 	 977860.93
-41.2232 	 -3.9081 	 436.64 	 977919.35
-41.1916 	 -3.8995 	 555.64 	 977895.52
-41.1535 	 -3.8659 	 718.21 	 977863.1
-41.1322 	 -3.8442 	 732.44 	 977866.56
-41.1096 	 -3.6269 	 713.34 	 977869.38
-41.0871 	 -3.8105 	 718.57 	 977865.19
-40.6288 	 -3.4586 	 48.42 	 978016.23
-40.625 	 -3.3762 	 96.21 	 978016.71
-40.5384 	 -4.0418 	 139.66 	 977987.38
-40.619 	 -4.0364 	 167.5 	 977994.08
-40.635 	 -3.9566 	 130.09 	 977997.2
-40.626 	 -4.1267 	 234.39 	 977968.79
-40.9439 	 -4.2058 	 702.37 	 977883.21
-40.8665 	 -4.2097 	 809.76 	 977856.28
-40.7909 	 -4.0404 	 163.7 	 977989.55
-40.7104 	 -4.042 	 154.61 	 977991.99
-41.378 	 -3.2901 	 61.63 	 978019.33
-41.2823 	 -3.2957 	 35.41 	 978033.24
-41.2088 	 -3.3819 	 83.1 	 978015.94
-41.1993 	 -3.455 	 699.69 	 977890.91
-38.4673 	 -4.6297 	 65.33 	 978066.2
-39.0454 	 -5.3642 	 119.68 	 978037.01
-39.3647 	 -5.2932 	 339.09 	 978005.08
-40.3101 	 -4.1485 	 138.3 	 977983.17
-40.2865 	 -4.0523 	 95.37 	 977999.0
-40.3848 	 -4.0447 	 122.28 	 977996.72
-40.3781 	 -4.1215 	 122.02 	 977990.35
-40.3647 	 -3.9558 	 89.1 	 978003.14
-40.298 	 -3.9458 	 138.18 	 977992.28
-40.287 	 -3.8746 	 95.13 	 977995.07
-40.5372 	 -3.8762 	 106.52 	 978004.32
-40.5333 	 -3.9333 	 121.69 	 978004.15
-40.3941 	 -2.8831 	 6.86 	 978065.29
-40.375 	 -2.9588 	 17.38 	 978055.28
-40.2882 	 -3.0352 	 27.4 	 978042.69
-40.3786 	 -3.0419 	 31.59 	 978042.39
-40.4459 	 -3.0451 	 24.89 	 978046.54
-40.7034 	 -2.9588 	 -1.91 	 978075.18
-40.7004 	 -3.1252 	 25.53 	 978045.98
-40.6099 	 -3.1335 	 21.02 	 978045.88
-40.5412 	 -3.1994 	 20.61 	 978036.74
-40.6337 	 -3.2052 	 20.03 	 978041.21
-41.2962 	 -3.1304 	 5.49 	 978027.32
-41.294 	 -3.2116 	 32.29 	 978027.86
-38.378 	 -4.1303 	 41.78 	 978059.51
-38.5378 	 -4.1274 	 56.21 	 978054.42
-38.8632 	 -4.0453 	 121.94 	 978032.06
-38.2937 	 -3.9601 	 14.66 	 978073.62
-39.1254 	 -3.8725 	 63.1 	 978044.1
-39.3726 	 -3.7918 	 78.84 	 978037.4
-39.2814 	 -4.0426 	 125.46 	 978025.99
-39.1098 	 -4.0591 	 106.23 	 978040.95
-39.0462 	 -4.1994 	 184.43 	 978019.24
-38.9618 	 -4.1235 	 182.5 	 978020.01
-39.0481 	 -3.9888 	 83.82 	 978045.87
-40.7943 	 -3.9576 	 170.7 	 977986.96
-40.872 	 -3.6234 	 116.55 	 977999.09
-40.7941 	 -3.5414 	 128.41 	 977995.56
-40.7925 	 -3.6164 	 86.68 	 978006.38
-40.8741 	 -3.5441 	 164.25 	 977988.02
-40.7922 	 -3.4643 	 57.95 	 978012.73
-40.8705 	 -3.457 	 129.69 	 977999.2
-39.2909 	 -5.0446 	 306.38 	 977998.57
-39.7839 	 -4.9629 	 326.8 	 977973.23
-39.5442 	 -5.0341 	 290.5 	 977988.09
-39.2582 	 -4.5451 	 227.93 	 977996.42
-39.1202 	 -4.5394 	 177.47 	 978010.49
-39.1292 	 -4.6955 	 173.57 	 978019.37
-39.382 	 -4.7872 	 393.43 	 977975.8
-39.1259 	 -4.8748 	 314.41 	 978008.43
-39.7074 	 -4.7949 	 400.2 	 977962.57
-39.9577 	 -4.7213 	 802.59 	 977867.36
-40.0335 	 -4.2944 	 201.23 	 977984.62
-39.8236 	 -4.5667 	 380.35 	 977959.68
-39.7426 	 -4.3715 	 348.02 	 977962.78
-39.4797 	 -4.4436 	 488.8 	 977941.82
-39.4559 	 -4.3764 	 216.54 	 977995.54
-39.5419 	 -4.1299 	 121.36 	 978013.8
-39.7123 	 -4.1995 	 200.47 	 977989.11
-39.823 	 -4.0441 	 229.82 	 977975.25
-40.2077 	 -4.1253 	 143.18 	 977977.42
-40.2159 	 -3.8748 	 128.4 	 977984.36
-40.1277 	 -3.6183 	 105.88 	 977997.91
-39.8764 	 -3.799 	 151.85 	 977996.16
-39.6262 	 -3.8747 	 173.78 	 978003.04
-39.5473 	 -3.6302 	 250.13 	 977984.61
-39.6886 	 -3.7241 	 160.38 	 977997.3
-39.5399 	 -3.3753 	 58.84 	 978048.45
-39.4069 	 -3.4607 	 49.52 	 978045.39
-39.6247 	 -3.5654 	 253.76 	 977984.26
-39.376 	 -3.2117 	 6.04 	 978078.85
-39.7234 	 -3.0344 	 5.7 	 978065.79
-40.0487 	 -3.043 	 33.38 	 978053.0
-40.2024 	 -3.2925 	 77.46 	 978032.68
-40.3742 	 -3.2927 	 57.56 	 978031.0
-40.5555 	 -3.3669 	 97.55 	 978016.78
-40.5419 	 -3.5467 	 728.27 	 977876.16
-40.5399 	 -3.4718 	 93.21 	 978008.93
-40.9806 	 -3.304 	 48.34 	 978035.23
-40.958 	 -3.4578 	 74.17 	 978012.11
-40.8849 	 -3.3753 	 60.42 	 978024.14
-41.054 	 -3.6277 	 651.66 	 977891.39
-41.1291 	 -3.4624 	 125.61 	 978003.77
-41.1204 	 -3.3772 	 82.87 	 978016.06
-41.0643 	 -3.3206 	 53.82 	 978030.71
-41.2124 	 -3.705 	 681.75 	 977881.45
-41.1695 	 -3.8723 	 159.05 	 977982.19
-41.1387 	 -4.1204 	 222.51 	 977971.95
-41.098 	 -4.2272 	 619.67 	 977896.15
-41.2831 	 -3.379 	 64.11 	 978025.2
-38.7044 	 -4.5328 	 87.03 	 978046.28
-39.8756 	 -3.2099 	 43.39 	 978033.41
-40.2927 	 -3.2931 	 87.51 	 978029.93
-40.731 	 -3.6187 	 95.39 	 978006.99
-40.9327 	 -3.542 	 145.33 	 977994.31
-41.1696 	 -3.754 	 531.58 	 977908.64
-41.2205 	 -4.026 	 147.04 	 977986.16
-41.0426 	 -4.1294 	 748.43 	 977875.64
-40.7013 	 -3.0597 	 22.09 	 978056.41
-40.7229 	 -3.066 	 50.47 	 978049.83
-40.7362 	 -3.0632 	 45.01 	 978054.0
-40.748 	 -3.0673 	 24.82 	 978059.7
-40.6893 	 -3.0451 	 38.39 	 978055.8
-40.9451 	 -3.2588 	 67.74 	 978034.89
-41.0601 	 -3.4568 	 107.76 	 978005.95
-41.0992 	 -3.541 	 664.71 	 977891.57
-41.1126 	 -3.648 	 726.96 	 977878.47
-40.9187 	 -3.6586 	 155.81 	 977988.2
-40.8168 	 -3.7598 	 105.95 	 978005.81
-40.8383 	 -3.7308 	 127.14 	 978000.79
-40.8268 	 -3.7409 	 109.59 	 978005.04
-40.8159 	 -3.7501 	 105.84 	 978005.92
-40.8121 	 -3.76 	 104.24 	 978006.07
-41.0699 	 -3.4899 	 404.87 	 977941.39
-41.0737 	 -3.5029 	 477.04 	 977926.3
-41.0798 	 -3.5149 	 527.65 	 977917.57
-41.092 	 -3.529 	 596.2 	 977904.35
-41.0951 	 -3.5587 	 697.62 	 977883.1
-41.0905 	 -3.5699 	 664.94 	 977889.53
-41.0939 	 -3.5775 	 674.18 	 977887.73
-41.1033 	 -3.5896 	 739.45 	 977876.65
-41.1156 	 -3.6068 	 718.13 	 977881.69
-41.1175 	 -3.6293 	 718.03 	 977880.59
-41.1122 	 -3.6595 	 729.26 	 977877.9
-41.1059 	 -3.6805 	 0.0 	 977889.03
-41.0895 	 -3.6939 	 696.24 	 977883.87
-40.999 	 -3.7309 	 771.09 	 977869.33
-40.9948 	 -3.7197 	 796.15 	 977864.03
-40.9243 	 -3.6579 	 166.33 	 977985.77
-40.9121 	 -3.6626 	 139.91 	 977991.03
-40.891 	 -3.6679 	 109.08 	 977997.98
-40.8829 	 -3.6907 	 134.93 	 977995.62
-40.8701 	 -3.7048 	 137.53 	 977996.75
-40.8575 	 -3.7153 	 129.05 	 977999.34
-40.9856 	 -3.3239 	 63.13 	 978030.93
-40.9922 	 -3.3429 	 75.28 	 978023.82
-40.9959 	 -3.3634 	 62.37 	 978026.45
-41.0038 	 -3.3826 	 67.11 	 978024.5
-41.0113 	 -3.4047 	 74.07 	 978020.65
-41.0261 	 -3.4085 	 77.69 	 978018.33
-41.0394 	 -3.4317 	 91.75 	 978012.82
-41.0545 	 -3.4471 	 91.78 	 978010.7
-41.0649 	 -3.4632 	 170.74 	 977992.29
-41.0768 	 -3.4727 	 265.31 	 977973.6
-41.0778 	 -3.4825 	 342.15 	 977957.29
-40.7644 	 -3.0776 	 19.12 	 978060.88
-40.7818 	 -3.0877 	 25.1 	 978059.82
-40.7982 	 -3.1024 	 1.75 	 978063.75
-40.8168 	 -3.1252 	 -1.13 	 978060.53
-40.838 	 -3.1338 	 20.84 	 978058.37
-40.8517 	 -3.1505 	 32.82 	 978053.45
-40.8603 	 -3.1913 	 35.11 	 978045.62
-40.8645 	 -3.214 	 44.28 	 978039.64
-40.8834 	 -3.2208 	 0.0 	 978044.18
-40.9017 	 -3.2146 	 36.78 	 978045.18
-40.9212 	 -3.2212 	 56.18 	 978041.34
-40.9372 	 -3.2359 	 57.36 	 978039.9
-40.9488 	 -3.2784 	 42.77 	 978037.85
-38.7657 	 -6.3416 	 146.65 	 978033.28
-41.0473 	 -4.2925 	 622.75 	 977897.12
-40.9547 	 -4.3042 	 603.74 	 977899.76
-40.9579 	 -4.3739 	 536.65 	 977907.61
-41.1009 	 -4.5508 	 343.58 	 977943.6
-41.0362 	 -4.6239 	 456.11 	 977922.95
-41.0305 	 -4.5794 	 378.18 	 977940.47
-40.9642 	 -4.5428 	 484.23 	 977918.4
-40.8722 	 -4.626 	 708.05 	 977871.25
-40.7933 	 -4.3753 	 835.5 	 977842.93
-41.0517 	 -4.3704 	 562.29 	 977910.1
-41.0298 	 -4.4589 	 433.84 	 977930.53
-40.9197 	 -4.4519 	 511.49 	 977913.69
-40.9569 	 -4.6286 	 645.92 	 977882.28
-40.8019 	 -4.5384 	 839.48 	 977839.91
-40.5418 	 -4.5445 	 233.67 	 977955.96
-40.4593 	 -4.5387 	 194.55 	 977965.94
-40.3728 	 -4.5343 	 250.16 	 977957.89
-40.208 	 -4.4583 	 208.99 	 977976.94
-40.6233 	 -4.4558 	 199.06 	 977967.57
-40.5321 	 -4.4574 	 193.38 	 977967.55
-40.4594 	 -4.3784 	 159.58 	 977976.21
-40.4637 	 -4.2884 	 147.46 	 977980.97
-40.3802 	 -4.2883 	 188.76 	 977971.37
-40.3607 	 -4.4574 	 198.29 	 977967.22
-41.1482 	 -4.3664 	 574.68 	 977908.13
-40.8707 	 -4.2954 	 673.1 	 977879.23
-40.8687 	 -4.5426 	 627.42 	 977889.25
-40.8754 	 -4.3759 	 613.08 	 977890.89
-40.8764 	 -4.4587 	 647.71 	 977883.05
-40.7939 	 -4.4565 	 847.47 	 977839.04
-40.2914 	 -4.5401 	 263.05 	 977954.8
-40.5352 	 -4.2932 	 143.79 	 977978.32
-40.2921 	 -4.4602 	 198.0 	 977971.35
-41.1223 	 -4.4585 	 573.84 	 977913.26
-38.0846 	 -4.7312 	 27.12 	 978067.36
-39.29 	 -5.6497 	 293.7 	 977991.84
-38.48 	 -3.7956 	 11.99 	 978070.07
-39.0484 	 -3.7245 	 23.55 	 978057.31
-39.0353 	 -7.2967 	 407.79 	 977963.52
-40.7936 	 -3.7587 	 106.24 	 978004.9
-40.7792 	 -3.7567 	 98.72 	 978006.16
-37.39459 	 -4.687522 	 -2.126 	 978064.93
-40.67538 	 -6.227642 	 462.688 	 977948.24
-38.22744 	 -4.205094 	 5.188 	 978063.33
-38.58212 	 -3.745734 	 13.025 	 978070.58
-38.58244 	 -3.745785 	 17.726 	 978069.08
-40.77016 	 -4.157629 	 926.098 	 977828.49
-38.42688 	 -3.877817 	 16.132 	 978074.14
-40.14584 	 -3.128583 	 3.564 	 978063.12
-40.75895 	 -4.199523 	 865.722 	 977834.11
-38.81794 	 -4.372297 	 96.217 	 978037.6
-38.802 	 -4.362868 	 134.666 	 978030.35
-40.59054 	 -5.219613 	 321.026 	 977964.22
-38.47516 	 -3.769409 	 8.287 	 978063.26
-38.47912 	 -3.766435 	 7.517 	 978063.89
-39.37747 	 -5.589193 	 173.947 	 978016.24
-39.36341 	 -5.581076 	 164.449 	 978017.44
-40.3849 	 -7.098417 	 585.745 	 977962.49
-38.00949 	 -4.970897 	 20.774 	 978076.36
-39.50415 	 -6.874121 	 327.232 	 977994.88
-38.61938 	 -3.743788 	 8.929 	 978068.7
-41.24386 	 -3.034018 	 -5.88 	 978028.6
-40.13181 	 -4.741407 	 659.73 	 977884.28
-38.47528 	 -3.768277 	 8.2 	 978063.39
-40.68599 	 -6.214991 	 462.449 	 977945.75
-39.32229 	 -7.173331 	 598.379 	 977933.62
-39.6791 	 -7.093527 	 447.905 	 977978.43
-38.42561 	 -3.877446 	 19.451 	 978073.17
-38.8623 	 -6.406493 	 146.007 	 978029.73
-38.77332 	 -7.187104 	 411.414 	 977977.38
-39.0091 	 -7.691722 	 436.396 	 977983.53
-39.29222 	 -6.794217 	 301.622 	 977998.46
-39.30706 	 -7.24489 	 420.46 	 977952.55
-39.29295 	 -6.349859 	 205.1 	 977993.75
-39.46067 	 -6.090603 	 289.075 	 977986.55
-39.35565 	 -5.569738 	 165.003 	 978017.89
-40.70232 	 -5.211724 	 299.221 	 977969.86
-41.12877 	 -3.024973 	 13.628 	 978031.45
-40.55847 	 -4.708409 	 237.271 	 977951.23
-40.76982 	 -5.540692 	 349.671 	 977960.3
-41.0136 	 -3.731495 	 744.908 	 977873.39
-37.9837 	 -4.93652 	 12.735 	 978075.68
-38.63092 	 -5.900746 	 113.61 	 978050.58
-38.98938 	 -4.979948 	 198.687 	 978030.61
-40.06302 	 -4.79458 	 692.413 	 977884.94
-39.30106 	 -4.347233 	 129.923 	 978021.18
-38.3672 	 -4.578912 	 53.57 	 978061.88
-38.44706 	 -5.182974 	 100.446 	 978059.43
-38.47461 	 -3.726217 	 48.419 	 978060.48
-38.57729 	 -3.74768 	 16.512 	 978069.08
-40.68704 	 -5.201768 	 286.067 	 977971.8
-39.2945 	 -3.372917 	 38.903 	 978055.77
-40.07481 	 -4.783459 	 678.171 	 977888.74
