        generated_by     ICGEM (hosted at GFZ-Potsdam)
     generating_date     2019/08/30
----------------------------------------------------------------------
           modelname     EIGEN-6C4
     max_used_degree          2190
----------------------------------------------------------------------
         tide_system     tide_free
    zero_degree_term     included
----------------------------------------------------------------------
          refsysname     WGS84
   max_degree_refpot             8
            gmrefpot      3.98600441800E+14[m**3/s**2]
        radiusrefpot     6378137.000 m
          flatrefpot      3.352810664747480E-03   (1/298.25722356300)
         omegarefpot      7.29211500000E-05 1/s
----------------------------------------------------------------------
    number_of_points           292
      latlimit_north      -15.508200000000    
      latlimit_south      -16.039300000000    
      longlimit_west      -48.267300000000    
      longlimit_east      -47.347600000000    
----------------------------------------------------------------------
description of columns -----------------------------------------------
 1 identifier (from input)
 2 longitude  (from input)    [degree]
 3 latitude   (from input)    [degree]
 4 h_over_ell (from input)     [meter]
 -------------------------------------
 5 gravity                      [mGal]  gravity(h)                        
----------------------------------------------------------------------

end_of_head ================================================================
1            -47.88390000  -15.94640000  1.090540E+03  9.780840879381E+05
2            -47.70620000  -15.61470000  9.483800E+02  9.781104983316E+05
3            -47.62030000  -15.94020000  1.014590E+03  9.780966660236E+05
4            -47.60140000  -15.94610000  1.041930E+03  9.780901766840E+05
5            -47.54430000  -15.54550000  1.155080E+03  9.780492432581E+05
6            -47.35210000  -15.58400000  8.957900E+02  9.781125150755E+05
7            -47.37960000  -15.57860000  9.020700E+02  9.781106207183E+05
8            -47.41630000  -15.58090000  9.725000E+02  9.780923802007E+05
9            -47.44570000  -15.58330000  9.821100E+02  9.780952493894E+05
10           -47.49420000  -15.57900000  1.064220E+03  9.780800285650E+05
11           -47.55230000  -15.58150000  1.143370E+03  9.780565166859E+05
12           -47.57470000  -15.58720000  1.146230E+03  9.780532478832E+05
13           -47.53220000  -15.52330000  1.169140E+03  9.780450878451E+05
14           -47.56070000  -15.56650000  1.145060E+03  9.780526210934E+05
15           -48.26140000  -15.90440000  9.686000E+02  9.781101597096E+05
16           -48.22930000  -15.85820000  9.954900E+02  9.781003287305E+05
17           -48.17060000  -15.86230000  9.847300E+02  9.781106275731E+05
18           -48.14210000  -15.86400000  9.986700E+02  9.781135637768E+05
19           -48.26730000  -15.83000000  1.044870E+03  9.780896869408E+05
20           -48.21870000  -15.82220000  1.010580E+03  9.780979816208E+05
21           -48.17930000  -15.81630000  1.104100E+03  9.780731308694E+05
22           -48.22340000  -15.78120000  1.037150E+03  9.780916387770E+05
23           -48.18210000  -15.78060000  1.101470E+03  9.780740081136E+05
24           -48.05740000  -15.78030000  1.218910E+03  9.780484375140E+05
25           -48.09880000  -15.78010000  1.173760E+03  9.780627039309E+05
26           -48.13590000  -15.69630000  1.092790E+03  9.780788733906E+05
27           -48.09740000  -15.69900000  1.207700E+03  9.780432873059E+05
28           -48.09260000  -15.64720000  1.187290E+03  9.780538762348E+05
29           -48.15100000  -15.57520000  9.926500E+02  9.780925464904E+05
30           -48.09980000  -15.61510000  1.219420E+03  9.780424520088E+05
31           -48.09500000  -15.57180000  1.273760E+03  9.780126722672E+05
32           -48.05210000  -15.57180000  1.147230E+03  9.780570994941E+05
33           -48.05470000  -15.61720000  1.260480E+03  9.780326689359E+05
34           -48.10750000  -15.54150000  1.062780E+03  9.780603326834E+05
35           -48.05290000  -15.52690000  9.223500E+02  9.781019388873E+05
36           -48.01320000  -15.53370000  1.184080E+03  9.780222425049E+05
37           -47.58610000  -15.97280000  1.022220E+03  9.780974078088E+05
38           -47.57520000  -15.99000000  1.032700E+03  9.780947894279E+05
39           -47.55410000  -16.00100000  1.020910E+03  9.780991561533E+05
40           -47.40170000  -15.99110000  8.880900E+02  9.781279079146E+05
41           -47.39730000  -15.96250000  8.904700E+02  9.781272190994E+05
42           -47.39830000  -15.92890000  9.097600E+02  9.781219172250E+05
43           -47.39610000  -15.91540000  9.125200E+02  9.781213147175E+05
44           -47.39310000  -15.89390000  8.447800E+02  9.781421641104E+05
45           -47.38860000  -15.86920000  8.757300E+02  9.781319143187E+05
46           -47.38470000  -15.84220000  8.700600E+02  9.781325216726E+05
47           -47.38150000  -15.81520000  9.080400E+02  9.781200591426E+05
48           -47.38370000  -15.76500000  9.426300E+02  9.781097549969E+05
49           -47.39040000  -15.71430000  1.008560E+03  9.780878644950E+05
50           -47.39060000  -15.68740000  9.698300E+02  9.780970174639E+05
51           -47.37940000  -15.66770000  9.167700E+02  9.781102651433E+05
52           -47.36190000  -15.65140000  8.837200E+02  9.781184963030E+05
53           -47.35480000  -15.60520000  9.525500E+02  9.780954853286E+05
54           -47.35170000  -15.58440000  8.973600E+02  9.781120527251E+05
55           -47.61070000  -15.89930000  1.037950E+03  9.780890760574E+05
56           -47.61720000  -15.87690000  1.001330E+03  9.780989173542E+05
57           -47.63160000  -15.82530000  1.042300E+03  9.780841856725E+05
58           -47.63800000  -15.80240000  1.029010E+03  9.780878421717E+05
59           -47.64820000  -15.77800000  9.445900E+02  9.781127765097E+05
60           -47.66000000  -15.75710000  9.312500E+02  9.781152421400E+05
61           -47.66060000  -15.72750000  9.257100E+02  9.781153316342E+05
62           -47.65170000  -15.68530000  9.069100E+02  9.781198552954E+05
63           -47.64770000  -15.66100000  9.221500E+02  9.781152653534E+05
64           -47.67920000  -15.68530000  1.021140E+03  9.780846037024E+05
65           -48.20530000  -15.68620000  1.078240E+03  9.780783366724E+05
66           -48.19360000  -15.68190000  1.083230E+03  9.780778005350E+05
67           -48.20200000  -15.65410000  1.129970E+03  9.780638134857E+05
68           -48.19970000  -15.62940000  1.083270E+03  9.780781798903E+05
69           -48.19190000  -15.58800000  1.003160E+03  9.780953373512E+05
70           -48.19180000  -15.53480000  8.754100E+02  9.781148997229E+05
71           -48.19110000  -15.52580000  8.648100E+02  9.781147939210E+05
72           -47.97840000  -15.97490000  1.203740E+03  9.780639370535E+05
73           -47.94570000  -15.98320000  1.185280E+03  9.780648621349E+05
74           -47.92350000  -15.98100000  1.183210E+03  9.780609019614E+05
75           -47.91090000  -15.97660000  1.162570E+03  9.780649511614E+05
76           -47.88780000  -15.96800000  1.125320E+03  9.780734911497E+05
77           -47.86260000  -15.95240000  1.121360E+03  9.780735711751E+05
78           -47.76020000  -15.93880000  1.009040E+03  9.780924794309E+05
79           -47.34800000  -16.02990000  8.654000E+02  9.781394172803E+05
80           -47.38910000  -16.02530000  9.057900E+02  9.781242863409E+05
81           -47.42380000  -15.98920000  9.052900E+02  9.781231650988E+05
82           -47.47030000  -16.02130000  9.258200E+02  9.781251033601E+05
83           -47.47550000  -15.98870000  9.050800E+02  9.781278453390E+05
84           -47.51300000  -16.02680000  9.384700E+02  9.781259497954E+05
85           -47.51820000  -15.98970000  9.602800E+02  9.781153038879E+05
86           -47.59760000  -16.02790000  9.902400E+02  9.781064475263E+05
87           -47.80830000  -15.52430000  7.903300E+02  9.781268169448E+05
88           -47.76540000  -15.52750000  7.875500E+02  9.781341067590E+05
89           -47.72290000  -15.52900000  8.428800E+02  9.781245402629E+05
90           -47.68280000  -15.52870000  9.925700E+02  9.780820832511E+05
91           -47.78070000  -15.50820000  7.552200E+02  9.781376318356E+05
92           -47.38500000  -15.57370000  9.127100E+02  9.781075500533E+05
93           -47.43360000  -15.57390000  9.638700E+02  9.780982591713E+05
94           -47.47580000  -15.57430000  1.093980E+03  9.780672436997E+05
95           -47.51750000  -15.56680000  1.056210E+03  9.780834852395E+05
96           -47.52000000  -15.60770000  1.068390E+03  9.780850960497E+05
97           -47.47860000  -15.61730000  1.101670E+03  9.780687567962E+05
98           -47.43170000  -15.61450000  8.918700E+02  9.781207316816E+05
99           -47.43190000  -15.66010000  9.144500E+02  9.781175327476E+05
100          -47.40270000  -15.61250000  9.494800E+02  9.780978824614E+05
101          -47.35880000  -15.61440000  9.399500E+02  9.780994404481E+05
102          -47.57830000  -15.51960000  9.925400E+02  9.780909251289E+05
103          -47.52290000  -15.52050000  1.178530E+03  9.780430896752E+05
104          -47.47840000  -15.52570000  1.112300E+03  9.780622893733E+05
105          -47.84810000  -15.52890000  8.257200E+02  9.781157462320E+05
106          -48.01640000  -15.57330000  1.274450E+03  9.780146846139E+05
107          -47.97340000  -15.57240000  1.163740E+03  9.780388253580E+05
108          -47.84870000  -15.56820000  8.646100E+02  9.781186793882E+05
109          -47.92880000  -15.57130000  8.827600E+02  9.781161684059E+05
110          -47.89320000  -15.55870000  9.764800E+02  9.780796192774E+05
111          -47.88850000  -15.60360000  8.927600E+02  9.781237958569E+05
112          -47.84670000  -15.65150000  1.078720E+03  9.780825340127E+05
113          -47.92920000  -15.61250000  1.209080E+03  9.780286486572E+05
114          -47.96680000  -15.60610000  1.207680E+03  9.780330581620E+05
115          -47.85040000  -15.61620000  1.071160E+03  9.780762388440E+05
116          -47.80900000  -15.61570000  1.177870E+03  9.780458372702E+05
117          -47.76530000  -15.65240000  1.163930E+03  9.780551626834E+05
118          -47.76600000  -15.61380000  1.183920E+03  9.780432231655E+05
119          -47.42980000  -15.52280000  1.034180E+03  9.780765005618E+05
120          -48.09900000  -15.94710000  1.099250E+03  9.780892185982E+05
121          -48.14360000  -15.94230000  9.688200E+02  9.781205533599E+05
122          -48.14280000  -15.99610000  1.004870E+03  9.781053864230E+05
123          -48.09780000  -15.98890000  9.971000E+02  9.781161716317E+05
124          -48.05490000  -15.98840000  1.182360E+03  9.780686774592E+05
125          -48.02350000  -15.98840000  1.241050E+03  9.780549204200E+05
126          -48.14040000  -15.90600000  1.058190E+03  9.780949874206E+05
127          -48.22700000  -15.94780000  9.398200E+02  9.781219396714E+05
128          -48.18160000  -15.94600000  1.075930E+03  9.780815228225E+05
129          -48.18140000  -15.98730000  1.051780E+03  9.780899412114E+05
130          -48.22590000  -15.98860000  1.047150E+03  9.780929536596E+05
131          -48.22150000  -16.02490000  1.034740E+03  9.780993168550E+05
132          -48.17620000  -16.02830000  1.050190E+03  9.780912731058E+05
133          -47.93570000  -16.03930000  1.098910E+03  9.780831157667E+05
134          -48.13600000  -16.02950000  9.208300E+02  9.781288605585E+05
135          -48.09720000  -16.02850000  9.643500E+02  9.781189034236E+05
136          -47.96790000  -15.98860000  1.169170E+03  9.780744816359E+05
137          -47.64010000  -15.99930000  8.777300E+02  9.781359507990E+05
138          -47.69120000  -15.90740000  8.439400E+02  9.781359492976E+05
139          -47.86120000  -15.78120000  9.991000E+02  9.780992410515E+05
140          -48.01110000  -15.90440000  1.076990E+03  9.780923281780E+05
141          -48.18240000  -15.90480000  9.729100E+02  9.781119832740E+05
142          -48.22460000  -15.90550000  9.160900E+02  9.781253119712E+05
143          -47.43220000  -15.82130000  8.760600E+02  9.781289712124E+05
144          -47.47390000  -15.82160000  9.579000E+02  9.781019959093E+05
145          -47.51520000  -15.81900000  9.372300E+02  9.781108308463E+05
146          -47.55840000  -15.82180000  9.058300E+02  9.781263001156E+05
147          -47.59730000  -15.77950000  9.780000E+02  9.781069390679E+05
148          -47.59620000  -15.73760000  1.076440E+03  9.780775560763E+05
149          -47.55900000  -15.78370000  9.849900E+02  9.781039143313E+05
150          -47.55790000  -15.73890000  1.109750E+03  9.780705446946E+05
151          -47.60350000  -15.82240000  9.703200E+02  9.781087521242E+05
152          -47.51570000  -15.73960000  9.760900E+02  9.781103634330E+05
153          -47.51840000  -15.91520000  9.432500E+02  9.781131792739E+05
154          -47.47230000  -15.77880000  8.944200E+02  9.781252774926E+05
155          -47.42900000  -15.77880000  9.749700E+02  9.781004174632E+05
156          -47.47210000  -15.73790000  9.169300E+02  9.781241565048E+05
157          -47.51620000  -15.68750000  1.159210E+03  9.780612497364E+05
158          -47.56150000  -15.69600000  1.118590E+03  9.780721317564E+05
159          -47.60210000  -15.69640000  1.109170E+03  9.780668180847E+05
160          -47.47340000  -15.69430000  1.091990E+03  9.780742632389E+05
161          -47.43250000  -15.69700000  9.888600E+02  9.780976581615E+05
162          -47.43020000  -15.73870000  9.905000E+02  9.780974787535E+05
163          -47.34890000  -15.78090000  8.858200E+02  9.781250168769E+05
164          -47.35060000  -15.73770000  9.089600E+02  9.781177382831E+05
165          -47.34760000  -15.69000000  9.181300E+02  9.781115842726E+05
166          -47.64010000  -15.69520000  9.515800E+02  9.781077239450E+05
167          -47.68370000  -15.99150000  8.620900E+02  9.781345215381E+05
168          -47.67960000  -16.02380000  8.611200E+02  9.781345241075E+05
169          -47.72250000  -15.99130000  9.255200E+02  9.781127001212E+05
170          -47.72430000  -16.02960000  9.913200E+02  9.780910055394E+05
171          -47.76080000  -16.03060000  8.852300E+02  9.781240025571E+05
172          -47.77810000  -15.99090000  9.622800E+02  9.781060435660E+05
173          -47.84900000  -16.02960000  9.221500E+02  9.781206451376E+05
174          -47.84910000  -15.98850000  1.094030E+03  9.780758047543E+05
175          -47.88800000  -15.98650000  1.124690E+03  9.780723571486E+05
176          -47.84400000  -15.86460000  1.079110E+03  9.780817086759E+05
177          -47.80860000  -15.86430000  1.058880E+03  9.780852419426E+05
178          -47.76420000  -15.90440000  8.890100E+02  9.781299568355E+05
179          -47.76380000  -15.86220000  9.538900E+02  9.781084053052E+05
180          -47.80780000  -15.90590000  1.116870E+03  9.780702548895E+05
181          -47.89030000  -15.90450000  1.106790E+03  9.780748921407E+05
182          -47.88970000  -16.03660000  9.924100E+02  9.781051065841E+05
183          -48.01660000  -16.03190000  1.172950E+03  9.780696600907E+05
184          -48.05780000  -16.03290000  1.094150E+03  9.780861708843E+05
185          -48.05790000  -15.90610000  1.238800E+03  9.780491202749E+05
186          -47.84710000  -15.90560000  1.117010E+03  9.780742395765E+05
187          -48.14040000  -15.77920000  1.154180E+03  9.780638446961E+05
188          -47.43340000  -15.94630000  8.673200E+02  9.781336252365E+05
189          -47.43660000  -15.90580000  9.392300E+02  9.781105399420E+05
190          -47.47340000  -15.90580000  8.499100E+02  9.781373184318E+05
191          -47.55860000  -15.99230000  1.002410E+03  9.781044291289E+05
192          -47.55440000  -15.90530000  9.418300E+02  9.781178438963E+05
193          -47.51600000  -15.90540000  8.805700E+02  9.781313684420E+05
194          -48.13600000  -15.52710000  9.194100E+02  9.780943745451E+05
195          -48.22320000  -15.64810000  1.082060E+03  9.780784677619E+05
196          -48.10280000  -15.73180000  1.253290E+03  9.780308150970E+05
197          -48.14190000  -15.73170000  1.130240E+03  9.780676721542E+05
198          -48.19050000  -15.69720000  1.075610E+03  9.780800254273E+05
199          -48.18220000  -15.65520000  1.124790E+03  9.780663115688E+05
200          -48.14060000  -15.65090000  1.278200E+03  9.780218157122E+05
201          -47.63270000  -15.98910000  1.014440E+03  9.780950988508E+05
202          -47.64200000  -16.03070000  9.884100E+02  9.781006192639E+05
203          -47.55150000  -15.94640000  9.641500E+02  9.781132493266E+05
204          -47.47400000  -15.94760000  8.767300E+02  9.781321184798E+05
205          -47.51610000  -15.94650000  9.502300E+02  9.781135566651E+05
206          -47.97150000  -15.53020000  8.597100E+02  9.781135123029E+05
207          -47.34800000  -16.02990000  8.653800E+02  9.781394234380E+05
208          -47.97360000  -16.02830000  1.211130E+03  9.780583285834E+05
209          -48.13240000  -15.86670000  8.933600E+02  9.781486845713E+05
210          -47.57850000  -15.86180000  1.081100E+03  9.780747793415E+05
211          -48.09800000  -15.86420000  1.173820E+03  9.780680061217E+05
212          -48.09650000  -15.90370000  1.118770E+03  9.780850051424E+05
213          -48.01420000  -15.86390000  1.153500E+03  9.780662879444E+05
214          -47.97420000  -15.86380000  1.029000E+03  9.780957192684E+05
215          -47.97430000  -15.82150000  1.080190E+03  9.780820470653E+05
216          -47.93520000  -15.86350000  1.021860E+03  9.780939336234E+05
217          -47.88130000  -15.86580000  1.002580E+03  9.781033893022E+05
218          -48.05750000  -15.82040000  1.193630E+03  9.780614281681E+05
219          -48.01530000  -15.78230000  1.113080E+03  9.780769504176E+05
220          -48.05640000  -15.74100000  1.226440E+03  9.780376112149E+05
221          -47.97800000  -15.78260000  1.094640E+03  9.780773622553E+05
222          -48.01740000  -15.82310000  1.077210E+03  9.780916843752E+05
223          -47.93100000  -15.82150000  1.077570E+03  9.780773981024E+05
224          -47.93220000  -15.77990000  1.117730E+03  9.780651709156E+05
225          -47.89110000  -15.78020000  1.096410E+03  9.780697048505E+05
226          -47.89150000  -15.81820000  1.047530E+03  9.780856750406E+05
227          -47.84870000  -15.81410000  1.005340E+03  9.780987991373E+05
228          -47.80880000  -15.77980000  1.001590E+03  9.780978170324E+05
229          -47.76440000  -15.78000000  1.031150E+03  9.780864337954E+05
230          -47.72630000  -15.77810000  9.045100E+02  9.781230593849E+05
231          -47.56670000  -15.82140000  9.969400E+02  9.780990932689E+05
232          -47.76770000  -15.81970000  1.026860E+03  9.780864919185E+05
233          -47.76280000  -15.73840000  1.118860E+03  9.780624780831E+05
234          -47.80510000  -15.82160000  1.068610E+03  9.780780081326E+05
235          -47.64020000  -15.61350000  1.002730E+03  9.780904353994E+05
236          -47.80740000  -15.65560000  1.049890E+03  9.780939243799E+05
237          -47.84750000  -15.69660000  1.190930E+03  9.780467182886E+05
238          -47.89850000  -15.69690000  1.061690E+03  9.780817116801E+05
239          -47.89150000  -15.73620000  1.006350E+03  9.780977445057E+05
240          -47.85010000  -15.73870000  1.003080E+03  9.780999175097E+05
241          -48.01640000  -15.94730000  1.222210E+03  9.780569157578E+05
242          -47.97340000  -15.94630000  1.123870E+03  9.780817349606E+05
243          -47.97370000  -15.90550000  1.124700E+03  9.780705406740E+05
244          -47.93380000  -15.90550000  1.057510E+03  9.780877555098E+05
245          -47.72460000  -15.90530000  9.260400E+02  9.781107842005E+05
246          -47.72290000  -15.86340000  8.962200E+02  9.781192713880E+05
247          -47.93380000  -15.94700000  1.063290E+03  9.780953362762E+05
248          -47.64110000  -15.90400000  9.356200E+02  9.781162612320E+05
249          -47.64880000  -15.86760000  9.108600E+02  9.781215026870E+05
250          -47.69340000  -15.85730000  1.011080E+03  9.780842455166E+05
251          -47.68460000  -15.82120000  8.821000E+02  9.781270335451E+05
252          -47.47310000  -15.73760000  1.079090E+03  9.780741280113E+05
253          -47.80920000  -15.69640000  1.150150E+03  9.780606568341E+05
254          -47.76450000  -15.69600000  1.068170E+03  9.780828503657E+05
255          -47.72860000  -15.69360000  1.040770E+03  9.780855246360E+05
256          -47.68270000  -15.69690000  9.245000E+02  9.781146250596E+05
257          -47.68240000  -15.74000000  9.224600E+02  9.781165227352E+05
258          -47.67800000  -15.77460000  9.731900E+02  9.781016193312E+05
259          -48.14010000  -15.82330000  1.159690E+03  9.780641379055E+05
260          -48.09910000  -15.82210000  1.261860E+03  9.780396749321E+05
261          -47.43290000  -15.86210000  9.130700E+02  9.781176721232E+05
262          -47.47490000  -15.86130000  8.591700E+02  9.781322472913E+05
263          -47.50590000  -15.85550000  9.293200E+02  9.781120835017E+05
264          -47.55290000  -15.87040000  9.813900E+02  9.781033129294E+05
265          -47.58620000  -15.90070000  1.004630E+03  9.781005108605E+05
266          -47.59500000  -15.86120000  1.021160E+03  9.780937698016E+05
267          -47.35770000  -15.82000000  8.370700E+02  9.781410638420E+05
268          -47.39680000  -15.81940000  8.704100E+02  9.781319384927E+05
269          -47.87862000  -15.94676000  1.095703E+03  9.780823559182E+05
270          -47.65919000  -15.56334000  1.002807E+03  9.780852986680E+05
271          -47.62544000  -15.53050000  1.024758E+03  9.780751965540E+05
272          -47.67239000  -15.62022000  9.479100E+02  9.781073325553E+05
273          -48.11430000  -15.58746000  1.329804E+03  9.779981477459E+05
274          -47.81957000  -15.97881000  1.046867E+03  9.780881899612E+05
275          -47.80751000  -15.93775000  1.028395E+03  9.780972742996E+05
276          -47.71232000  -15.94800000  1.000167E+03  9.780895171487E+05
277          -47.63695000  -15.96036000  9.510300E+02  9.781142496263E+05
278          -47.54576000  -16.02463000  1.025616E+03  9.780992447281E+05
279          -47.41392000  -16.03741000  8.590580E+02  9.781408738135E+05
280          -47.38056000  -15.79005000  9.275630E+02  9.781140249641E+05
281          -47.35663000  -15.62897000  9.055790E+02  9.781105394842E+05
282          -47.62406000  -15.85078000  1.035494E+03  9.780870674347E+05
283          -47.66161000  -15.73391000  9.107950E+02  9.781202416997E+05
284          -48.21696000  -15.69384000  1.064109E+03  9.780816636238E+05
285          -48.20399000  -15.67508000  1.086869E+03  9.780762085960E+05
286          -48.19796000  -15.61612000  1.114130E+03  9.780673454404E+05
287          -48.19597000  -15.55604000  9.274340E+02  9.781079397882E+05
288          -47.80082000  -16.01977000  8.697610E+02  9.781328992130E+05
289          -47.87819000  -15.94865000  1.103238E+03  9.780800155424E+05
290          -47.87698000  -15.94780000  1.101081E+03  9.780806442510E+05
291          -47.88426000  -15.94619000  1.090005E+03  9.780842562781E+05
292          -47.89830000  -15.64535000  1.289977E+03  9.780100906664E+05
