        generated_by     ICGEM (hosted at GFZ-Potsdam)
     generating_date     2019/08/30
----------------------------------------------------------------------
           modelname     EIGEN-6C4
     max_used_degree          2190
----------------------------------------------------------------------
         tide_system     tide_free
    zero_degree_term     included
----------------------------------------------------------------------
          refsysname     WGS84
   max_degree_refpot             8
            gmrefpot      3.98600441800E+14[m**3/s**2]
        radiusrefpot     6378137.000 m
          flatrefpot      3.352810664747480E-03   (1/298.25722356300)
         omegarefpot      7.29211500000E-05 1/s
----------------------------------------------------------------------
    number_of_points           339
      latlimit_north      -17.917800000000    
      latlimit_south      -21.227400000000    
      longlimit_west      -41.810500000000    
      longlimit_east      -39.708600000000    
----------------------------------------------------------------------
description of columns -----------------------------------------------
 1 identifier (from input)
 2 longitude  (from input)    [degree]
 3 latitude   (from input)    [degree]
 4 h_over_ell (from input)     [meter]
 -------------------------------------
 5 gravity                      [mGal]  gravity(h)                        
----------------------------------------------------------------------

end_of_head ================================================================
1            -41.69540000  -20.31110000  8.348600E+02  9.784326840997E+05
2            -41.76060000  -20.28400000  5.805100E+02  9.784990822451E+05
3            -39.94830000  -18.83860000  4.386000E+01  9.785597974860E+05
4            -40.13470000  -18.95430000  6.655000E+01  9.785616069585E+05
5            -40.16120000  -19.02320000  6.926000E+01  9.785634162113E+05
6            -40.16780000  -19.17890000  7.213000E+01  9.785577042883E+05
7            -40.14510000  -19.23480000  6.257000E+01  9.785621284111E+05
8            -40.10240000  -19.27250000  4.653000E+01  9.785724397191E+05
9            -40.90780000  -20.86650000  1.526000E+01  9.786568331205E+05
10           -40.47960000  -20.52420000  1.626000E+01  9.786415321945E+05
11           -40.49100000  -20.58200000  8.520000E+00  9.786498235450E+05
12           -40.53030000  -20.62810000  1.305000E+01  9.786528719910E+05
13           -40.58760000  -20.65990000  2.987000E+01  9.786414530626E+05
14           -40.65200000  -20.66250000  3.370000E+00  9.786362372135E+05
15           -40.71090000  -20.69740000  5.750000E+01  9.786203114811E+05
16           -40.76040000  -20.73960000  2.253000E+01  9.786446101932E+05
17           -40.80430000  -20.79130000  3.420000E+00  9.786533045325E+05
18           -40.29640000  -19.89760000  6.437000E+01  9.785877590982E+05
19           -40.27240000  -19.95640000 -2.870000E+00  9.786110453394E+05
20           -40.24040000  -20.00790000  3.607000E+01  9.785986692183E+05
21           -40.49080000  -20.64660000  1.440000E+00  9.786524788173E+05
22           -40.29720000  -20.30390000 -5.330000E+00  9.786321698117E+05
23           -40.29820000  -20.36190000 -4.900000E-01  9.786356327795E+05
24           -40.32850000  -20.41690000 -2.430000E+00  9.786388760430E+05
25           -40.37920000  -20.45300000  1.538000E+01  9.786287540721E+05
26           -40.43420000  -20.47930000  3.724000E+01  9.786234117857E+05
27           -40.25780000  -19.67720000  2.613000E+01  9.785818694229E+05
28           -40.27850000  -19.72100000  9.130000E+01  9.785651890837E+05
29           -40.28180000  -19.78260000  7.473000E+01  9.785748701330E+05
30           -40.27120000  -19.84020000  4.737000E+01  9.785851878564E+05
31           -40.52810000  -20.09920000  9.970000E+00  9.786289784738E+05
32           -40.45070000  -20.11990000  4.340000E+00  9.786106932653E+05
33           -41.48830000  -20.75310000  1.084500E+02  9.786276808265E+05
34           -41.49940000  -20.75810000  1.400600E+02  9.786206887779E+05
35           -40.96630000  -20.87890000  6.320000E+00  9.786518372481E+05
36           -41.02310000  -20.89870000  3.194000E+01  9.786406461713E+05
37           -41.16010000  -21.02650000  2.796000E+01  9.786712152523E+05
38           -41.22240000  -21.06720000  1.515000E+01  9.786961187100E+05
39           -41.63970000  -20.59840000  6.866100E+02  9.785034782764E+05
40           -41.66740000  -20.54090000  7.365100E+02  9.784799303015E+05
41           -41.60520000  -20.51080000  7.742400E+02  9.784831122826E+05
42           -41.58790000  -20.44110000  7.614400E+02  9.784758733136E+05
43           -41.53720000  -20.38010000  6.480400E+02  9.784982009428E+05
44           -41.54650000  -20.32690000  6.468400E+02  9.784856388461E+05
45           -41.59490000  -20.35840000  6.927800E+02  9.784758858870E+05
46           -41.26680000  -21.11590000  2.323000E+01  9.786873119438E+05
47           -41.29770000  -21.17580000  1.697000E+01  9.786899469501E+05
48           -41.53250000  -20.76280000  2.442100E+02  9.786006535662E+05
49           -41.59000000  -20.70060000  5.156800E+02  9.785341544991E+05
50           -41.61950000  -20.64210000  6.871500E+02  9.784951587806E+05
51           -40.81760000  -20.41880000  7.940300E+02  9.784519199618E+05
52           -40.87960000  -20.42020000  8.214700E+02  9.784662740495E+05
53           -41.01570000  -20.39410000  1.101460E+03  9.783920664357E+05
54           -41.06210000  -20.36470000  9.219400E+02  9.784446847921E+05
55           -41.13370000  -20.32770000  7.301000E+02  9.784786435745E+05
56           -41.18480000  -20.33720000  7.107200E+02  9.784638447001E+05
57           -41.22350000  -20.31580000  7.125900E+02  9.784692312515E+05
58           -41.22730000  -20.29470000  9.789300E+02  9.783902400426E+05
59           -41.19930000  -20.21440000  5.348700E+02  9.785098573065E+05
60           -41.19290000  -20.18440000  5.198200E+02  9.785039339255E+05
61           -41.14480000  -20.15190000  4.371900E+02  9.785169419162E+05
62           -41.13100000  -20.11970000  3.924100E+02  9.785233663406E+05
63           -41.12210000  -20.07380000  3.483800E+02  9.785239554332E+05
64           -41.08760000  -19.92330000  1.956400E+02  9.785225582190E+05
65           -41.05680000  -19.90020000  1.977200E+02  9.785230922804E+05
66           -41.08290000  -19.86050000  2.089500E+02  9.785144206057E+05
67           -41.11070000  -19.82520000  2.214400E+02  9.785111623329E+05
68           -41.04710000  -19.84440000  1.766200E+02  9.785347076686E+05
69           -40.98980000  -19.84990000  2.214900E+02  9.785392695327E+05
70           -40.96040000  -19.87910000  2.529600E+02  9.785261066147E+05
71           -40.90570000  -19.84410000  1.665500E+02  9.785480641887E+05
72           -40.81230000  -19.91910000  3.645600E+02  9.785308762944E+05
73           -40.73680000  -19.96100000  6.806400E+02  9.784731806247E+05
74           -41.03820000  -20.05850000  6.688900E+02  9.784796807669E+05
75           -41.00400000  -20.12470000  1.062130E+03  9.784328185486E+05
76           -40.94930000  -20.15380000  9.922500E+02  9.784982031995E+05
77           -40.42620000  -20.19160000  6.576000E+01  9.785959285270E+05
78           -40.68460000  -19.93160000  8.242900E+02  9.784123323506E+05
79           -40.55260000  -19.95330000  6.338100E+02  9.784917226623E+05
80           -40.51180000  -19.95970000  5.050500E+02  9.785098554364E+05
81           -40.48900000  -19.93690000  3.114200E+02  9.785561590076E+05
82           -40.43230000  -19.93550000  9.184000E+01  9.785846952151E+05
83           -40.40530000  -19.93310000  4.688000E+01  9.785905431984E+05
84           -40.49440000  -20.39000000  3.338000E+01  9.786227122724E+05
85           -40.45980000  -20.38270000  8.910000E+00  9.786320869139E+05
86           -40.36890000  -20.22060000 -6.500000E-01  9.786258452414E+05
87           -40.33140000  -20.21610000 -7.000000E-01  9.786304947499E+05
88           -40.88620000  -20.15380000  9.765600E+02  9.784932929297E+05
89           -40.88510000  -20.10300000  8.886800E+02  9.784962945415E+05
90           -40.83570000  -20.06770000  8.107400E+02  9.784881305393E+05
91           -40.78290000  -20.06220000  7.495600E+02  9.784887798686E+05
92           -40.78350000  -20.08490000  7.977900E+02  9.784798107866E+05
93           -40.79870000  -20.14610000  9.063700E+02  9.784741657815E+05
94           -40.76010000  -20.18910000  8.320400E+02  9.784857689700E+05
95           -40.81730000  -20.23300000  7.289500E+02  9.785352884516E+05
96           -40.80400000  -20.31690000  6.911800E+02  9.785126206664E+05
97           -40.78790000  -20.37690000  8.273500E+02  9.784486336653E+05
98           -40.66460000  -20.05160000  6.481000E+02  9.784726666192E+05
99           -40.63980000  -20.07380000  5.653100E+02  9.784921463359E+05
100          -40.60680000  -20.07990000  3.910500E+02  9.785389926995E+05
101          -40.67420000  -20.40940000  5.378600E+02  9.785159632296E+05
102          -39.99550000  -18.88270000  3.890000E+01  9.785638569797E+05
103          -41.13070000  -20.32990000  7.306000E+02  9.784795227987E+05
104          -40.83290000  -19.04670000  1.257800E+02  9.785252976757E+05
105          -40.46120000  -19.93220000  1.704900E+02  9.785780865051E+05
106          -40.40760000  -20.34440000  1.859000E+01  9.786260343212E+05
107          -40.93050000  -18.30700000  2.590500E+02  9.784498136224E+05
108          -40.56830000  -18.16840000  2.135300E+02  9.784522821019E+05
109          -40.91070000  -18.25090000  2.275300E+02  9.784484821612E+05
110          -40.86470000  -18.24640000  1.980300E+02  9.784571438100E+05
111          -40.94990000  -18.57170000  2.149700E+02  9.784611648732E+05
112          -40.93880000  -18.63120000  1.789500E+02  9.784677641797E+05
113          -40.91160000  -18.67930000  1.676400E+02  9.784763000728E+05
114          -40.87850000  -18.80400000  1.968300E+02  9.784835651596E+05
115          -40.92260000  -18.83620000  2.310700E+02  9.784793240853E+05
116          -40.92490000  -18.88770000  3.828900E+02  9.784543990456E+05
117          -40.95840000  -18.92100000  5.293900E+02  9.784241766223E+05
118          -41.00990000  -18.90220000  6.011600E+02  9.784079126366E+05
119          -41.05220000  -18.92400000  6.277800E+02  9.784028471975E+05
120          -40.89410000  -19.05880000  3.010700E+02  9.784812818084E+05
121          -40.79470000  -18.81010000  1.672800E+02  9.784993509187E+05
122          -40.67670000  -19.09390000  1.404900E+02  9.785205506127E+05
123          -40.53840000  -19.02280000  1.637300E+02  9.785138020263E+05
124          -40.43640000  -18.73780000  1.741800E+02  9.785025442361E+05
125          -40.47490000  -18.77770000  8.546000E+01  9.785299482049E+05
126          -40.47490000  -18.84020000  1.259300E+02  9.785180659885E+05
127          -40.49430000  -18.88430000  9.839000E+01  9.785310192879E+05
128          -40.51190000  -18.94200000  1.753800E+02  9.785106101414E+05
129          -40.53130000  -18.98920000  1.161100E+02  9.785277250026E+05
130          -40.54140000  -19.06990000  1.467300E+02  9.785219367515E+05
131          -40.58220000  -19.10340000  8.912000E+01  9.785406948443E+05
132          -40.90440000  -19.17180000  3.037300E+02  9.785175605937E+05
133          -40.87340000  -19.21610000  2.010900E+02  9.785508531108E+05
134          -40.81440000  -19.23370000  9.952000E+01  9.785608949626E+05
135          -40.26680000  -18.77610000  1.260300E+02  9.785309897454E+05
136          -40.71560000  -18.83150000  1.518600E+02  9.785050269632E+05
137          -40.68040000  -18.79330000  1.262400E+02  9.785108406104E+05
138          -40.62380000  -18.80860000  1.207900E+02  9.785184656147E+05
139          -40.57800000  -18.78560000  1.456400E+02  9.785090863073E+05
140          -40.53680000  -18.76350000  1.409500E+02  9.785087238270E+05
141          -40.48960000  -18.75810000  1.011800E+02  9.785236591812E+05
142          -40.82840000  -18.43140000  1.938900E+02  9.784711080137E+05
143          -40.70370000  -20.04910000  6.906200E+02  9.784718906502E+05
144          -40.55790000  -20.08630000  2.093000E+02  9.785809183841E+05
145          -40.10110000  -18.60270000  8.245000E+01  9.785345816975E+05
146          -39.97340000  -18.50810000  6.246000E+01  9.785419560035E+05
147          -39.84200000  -18.72610000  1.257000E+01  9.785592348112E+05
148          -39.80650000  -18.77260000 -6.800000E-01  9.785691064176E+05
149          -39.80470000  -18.82130000 -8.000000E-01  9.785747436565E+05
150          -39.80060000  -18.87810000 -1.800000E+00  9.785784303352E+05
151          -39.78610000  -18.92070000 -3.840000E+00  9.785800391495E+05
152          -39.75750000  -18.97380000 -4.350000E+00  9.785815022094E+05
153          -40.14170000  -18.66950000  9.090000E+01  9.785349454705E+05
154          -39.70860000  -18.41980000 -2.020000E+00  9.785398766236E+05
155          -39.76050000  -18.37890000  6.060000E+00  9.785373421332E+05
156          -39.80660000  -18.32320000  3.016000E+01  9.785354695159E+05
157          -39.85980000  -18.32250000  4.008000E+01  9.785365514704E+05
158          -39.91200000  -18.30890000 -2.590000E+00  9.785477320303E+05
159          -39.88680000  -18.46700000  4.406000E+01  9.785422988183E+05
160          -39.84180000  -18.50740000  3.223000E+01  9.785403391110E+05
161          -39.79630000  -18.53890000  1.756000E+01  9.785429072515E+05
162          -39.75250000  -18.56770000 -1.180000E+00  9.785481523556E+05
163          -39.73060000  -18.59520000 -3.560000E+00  9.785484925280E+05
164          -40.13060000  -18.06440000  1.093000E+02  9.784854913439E+05
165          -40.15540000  -18.02440000  1.090200E+02  9.784834280087E+05
166          -40.09110000  -18.10490000  1.057400E+02  9.784902336063E+05
167          -40.08960000  -18.16190000  9.026000E+01  9.784976156548E+05
168          -40.06060000  -18.20230000  8.040000E+01  9.785043506078E+05
169          -40.02090000  -18.23060000  7.411000E+01  9.785132137286E+05
170          -39.99240000  -18.28160000  6.367000E+01  9.785243891513E+05
171          -40.44130000  -18.28180000  1.819300E+02  9.784704562887E+05
172          -40.48690000  -18.25290000  2.434500E+02  9.784478042460E+05
173          -40.52390000  -18.16520000  2.183100E+02  9.784529474735E+05
174          -40.54250000  -18.05590000  2.039900E+02  9.784505370143E+05
175          -40.55480000  -17.94370000  2.448700E+02  9.784353558671E+05
176          -40.49800000  -17.91780000  2.007600E+02  9.784452604046E+05
177          -40.83480000  -18.47940000  2.201500E+02  9.784659149167E+05
178          -40.74990000  -18.63150000  1.346400E+02  9.784899090401E+05
179          -40.88400000  -18.34160000  4.290900E+02  9.784083580830E+05
180          -40.75880000  -18.29690000  1.869300E+02  9.784591905043E+05
181          -40.53010000  -18.21860000  1.869400E+02  9.784630220040E+05
182          -41.19270000  -18.83300000  4.722200E+02  9.784104687819E+05
183          -41.13750000  -18.84770000  3.866400E+02  9.784529117855E+05
184          -41.08740000  -18.88150000  6.579300E+02  9.783843999742E+05
185          -41.03530000  -18.96250000  6.898600E+02  9.783858657606E+05
186          -41.02960000  -19.01590000  5.944800E+02  9.784117173983E+05
187          -41.00790000  -19.06970000  5.064300E+02  9.784364055406E+05
188          -40.96040000  -19.09430000  4.937700E+02  9.784435227903E+05
189          -40.89980000  -19.11200000  3.699700E+02  9.784827670149E+05
190          -40.77240000  -19.03220000  1.193200E+02  9.785251565113E+05
191          -40.64930000  -18.37570000  1.702600E+02  9.784690930438E+05
192          -40.68620000  -18.40630000  1.514800E+02  9.784795930525E+05
193          -40.69040000  -18.45550000  1.651100E+02  9.784787106488E+05
194          -40.74800000  -18.17010000  1.580100E+02  9.784637845813E+05
195          -40.75260000  -18.12150000  1.876500E+02  9.784538995898E+05
196          -40.77400000  -18.06590000  1.869400E+02  9.784564867695E+05
197          -40.53650000  -19.01760000  1.026700E+02  9.785323595599E+05
198          -40.37150000  -18.67070000  1.592200E+02  9.785043778119E+05
199          -40.32120000  -18.64560000  9.875000E+01  9.785260353175E+05
200          -40.27540000  -18.61160000  1.111100E+02  9.785217759761E+05
201          -40.29040000  -18.54280000  1.236300E+02  9.785094789601E+05
202          -40.26770000  -18.49580000  6.573000E+01  9.785223585183E+05
203          -40.77480000  -18.00440000  2.350300E+02  9.784434646208E+05
204          -40.63710000  -18.32310000  1.323600E+02  9.784739627081E+05
205          -40.66220000  -18.49440000  1.534800E+02  9.784828069598E+05
206          -40.63270000  -19.21420000  1.537500E+02  9.785369538246E+05
207          -40.38750000  -18.43100000  1.355500E+02  9.784976674756E+05
208          -40.35830000  -18.37300000  1.492100E+02  9.784892206940E+05
209          -40.40420000  -18.32530000  1.763400E+02  9.784763329611E+05
210          -40.37720000  -18.71700000  4.775000E+01  9.785408937677E+05
211          -40.32160000  -18.71660000  4.255000E+01  9.785455577937E+05
212          -40.26370000  -18.73070000  1.132300E+02  9.785305087337E+05
213          -40.20640000  -18.72920000  1.035200E+02  9.785364511455E+05
214          -40.15700000  -18.71520000  9.447000E+01  9.785388656706E+05
215          -40.10420000  -18.71830000  8.414000E+01  9.785424441067E+05
216          -40.05120000  -18.70440000  7.081000E+01  9.785442157133E+05
217          -39.99640000  -18.69950000  6.263000E+01  9.785442463205E+05
218          -39.93740000  -18.69660000  4.979000E+01  9.785448666356E+05
219          -40.47910000  -18.62770000  1.685500E+02  9.784961788618E+05
220          -40.52970000  -18.61090000  2.056100E+02  9.784827271413E+05
221          -40.57420000  -18.59730000  1.470400E+02  9.784984059445E+05
222          -40.63080000  -18.62030000  1.587600E+02  9.784910343072E+05
223          -40.68110000  -18.63980000  1.256000E+02  9.784978815637E+05
224          -40.72600000  -18.60790000  1.407600E+02  9.784877072945E+05
225          -40.23440000  -18.09620000  1.490200E+02  9.784789138417E+05
226          -40.27430000  -18.08340000  1.478500E+02  9.784785702375E+05
227          -40.32260000  -18.12640000  1.851700E+02  9.784674594956E+05
228          -40.25650000  -18.36720000  1.331600E+02  9.784906226374E+05
229          -40.31040000  -18.35430000  1.406800E+02  9.784872391592E+05
230          -40.35380000  -18.33360000  1.301000E+02  9.784906162640E+05
231          -40.64910000  -18.21920000  1.435700E+02  9.784659859615E+05
232          -40.60360000  -18.20510000  1.811800E+02  9.784585296130E+05
233          -40.58120000  -19.23360000  1.579400E+02  9.785401425377E+05
234          -40.52200000  -19.23670000  1.604100E+02  9.785420228722E+05
235          -40.45810000  -19.25020000  1.468900E+02  9.785540055732E+05
236          -40.40600000  -18.06020000  1.884000E+02  9.784602388387E+05
237          -40.39780000  -18.00810000  1.547500E+02  9.784666035133E+05
238          -40.38960000  -17.96270000  1.453800E+02  9.784661609408E+05
239          -40.36950000  -17.92510000  1.619400E+02  9.784590820601E+05
240          -40.18800000  -18.09880000  1.380100E+02  9.784810171645E+05
241          -40.13450000  -18.11940000  1.091700E+02  9.784897396087E+05
242          -39.84600000  -18.93130000  3.680000E+00  9.785770565149E+05
243          -40.27660000  -18.99380000  6.852000E+01  9.785577325731E+05
244          -40.24340000  -19.04020000  9.326000E+01  9.785532278814E+05
245          -40.21750000  -19.08360000  1.302900E+02  9.785432054734E+05
246          -40.19080000  -19.11700000  8.616000E+01  9.785559246219E+05
247          -40.14180000  -19.08790000  7.101000E+01  9.785633597123E+05
248          -39.83930000  -18.99330000 -3.380000E+00  9.785813717341E+05
249          -39.82040000  -19.04470000 -4.260000E+00  9.785838788834E+05
250          -39.79320000  -19.09850000 -5.560000E+00  9.785886463351E+05
251          -39.75850000  -19.12700000 -5.650000E+00  9.785949902975E+05
252          -40.08520000  -19.07260000  5.375000E+01  9.785686309647E+05
253          -40.02970000  -18.91670000  4.739000E+01  9.785642110680E+05
254          -40.14580000  -18.90450000  7.388000E+01  9.785577070033E+05
255          -40.19760000  -18.89600000  1.442600E+02  9.785340053992E+05
256          -40.25640000  -18.92710000  1.221800E+02  9.785402432346E+05
257          -40.24960000  -18.44170000  1.340300E+02  9.784988001466E+05
258          -40.42270000  -18.63790000  1.732200E+02  9.784977453652E+05
259          -40.45040000  -18.55000000  1.014200E+02  9.785143347581E+05
260          -40.46480000  -18.49500000  9.888000E+01  9.785109525656E+05
261          -40.39940000  -18.48610000  1.539500E+02  9.784928571195E+05
262          -41.13460000  -20.02970000  2.878000E+02  9.785241887397E+05
263          -40.37560000  -20.29030000 -2.020000E+00  9.786264212428E+05
264          -40.68000000  -18.53860000  1.743900E+02  9.784750620810E+05
265          -40.70870000  -18.57370000  1.717200E+02  9.784760962738E+05
266          -40.94460000  -18.33770000  2.853200E+02  9.784504604265E+05
267          -41.00240000  -18.33600000  2.436200E+02  9.784533293567E+05
268          -41.00360000  -18.28420000  2.415500E+02  9.784436351348E+05
269          -41.02640000  -18.23140000  2.139300E+02  9.784482324968E+05
270          -41.03750000  -18.18060000  1.914400E+02  9.784535830503E+05
271          -40.63870000  -18.40630000  1.489100E+02  9.784799783827E+05
272          -40.60190000  -18.45260000  1.787300E+02  9.784742894987E+05
273          -40.51900000  -18.43280000  1.770600E+02  9.784805374393E+05
274          -40.47960000  -18.46140000  1.686100E+02  9.784875242216E+05
275          -41.03100000  -18.43080000  4.033200E+02  9.784190730718E+05
276          -41.01430000  -18.47620000  3.629600E+02  9.784309029101E+05
277          -40.98760000  -18.52560000  2.012100E+02  9.784751078109E+05
278          -40.38960000  -19.16370000  9.088000E+01  9.785541085791E+05
279          -40.43320000  -18.58700000  9.738000E+01  9.785188352801E+05
280          -40.55520000  -18.00620000  2.570700E+02  9.784321273907E+05
281          -40.10170000  -18.36120000  8.009000E+01  9.785165597123E+05
282          -40.15830000  -18.38260000  9.805000E+01  9.785078150690E+05
283          -40.03910000  -18.34250000  7.226000E+01  9.785267254001E+05
284          -39.97780000  -18.33190000  6.134000E+01  9.785318326492E+05
285          -40.10090000  -18.54810000  8.579000E+01  9.785332008316E+05
286          -40.94120000  -20.40880000  9.922100E+02  9.784273285299E+05
287          -41.20600000  -20.25910000  7.171200E+02  9.784673521645E+05
288          -41.12210000  -19.96550000  2.653700E+02  9.785132581732E+05
289          -40.36040000  -19.20690000  1.593900E+02  9.785360651919E+05
290          -40.31490000  -18.83870000  9.425000E+01  9.785403173108E+05
291          -40.28340000  -18.90580000  1.765000E+02  9.785206052215E+05
292          -40.31390000  -18.95190000  1.515200E+02  9.785289239049E+05
293          -40.36630000  -18.96850000  1.063600E+02  9.785408983984E+05
294          -40.42010000  -19.20330000  1.358600E+02  9.785428295531E+05
295          -40.33930000  -19.16120000  8.635000E+01  9.785591759844E+05
296          -40.86950000  -18.18200000  1.695200E+02  9.784637606625E+05
297          -40.45360000  -18.98350000  1.335300E+02  9.785294909103E+05
298          -40.50890000  -19.00140000  1.529800E+02  9.785177443603E+05
299          -40.72790000  -19.28110000  8.312000E+01  9.785445114621E+05
300          -40.76590000  -19.24710000  8.653000E+01  9.785451484625E+05
301          -39.89320000  -18.90360000  8.170000E+00  9.785735569087E+05
302          -41.73150000  -20.85040000  5.900300E+02  9.785300920739E+05
303          -41.73360000  -20.80950000  6.217900E+02  9.785162383644E+05
304          -41.81050000  -20.77110000  6.903000E+02  9.785001229727E+05
305          -41.26870000  -21.22740000  3.320000E+00  9.786998908638E+05
306          -41.22680000  -21.21910000  4.610000E+00  9.786968253036E+05
307          -41.19150000  -21.22460000  3.320000E+00  9.786939222622E+05
308          -41.14590000  -21.22270000  3.910000E+00  9.786904907618E+05
309          -41.02720000  -18.37420000  2.811600E+02  9.784492297634E+05
310          -41.64320000  -21.10290000  1.096500E+02  9.786511546708E+05
311          -41.60270000  -21.14370000  8.880000E+01  9.786566467972E+05
312          -41.56460000  -21.14370000  7.672000E+01  9.786647872436E+05
313          -41.47810000  -21.18070000  5.090000E+01  9.786816598644E+05
314          -41.43430000  -21.19470000  5.199000E+01  9.786824683437E+05
315          -41.40140000  -21.19130000  5.294000E+01  9.786812880623E+05
316          -41.35660000  -21.18580000  4.878000E+01  9.786803717665E+05
317          -40.85500000  -20.82540000  7.760000E+00  9.786614103273E+05
318          -41.64471000  -20.34526000  7.958680E+02  9.784411570836E+05
319          -40.09342000  -19.21995000  5.100900E+01  9.785702947209E+05
320          -41.16275000  -20.76977000  6.476700E+01  9.786313007063E+05
321          -41.47312000  -20.74951000  1.081450E+02  9.786258979474E+05
322          -41.02553000  -21.11525000  1.959900E+01  9.786807139418E+05
323          -40.27537000  -20.23314000  2.589000E+01  9.786215923110E+05
324          -41.36392000  -20.25689000  1.050764E+03  9.783729141137E+05
325          -41.02347000  -20.38209000  1.076679E+03  9.784013436842E+05
326          -40.60088000  -19.93411000  6.445280E+02  9.784881345724E+05
327          -40.88974000  -18.75059000  2.027100E+02  9.784728373022E+05
328          -40.42817000  -18.69199000  1.511620E+02  9.785064885409E+05
329          -40.81957000  -18.38061000  2.251860E+02  9.784559257130E+05
330          -40.26803000  -20.21250000  3.008500E+01  9.786197921275E+05
331          -39.87619000  -18.71172000  3.622100E+01  9.785496384433E+05
332          -40.62554000  -19.15424000  1.285120E+02  9.785321019289E+05
333          -40.36364000  -18.13316000  1.798160E+02  9.784686951989E+05
334          -40.09138000  -18.90365000  6.519500E+01  9.785600305333E+05
335          -40.22627000  -19.63165000  6.093400E+01  9.785746090219E+05
336          -40.37948000  -18.98960000  9.714200E+01  9.785427503324E+05
337          -40.86754000  -19.88745000  1.779440E+02  9.785478574779E+05
338          -40.67634000  -19.48096000  1.197450E+02  9.785519584312E+05
339          -40.02923000  -19.05149000  4.022400E+01  9.785690153919E+05
