LONG(deg) 	 LAT(deg) 	 ALT_GEOM(m) 	 GRAV(mGal)
-41.6954 	 -20.3111 	 834.86 	 978430.53
-41.7606 	 -20.284 	 580.51 	 978481.32
-39.9483 	 -18.8386 	 43.86 	 978557.9
-40.1347 	 -18.9543 	 66.55 	 978553.15
-40.1612 	 -19.0232 	 69.26 	 978555.25
-40.1678 	 -19.1789 	 72.13 	 978560.67
-40.1451 	 -19.2348 	 62.57 	 978565.69
-40.1024 	 -19.2725 	 46.53 	 978571.43
-40.9078 	 -20.8665 	 15.26 	 978647.41
-40.4796 	 -20.5242 	 16.26 	 978646.68
-40.491 	 -20.582 	 8.52 	 978652.07
-40.5303 	 -20.6281 	 13.05 	 978652.18
-40.5876 	 -20.6599 	 29.87 	 978645.72
-40.652 	 -20.6625 	 3.37 	 978643.99
-40.7109 	 -20.6974 	 57.5 	 978631.49
-40.7604 	 -20.7396 	 22.53 	 978639.44
-40.8043 	 -20.7913 	 3.42 	 978651.79
-40.2964 	 -19.8976 	 64.37 	 978593.28
-40.2724 	 -19.9564 	 -2.87 	 978619.82
-40.2404 	 -20.0079 	 36.07 	 978612.21
-40.4908 	 -20.6466 	 1.44 	 978660.62
-40.2972 	 -20.3039 	 -5.33 	 978648.22
-40.2982 	 -20.3619 	 -0.49 	 978652.37
-40.3285 	 -20.4169 	 -2.43 	 978653.53
-40.3792 	 -20.453 	 15.38 	 978649.13
-40.4342 	 -20.4793 	 37.24 	 978641.27
-40.2578 	 -19.6772 	 26.13 	 978589.0
-40.2785 	 -19.721 	 91.3 	 978578.37
-40.2818 	 -19.7826 	 74.73 	 978586.41
-40.2712 	 -19.8402 	 47.37 	 978595.72
-40.5281 	 -20.0992 	 9.97 	 978602.97
-40.4507 	 -20.1199 	 4.34 	 978614.4
-41.4883 	 -20.7531 	 108.45 	 978599.57
-41.4994 	 -20.7581 	 140.06 	 978592.63
-40.9663 	 -20.8789 	 6.32 	 978648.74
-41.0231 	 -20.8987 	 31.94 	 978644.03
-41.1601 	 -21.0265 	 27.96 	 978653.12
-41.2224 	 -21.0672 	 15.15 	 978655.89
-41.6397 	 -20.5984 	 686.61 	 978469.04
-41.6674 	 -20.5409 	 736.51 	 978453.52
-41.6052 	 -20.5108 	 774.24 	 978446.13
-41.5879 	 -20.4411 	 761.44 	 978445.81
-41.5372 	 -20.3801 	 648.04 	 978467.19
-41.5465 	 -20.3269 	 646.84 	 978461.68
-41.5949 	 -20.3584 	 692.78 	 978453.64
-41.2668 	 -21.1159 	 23.23 	 978659.32
-41.2977 	 -21.1758 	 16.97 	 978666.22
-41.5325 	 -20.7628 	 244.21 	 978574.83
-41.59 	 -20.7006 	 515.68 	 978510.39
-41.6195 	 -20.6421 	 687.15 	 978472.73
-40.8176 	 -20.4188 	 794.03 	 978459.85
-40.8796 	 -20.4202 	 821.47 	 978450.14
-41.0157 	 -20.3941 	 1101.46 	 978380.49
-41.0621 	 -20.3647 	 921.94 	 978417.87
-41.1337 	 -20.3277 	 730.1 	 978446.91
-41.1848 	 -20.3372 	 710.72 	 978449.17
-41.2235 	 -20.3158 	 712.59 	 978446.66
-41.2273 	 -20.2947 	 978.93 	 978392.86
-41.1993 	 -20.2144 	 534.87 	 978472.53
-41.1929 	 -20.1844 	 519.82 	 978472.25
-41.1448 	 -20.1519 	 437.19 	 978489.1
-41.131 	 -20.1197 	 392.41 	 978497.11
-41.1221 	 -20.0738 	 348.38 	 978503.2
-41.0876 	 -19.9233 	 195.64 	 978527.82
-41.0568 	 -19.9002 	 197.72 	 978530.01
-41.0829 	 -19.8605 	 208.95 	 978525.18
-41.1107 	 -19.8252 	 221.44 	 978519.37
-41.0471 	 -19.8444 	 176.62 	 978532.54
-40.9898 	 -19.8499 	 221.49 	 978524.61
-40.9604 	 -19.8791 	 252.96 	 978522.65
-40.9057 	 -19.8441 	 166.55 	 978540.32
-40.8123 	 -19.9191 	 364.56 	 978504.91
-40.7368 	 -19.961 	 680.64 	 978455.35
-41.0382 	 -20.0585 	 668.89 	 978444.26
-41.004 	 -20.1247 	 1062.13 	 978373.76
-40.9493 	 -20.1538 	 992.25 	 978396.04
-40.4262 	 -20.1916 	 65.76 	 978611.27
-40.6846 	 -19.9316 	 824.29 	 978430.18
-40.5526 	 -19.9533 	 633.81 	 978474.87
-40.5118 	 -19.9597 	 505.05 	 978499.22
-40.489 	 -19.9369 	 311.42 	 978534.56
-40.4323 	 -19.9355 	 91.84 	 978582.74
-40.4053 	 -19.9331 	 46.88 	 978594.78
-40.4944 	 -20.39 	 33.38 	 978627.33
-40.4598 	 -20.3827 	 8.91 	 978634.98
-40.3689 	 -20.2206 	 -0.65 	 978630.06
-40.3314 	 -20.2161 	 -0.7 	 978630.46
-40.8862 	 -20.1538 	 976.56 	 978401.44
-40.8851 	 -20.103 	 888.68 	 978414.48
-40.8357 	 -20.0677 	 810.74 	 978429.7
-40.7829 	 -20.0622 	 749.56 	 978444.1
-40.7835 	 -20.0849 	 797.79 	 978438.12
-40.7987 	 -20.1461 	 906.37 	 978419.76
-40.7601 	 -20.1891 	 832.04 	 978439.51
-40.8173 	 -20.233 	 728.95 	 978458.72
-40.804 	 -20.3169 	 691.18 	 978473.74
-40.7879 	 -20.3769 	 827.35 	 978452.97
-40.6646 	 -20.0516 	 648.1 	 978472.6
-40.6398 	 -20.0738 	 565.31 	 978489.25
-40.6068 	 -20.0799 	 391.05 	 978527.83
-40.6742 	 -20.4094 	 537.86 	 978519.71
-39.9955 	 -18.8827 	 38.9 	 978563.88
-41.1307 	 -20.3299 	 730.6 	 978447.35
-40.8329 	 -19.0467 	 125.78 	 978511.73
-40.4612 	 -19.9322 	 170.49 	 978564.96
-40.4076 	 -20.3444 	 18.59 	 978634.53
-40.9305 	 -18.307 	 259.05 	 978438.85
-40.5683 	 -18.1684 	 213.53 	 978453.44
-40.9107 	 -18.2509 	 227.53 	 978442.74
-40.8647 	 -18.2464 	 198.03 	 978448.69
-40.9499 	 -18.5717 	 214.97 	 978461.4
-40.9388 	 -18.6312 	 178.95 	 978474.26
-40.9116 	 -18.6793 	 167.64 	 978476.68
-40.8785 	 -18.804 	 196.83 	 978479.8
-40.9226 	 -18.8362 	 231.07 	 978472.4
-40.9249 	 -18.8877 	 382.89 	 978441.04
-40.9584 	 -18.921 	 529.39 	 978414.65
-41.0099 	 -18.9022 	 601.16 	 978398.99
-41.0522 	 -18.924 	 627.78 	 978393.79
-40.8941 	 -19.0588 	 301.07 	 978475.46
-40.7947 	 -18.8101 	 167.28 	 978489.25
-40.6767 	 -19.0939 	 140.49 	 978520.77
-40.5384 	 -19.0228 	 163.73 	 978519.39
-40.4364 	 -18.7378 	 174.18 	 978501.68
-40.4749 	 -18.7777 	 85.46 	 978518.1
-40.4749 	 -18.8402 	 125.93 	 978518.38
-40.4943 	 -18.8843 	 98.39 	 978525.05
-40.5119 	 -18.942 	 175.38 	 978515.15
-40.5313 	 -18.9892 	 116.11 	 978527.92
-40.5414 	 -19.0699 	 146.73 	 978524.7
-40.5822 	 -19.1034 	 89.12 	 978536.87
-40.9044 	 -19.1718 	 303.73 	 978481.94
-40.8734 	 -19.2161 	 201.09 	 978502.93
-40.8144 	 -19.2337 	 99.52 	 978529.89
-40.2668 	 -18.7761 	 126.03 	 978527.45
-40.7156 	 -18.8315 	 151.86 	 978495.91
-40.6804 	 -18.7933 	 126.24 	 978499.78
-40.6238 	 -18.8086 	 120.79 	 978503.78
-40.578 	 -18.7856 	 145.64 	 978498.7
-40.5368 	 -18.7635 	 140.95 	 978502.96
-40.4896 	 -18.7581 	 101.18 	 978517.11
-40.8284 	 -18.4314 	 193.89 	 978462.86
-40.7037 	 -20.0491 	 690.62 	 978460.69
-40.5579 	 -20.0863 	 209.3 	 978561.37
-40.1011 	 -18.6027 	 82.45 	 978530.95
-39.9734 	 -18.5081 	 62.46 	 978533.25
-39.842 	 -18.7261 	 12.57 	 978558.28
-39.8065 	 -18.7726 	 -0.68 	 978563.84
-39.8047 	 -18.8213 	 -0.8 	 978566.88
-39.8006 	 -18.8781 	 -1.8 	 978566.95
-39.7861 	 -18.9207 	 -3.84 	 978567.06
-39.7575 	 -18.9738 	 -4.35 	 978571.83
-40.1417 	 -18.6695 	 90.9 	 978530.25
-39.7086 	 -18.4198 	 -2.02 	 978542.31
-39.7605 	 -18.3789 	 6.06 	 978542.0
-39.8066 	 -18.3232 	 30.16 	 978537.77
-39.8598 	 -18.3225 	 40.08 	 978533.85
-39.912 	 -18.3089 	 -2.59 	 978538.51
-39.8868 	 -18.467 	 44.06 	 978539.96
-39.8418 	 -18.5074 	 32.23 	 978543.07
-39.7963 	 -18.5389 	 17.56 	 978544.88
-39.7525 	 -18.5677 	 -1.18 	 978547.78
-39.7306 	 -18.5952 	 -3.56 	 978547.97
-40.1306 	 -18.0644 	 109.3 	 978485.97
-40.1554 	 -18.0244 	 109.02 	 978483.81
-40.0911 	 -18.1049 	 105.74 	 978492.36
-40.0896 	 -18.1619 	 90.26 	 978499.33
-40.0606 	 -18.2023 	 80.4 	 978504.64
-40.0209 	 -18.2306 	 74.11 	 978510.63
-39.9924 	 -18.2816 	 63.67 	 978518.42
-40.4413 	 -18.2818 	 181.93 	 978470.71
-40.4869 	 -18.2529 	 243.45 	 978455.51
-40.5239 	 -18.1652 	 218.31 	 978455.5
-40.5425 	 -18.0559 	 203.99 	 978451.49
-40.5548 	 -17.9437 	 244.87 	 978434.34
-40.498 	 -17.9178 	 200.76 	 978443.42
-40.8348 	 -18.4794 	 220.15 	 978459.4
-40.7499 	 -18.6315 	 134.64 	 978487.79
-40.884 	 -18.3416 	 429.09 	 978409.88
-40.7588 	 -18.2969 	 186.93 	 978458.15
-40.5301 	 -18.2186 	 186.94 	 978463.22
-41.1927 	 -18.833 	 472.22 	 978419.66
-41.1375 	 -18.8477 	 386.64 	 978439.22
-41.0874 	 -18.8815 	 657.93 	 978387.56
-41.0353 	 -18.9625 	 689.86 	 978381.31
-41.0296 	 -19.0159 	 594.48 	 978409.32
-41.0079 	 -19.0697 	 506.43 	 978430.45
-40.9604 	 -19.0943 	 493.77 	 978436.12
-40.8998 	 -19.112 	 369.97 	 978465.79
-40.7724 	 -19.0322 	 119.32 	 978513.46
-40.6493 	 -18.3757 	 170.26 	 978469.42
-40.6862 	 -18.4063 	 151.48 	 978473.62
-40.6904 	 -18.4555 	 165.11 	 978473.32
-40.748 	 -18.1701 	 158.01 	 978458.29
-40.7526 	 -18.1215 	 187.65 	 978448.13
-40.774 	 -18.0659 	 186.94 	 978445.65
-40.5365 	 -19.0176 	 102.67 	 978532.12
-40.3715 	 -18.6707 	 159.22 	 978504.47
-40.3212 	 -18.6456 	 98.75 	 978519.59
-40.2754 	 -18.6116 	 111.11 	 978517.06
-40.2904 	 -18.5428 	 123.63 	 978508.24
-40.2677 	 -18.4958 	 65.73 	 978518.16
-40.7748 	 -18.0044 	 235.03 	 978431.98
-40.6371 	 -18.3231 	 132.36 	 978474.4
-40.6622 	 -18.4944 	 153.48 	 978477.81
-40.6327 	 -19.2142 	 153.75 	 978527.67
-40.3875 	 -18.431 	 135.55 	 978492.14
-40.3583 	 -18.373 	 149.21 	 978488.97
-40.4042 	 -18.3253 	 176.34 	 978478.07
-40.3772 	 -18.717 	 47.75 	 978527.71
-40.3216 	 -18.7166 	 42.55 	 978534.86
-40.2637 	 -18.7307 	 113.23 	 978525.09
-40.2064 	 -18.7292 	 103.52 	 978530.88
-40.157 	 -18.7152 	 94.47 	 978535.1
-40.1042 	 -18.7183 	 84.14 	 978540.03
-40.0512 	 -18.7044 	 70.81 	 978541.36
-39.9964 	 -18.6995 	 62.63 	 978541.65
-39.9374 	 -18.6966 	 49.79 	 978546.02
-40.4791 	 -18.6277 	 168.55 	 978492.34
-40.5297 	 -18.6109 	 205.61 	 978480.17
-40.5742 	 -18.5973 	 147.04 	 978488.87
-40.6308 	 -18.6203 	 158.76 	 978487.08
-40.6811 	 -18.6398 	 125.6 	 978491.72
-40.726 	 -18.6079 	 140.76 	 978487.1
-40.2344 	 -18.0962 	 149.02 	 978476.72
-40.2743 	 -18.0834 	 147.85 	 978477.24
-40.3226 	 -18.1264 	 185.17 	 978469.71
-40.2565 	 -18.3672 	 133.16 	 978497.51
-40.3104 	 -18.3543 	 140.68 	 978493.45
-40.3538 	 -18.3336 	 130.1 	 978492.81
-40.6491 	 -18.2192 	 143.57 	 978467.12
-40.6036 	 -18.2051 	 181.18 	 978460.43
-40.5812 	 -19.2336 	 157.94 	 978529.77
-40.522 	 -19.2367 	 160.41 	 978531.71
-40.4581 	 -19.2502 	 146.89 	 978535.13
-40.406 	 -18.0602 	 188.4 	 978461.56
-40.3978 	 -18.0081 	 154.75 	 978464.65
-40.3896 	 -17.9627 	 145.38 	 978463.32
-40.3695 	 -17.9251 	 161.94 	 978455.97
-40.188 	 -18.0988 	 138.01 	 978479.89
-40.1345 	 -18.1194 	 109.17 	 978487.84
-39.846 	 -18.9313 	 3.68 	 978569.95
-40.2766 	 -18.9938 	 68.52 	 978549.92
-40.2434 	 -19.0402 	 93.26 	 978545.2
-40.2175 	 -19.0836 	 130.29 	 978541.2
-40.1908 	 -19.117 	 86.16 	 978554.77
-40.1418 	 -19.0879 	 71.01 	 978559.77
-39.8393 	 -18.9933 	 -3.38 	 978571.8
-39.8204 	 -19.0447 	 -4.26 	 978575.37
-39.7932 	 -19.0985 	 -5.56 	 978579.39
-39.7585 	 -19.127 	 -5.65 	 978584.69
-40.0852 	 -19.0726 	 53.75 	 978563.82
-40.0297 	 -18.9167 	 47.39 	 978561.78
-40.1458 	 -18.9045 	 73.88 	 978551.32
-40.1976 	 -18.896 	 144.26 	 978532.9
-40.2564 	 -18.9271 	 122.18 	 978538.26
-40.2496 	 -18.4417 	 134.03 	 978500.85
-40.4227 	 -18.6379 	 173.22 	 978496.73
-40.4504 	 -18.55 	 101.42 	 978502.15
-40.4648 	 -18.495 	 98.88 	 978498.59
-40.3994 	 -18.4861 	 153.95 	 978490.98
-41.1346 	 -20.0297 	 287.8 	 978510.23
-40.3756 	 -20.2903 	 -2.02 	 978636.16
-40.68 	 -18.5386 	 174.39 	 978476.14
-40.7087 	 -18.5737 	 171.72 	 978478.82
-40.9446 	 -18.3377 	 285.32 	 978433.95
-41.0024 	 -18.336 	 243.62 	 978441.65
-41.0036 	 -18.2842 	 241.55 	 978438.22
-41.0264 	 -18.2314 	 213.93 	 978439.23
-41.0375 	 -18.1806 	 191.44 	 978438.47
-40.6387 	 -18.4063 	 148.91 	 978475.07
-40.6019 	 -18.4526 	 178.73 	 978473.0
-40.519 	 -18.4328 	 177.06 	 978474.57
-40.4796 	 -18.4614 	 168.61 	 978480.96
-41.031 	 -18.4308 	 403.32 	 978412.55
-41.0143 	 -18.4762 	 362.96 	 978426.96
-40.9876 	 -18.5256 	 201.21 	 978456.94
-40.3896 	 -19.1637 	 90.88 	 978544.74
-40.4332 	 -18.587 	 97.38 	 978509.31
-40.5552 	 -18.0062 	 257.07 	 978436.23
-40.1017 	 -18.3612 	 80.09 	 978515.63
-40.1583 	 -18.3826 	 98.05 	 978510.61
-40.0391 	 -18.3425 	 72.26 	 978519.46
-39.9778 	 -18.3319 	 61.34 	 978523.91
-40.1009 	 -18.5481 	 85.79 	 978525.0
-40.9412 	 -20.4088 	 992.21 	 978409.23
-41.206 	 -20.2591 	 717.12 	 978445.34
-41.1221 	 -19.9655 	 265.37 	 978512.94
-40.3604 	 -19.2069 	 159.39 	 978533.95
-40.3149 	 -18.8387 	 94.25 	 978534.14
-40.2834 	 -18.9058 	 176.5 	 978523.81
-40.3139 	 -18.9519 	 151.52 	 978528.94
-40.3663 	 -18.9685 	 106.36 	 978536.0
-40.4201 	 -19.2033 	 135.86 	 978535.96
-40.3393 	 -19.1612 	 86.35 	 978545.08
-40.8695 	 -18.182 	 169.52 	 978449.53
-40.4536 	 -18.9835 	 133.53 	 978527.18
-40.5089 	 -19.0014 	 152.98 	 978521.59
-40.7279 	 -19.2811 	 83.12 	 978544.59
-40.7659 	 -19.2471 	 86.53 	 978538.91
-39.8932 	 -18.9036 	 8.17 	 978569.6
-41.7315 	 -20.8504 	 590.03 	 978511.93
-41.7336 	 -20.8095 	 621.79 	 978502.1
-41.8105 	 -20.7711 	 690.3 	 978488.41
-41.2687 	 -21.2274 	 3.32 	 978675.32
-41.2268 	 -21.2191 	 4.61 	 978674.34
-41.1915 	 -21.2246 	 3.32 	 978678.07
-41.1459 	 -21.2227 	 3.91 	 978682.7
-41.0272 	 -18.3742 	 281.16 	 978432.45
-41.6432 	 -21.1029 	 109.65 	 978635.9
-41.6027 	 -21.1437 	 88.8 	 978645.06
-41.5646 	 -21.1437 	 76.72 	 978649.28
-41.4781 	 -21.1807 	 50.9 	 978656.53
-41.4343 	 -21.1947 	 51.99 	 978661.04
-41.4014 	 -21.1913 	 52.94 	 978659.29
-41.3566 	 -21.1858 	 48.78 	 978659.39
-40.855 	 -20.8254 	 7.76 	 978646.75
-41.64471 	 -20.34526 	 795.868 	 978432.4
-40.09342 	 -19.21995 	 51.009 	 978569.28
-41.16275 	 -20.76977 	 64.767 	 978620.89
-41.47312 	 -20.74951 	 108.145 	 978599.81
-41.02553 	 -21.11525 	 19.599 	 978677.32
-40.27537 	 -20.23314 	 25.89 	 978630.75
-41.36392 	 -20.25689 	 1050.764 	 978382.05
-41.02347 	 -20.38209 	 1076.679 	 978388.59
-40.60088 	 -19.93411 	 644.528 	 978469.43
-40.88974 	 -18.75059 	 202.71 	 978473.58
-40.42817 	 -18.69199 	 151.162 	 978503.53
-40.81957 	 -18.38061 	 225.186 	 978454.06
-40.26803 	 -20.2125 	 30.085 	 978632.18
-39.87619 	 -18.71172 	 36.221 	 978552.58
-40.62554 	 -19.15424 	 128.512 	 978529.96
-40.36364 	 -18.13316 	 179.816 	 978468.72
-40.09138 	 -18.90365 	 65.195 	 978553.84
-40.22627 	 -19.63165 	 60.934 	 978583.82
-40.37948 	 -18.9896 	 97.142 	 978538.27
-40.86754 	 -19.88745 	 177.944 	 978541.92
-40.67634 	 -19.48096 	 119.745 	 978547.11
-40.02923 	 -19.05149 	 40.224 	 978565.6
