        generated_by     ICGEM (hosted at GFZ-Potsdam)
     generating_date     2019/08/30
----------------------------------------------------------------------
           modelname     EIGEN-6C4
     max_used_degree          2190
----------------------------------------------------------------------
         tide_system     tide_free
    zero_degree_term     included
----------------------------------------------------------------------
          refsysname     WGS84
   max_degree_refpot             8
            gmrefpot      3.98600441800E+14[m**3/s**2]
        radiusrefpot     6378137.000 m
          flatrefpot      3.352810664747480E-03   (1/298.25722356300)
         omegarefpot      7.29211500000E-05 1/s
----------------------------------------------------------------------
    number_of_points           607
      latlimit_north      -1.2011000000000    
      latlimit_south      -6.5519000000000    
      longlimit_west      -47.960600000000    
      longlimit_east      -41.900100000000    
----------------------------------------------------------------------
description of columns -----------------------------------------------
 1 identifier (from input)
 2 longitude  (from input)    [degree]
 3 latitude   (from input)    [degree]
 4 h_over_ell (from input)     [meter]
 -------------------------------------
 5 gravity                      [mGal]  gravity(h)                        
----------------------------------------------------------------------

end_of_head ================================================================
1            -44.32780000   -4.72940000  1.118000E+02  9.779981667662E+05
2            -44.33030000   -4.75030000  9.831000E+01  9.780022669395E+05
3            -44.35640000   -4.89810000  9.461000E+01  9.780039788726E+05
4            -44.37310000   -4.91360000  9.644000E+01  9.780037959164E+05
5            -44.44280000   -5.04140000  1.181400E+02  9.780028146387E+05
6            -46.10190000   -1.20110000 -1.670000E+00  9.780485561033E+05
7            -43.95470000   -4.53670000  2.754000E+01  9.780065708340E+05
8            -43.88640000   -4.46470000  4.094000E+01  9.780060372917E+05
9            -44.45940000   -5.16940000  6.904000E+01  9.780155895701E+05
10           -44.45780000   -5.16720000  7.418000E+01  9.780141496530E+05
11           -44.49060000   -5.28420000  8.807000E+01  9.780123151477E+05
12           -44.47030000   -5.30830000  8.381000E+01  9.780145017474E+05
13           -44.48000000   -5.32530000  8.545000E+01  9.780144164990E+05
14           -44.33670000   -4.63780000  6.849000E+01  9.780062405308E+05
15           -46.57970000   -4.30890000  4.982000E+01  9.779920837751E+05
16           -46.75360000   -4.41280000  1.369900E+02  9.779683887446E+05
17           -46.82170000   -4.45080000  2.038600E+02  9.779482394618E+05
18           -46.85640000   -4.49640000  1.698900E+02  9.779590960048E+05
19           -46.89670000   -4.56060000  1.774700E+02  9.779575996598E+05
20           -46.98670000   -4.69280000  2.374500E+02  9.779419802323E+05
21           -47.04110000   -4.75250000  1.823500E+02  9.779662708590E+05
22           -47.10860000   -4.77670000  3.007800E+02  9.779325507304E+05
23           -47.24810000   -4.81440000  2.845000E+02  9.779552314746E+05
24           -47.31360000   -4.85530000  2.504000E+02  9.779690515629E+05
25           -47.37970000   -4.89030000  1.842500E+02  9.779855574223E+05
26           -46.23530000   -4.37080000  2.351100E+02  9.779384895079E+05
27           -46.23220000   -4.44390000  2.898400E+02  9.779267458952E+05
28           -46.19580000   -4.49810000  2.144300E+02  9.779583194097E+05
29           -46.19780000   -4.61470000  3.023800E+02  9.779319250131E+05
30           -46.22190000   -4.65810000  2.835800E+02  9.779372806009E+05
31           -46.20750000   -4.72640000  3.297800E+02  9.779327178878E+05
32           -46.16250000   -4.77310000  2.969100E+02  9.779420835013E+05
33           -46.08610000   -4.87690000  1.052000E+02  9.780024017346E+05
34           -44.95860000   -4.16420000  1.539000E+01  9.780167553125E+05
35           -44.93140000   -4.03000000  3.870000E+00  9.780116111694E+05
36           -44.88940000   -3.97940000 -4.120000E+00  9.780076794055E+05
37           -44.86030000   -3.91670000 -4.080000E+00  9.780016442234E+05
38           -44.89810000   -3.83560000 -1.426000E+01  9.779973263806E+05
39           -44.89170000   -2.70310000 -2.432000E+01  9.779846436121E+05
40           -44.94030000   -2.65860000 -1.170000E+00  9.779658317733E+05
41           -44.97390000   -2.59470000 -1.071000E+01  9.779556838324E+05
42           -45.42060000   -3.71590000  3.350000E+00  9.779849085776E+05
43           -45.47220000   -3.79360000 -2.100000E-01  9.779886950681E+05
44           -45.53190000   -3.85440000 -4.320000E+00  9.779935499574E+05
45           -45.59140000   -3.91030000  1.117000E+01  9.779926469835E+05
46           -45.66110000   -3.96890000  3.114000E+01  9.779907932909E+05
47           -45.73390000   -4.01000000  2.991000E+01  9.779916644233E+05
48           -45.80750000   -4.05720000 -1.630000E+00  9.780010044797E+05
49           -45.88670000   -4.08170000  4.811000E+01  9.779837392206E+05
50           -45.95140000   -4.07780000  1.677000E+01  9.779922532664E+05
51           -45.99830000   -4.13830000  1.868000E+01  9.779922703402E+05
52           -46.05390000   -4.19080000  3.431000E+01  9.779912540371E+05
53           -46.11890000   -4.16670000  7.016000E+01  9.779894893105E+05
54           -46.16780000   -4.22190000  2.457300E+02  9.779389055954E+05
55           -46.21830000   -4.28720000  2.374900E+02  9.779413226224E+05
56           -46.30000000   -4.31140000  2.439300E+02  9.779360499827E+05
57           -46.37890000   -4.35060000  1.879900E+02  9.779446634118E+05
58           -46.19890000   -4.24580000  2.682000E+02  9.779327709899E+05
59           -46.50280000   -4.30280000  8.179000E+01  9.779759491192E+05
60           -44.89780000   -2.75750000 -5.890000E+00  9.779882082614E+05
61           -44.84860000   -2.71830000 -2.127000E+01  9.779908607883E+05
62           -44.56060000   -5.11030000  7.742000E+01  9.780097409344E+05
63           -45.20500000   -2.64030000 -9.290000E+00  9.779577027086E+05
64           -45.16030000   -2.55610000 -5.900000E-01  9.779492877319E+05
65           -45.12530000   -2.53810000 -1.323000E+01  9.779533503937E+05
66           -47.48310000   -5.52220000  1.032700E+02  9.780082469919E+05
67           -47.48920000   -5.51170000  9.854000E+01  9.780103760579E+05
68           -47.49580000   -5.49140000  9.691000E+01  9.780123229555E+05
69           -47.48530000   -5.49580000  1.032000E+02  9.780098119266E+05
70           -47.47940000   -5.49970000  1.030200E+02  9.780094866151E+05
71           -44.65530000   -4.34310000  6.450000E+00  9.780072151097E+05
72           -44.66860000   -4.37530000  4.010000E+00  9.780068099054E+05
73           -44.33510000   -4.37320000  2.177000E+01  9.780092161667E+05
74           -44.45080000   -4.50280000  2.968000E+01  9.780074325319E+05
75           -44.50030000   -4.56440000  2.210000E+01  9.780090426536E+05
76           -44.57530000   -4.58110000  1.809000E+01  9.780114718942E+05
77           -46.02890000   -1.71390000  2.251000E+01  9.780165964651E+05
78           -46.00220000   -1.65250000  2.783000E+01  9.780166404915E+05
79           -46.00000000   -1.58500000  2.253000E+01  9.780211804966E+05
80           -46.01750000   -1.45780000  8.860000E+00  9.780296254988E+05
81           -46.03500000   -1.39080000 -5.080000E+00  9.780373455314E+05
82           -46.03670000   -1.32280000  4.630000E+00  9.780393226491E+05
83           -46.02030000   -1.20140000 -1.319000E+01  9.780531764706E+05
84           -45.70440000   -2.80220000  2.120000E+00  9.779996349609E+05
85           -45.72500000   -2.72530000  1.872000E+01  9.779922318144E+05
86           -45.77060000   -2.56110000  2.736000E+01  9.779819953862E+05
87           -45.83190000   -2.32920000  1.343000E+01  9.779756137069E+05
88           -45.91220000   -2.10060000  1.327000E+01  9.779834757259E+05
89           -45.99670000   -1.98580000  2.476000E+01  9.779970181138E+05
90           -45.69190000   -2.85140000 -3.830000E+00  9.780031711432E+05
91           -45.67000000   -2.93110000 -2.600000E-01  9.780027323300E+05
92           -45.64670000   -3.01810000  1.032000E+01  9.780002592709E+05
93           -45.64420000   -3.14530000  1.920000E+01  9.779953510898E+05
94           -45.65560000   -3.27690000  1.044000E+01  9.779900575675E+05
95           -45.66220000   -3.35440000  1.554000E+01  9.779857446319E+05
96           -45.66720000   -3.49220000  2.279000E+01  9.779772989363E+05
97           -45.50390000   -3.62970000 -1.210000E+00  9.779800088121E+05
98           -45.46560000   -3.65940000 -1.155000E+01  9.779845199866E+05
99           -45.37640000   -3.65580000 -3.670000E+00  9.779839749477E+05
100          -45.32470000   -3.69440000 -1.115000E+01  9.779914097449E+05
101          -45.18560000   -3.63940000 -2.720000E+00  9.779949887703E+05
102          -45.12140000   -3.60440000 -5.670000E+00  9.779963725154E+05
103          -44.90610000   -3.54720000 -3.540000E+00  9.779888561868E+05
104          -44.80250000   -3.45560000 -1.779000E+01  9.779924177755E+05
105          -44.75970000   -3.50640000 -1.133000E+01  9.779842503420E+05
106          -46.24610000   -1.78080000 -9.700000E+00  9.780323457282E+05
107          -46.18170000   -1.80640000 -5.210000E+00  9.780293620034E+05
108          -45.34940000   -2.97280000 -4.120000E+00  9.779915002292E+05
109          -45.28640000   -2.77470000 -8.780000E+00  9.779792078540E+05
110          -44.19610000   -2.47640000  2.009000E+01  9.779751644120E+05
111          -43.93530000   -4.27530000  2.088000E+01  9.780087642120E+05
112          -43.93580000   -4.25170000  2.089000E+01  9.780095149733E+05
113          -43.91890000   -4.23140000  1.719000E+01  9.780130137758E+05
114          -44.65220000   -3.58110000 -9.730000E+00  9.779814362012E+05
115          -44.86140000   -3.40470000 -1.756000E+01  9.780021568943E+05
116          -44.86830000   -3.33860000 -1.776000E+01  9.780088778356E+05
117          -44.90170000   -3.27610000 -1.861000E+01  9.780123806311E+05
118          -44.94280000   -3.22280000 -1.790000E+01  9.780113227326E+05
119          -45.00560000   -3.20170000 -1.670000E+01  9.780083204042E+05
120          -45.08080000   -3.10500000 -1.754000E+01  9.780025615194E+05
121          -45.02970000   -3.07560000 -1.620000E+00  9.779989046905E+05
122          -45.02670000   -3.01030000 -1.029000E+01  9.780021093434E+05
123          -46.11030000   -1.81970000  1.849000E+01  9.780184600383E+05
124          -46.06560000   -1.77360000  3.996000E+01  9.780115188106E+05
125          -44.35780000   -3.39280000 -4.860000E+00  9.779938912880E+05
126          -44.36580000   -3.38580000 -9.410000E+00  9.779948449552E+05
127          -44.39530000   -3.36560000 -8.600000E-01  9.779909095822E+05
128          -44.41280000   -3.35190000 -9.000000E-02  9.779901622114E+05
129          -44.42830000   -3.34140000  4.800000E+00  9.779878438309E+05
130          -44.48810000   -3.37940000  3.271000E+01  9.779690899853E+05
131          -44.49440000   -3.38780000  2.605000E+01  9.779699881514E+05
132          -44.08470000   -4.08190000  5.865000E+01  9.780027835996E+05
133          -44.34390000   -4.57030000  5.602000E+01  9.780038160051E+05
134          -44.34530000   -4.58360000  6.072000E+01  9.780034436999E+05
135          -44.34280000   -4.61030000  6.048000E+01  9.780059690374E+05
136          -43.08610000   -4.97940000  1.421600E+02  9.779954436953E+05
137          -44.12940000   -4.12610000  7.740000E+00  9.780156697212E+05
138          -43.87470000   -4.63030000  7.559000E+01  9.780009065273E+05
139          -44.78560000   -2.44940000 -9.210000E+00  9.779627639391E+05
140          -44.18000000   -3.48940000  2.912000E+01  9.780080770772E+05
141          -43.02890000   -4.27060000  3.718000E+01  9.780171460848E+05
142          -45.07240000   -2.51560000 -1.272000E+01  9.779524615131E+05
143          -44.93920000   -2.57940000 -9.340000E+00  9.779553303746E+05
144          -44.92560000   -2.55690000 -2.010000E+00  9.779519902306E+05
145          -43.36280000   -4.86330000  4.283000E+01  9.780191389663E+05
146          -43.39280000   -4.74530000  6.085000E+01  9.780074566753E+05
147          -44.27470000   -2.49890000 -9.360000E+00  9.779784486302E+05
148          -44.74110000   -2.70560000 -2.150000E+01  9.779995825216E+05
149          -44.73580000   -2.72780000 -1.784000E+01  9.780020527419E+05
150          -44.73030000   -2.74690000 -1.903000E+01  9.780052172347E+05
151          -44.72720000   -2.76690000 -1.680000E+01  9.780069612707E+05
152          -44.73330000   -2.78530000 -9.950000E+00  9.780058370063E+05
153          -44.73360000   -2.80420000 -6.750000E+00  9.780064340339E+05
154          -44.72940000   -2.82420000 -1.334000E+01  9.780105777865E+05
155          -42.70360000   -3.68780000  7.229000E+01  9.780016219008E+05
156          -42.72170000   -3.69500000  6.392000E+01  9.780050545238E+05
157          -44.44560000   -4.22310000  2.802000E+01  9.780112600082E+05
158          -44.57690000   -3.54560000  2.097000E+01  9.779718731911E+05
159          -44.56830000   -3.54060000  1.382000E+01  9.779739093930E+05
160          -44.55530000   -3.52360000  2.473000E+01  9.779695430488E+05
161          -44.53470000   -3.47780000  2.665000E+01  9.779666106837E+05
162          -44.53030000   -3.46220000  1.949000E+01  9.779683003894E+05
163          -44.52330000   -3.44190000  1.110000E+00  9.779738463923E+05
164          -44.51440000   -3.42140000  2.368000E+01  9.779676392994E+05
165          -44.50720000   -3.40140000  1.949000E+01  9.779701404351E+05
166          -44.51280000   -3.38470000  2.875000E+01  9.779676882630E+05
167          -44.52280000   -3.37970000  1.170000E+01  9.779724346357E+05
168          -44.53220000   -3.37500000 -2.080000E+00  9.779763335564E+05
169          -44.54360000   -3.36690000 -3.900000E+00  9.779768964535E+05
170          -44.55250000   -3.34860000 -7.020000E+00  9.779792153760E+05
171          -44.56690000   -3.33940000 -9.110000E+00  9.779807326986E+05
172          -44.58280000   -3.32390000 -1.252000E+01  9.779839824948E+05
173          -44.59170000   -3.30720000 -9.450000E+00  9.779855980513E+05
174          -44.58610000   -3.27420000 -1.146000E+01  9.779905314454E+05
175          -44.58780000   -3.26470000 -4.010000E+00  9.779896864502E+05
176          -44.60750000   -3.26000000 -1.560000E+01  9.779946370311E+05
177          -44.61780000   -3.26360000 -1.658000E+01  9.779948959545E+05
178          -44.61780000   -3.26530000 -1.776000E+01  9.779950410348E+05
179          -44.62000000   -3.26420000 -1.767000E+01  9.779952536718E+05
180          -44.96030000   -3.57580000  1.733000E+01  9.779839298963E+05
181          -44.81830000   -2.88110000 -8.250000E+00  9.780065329060E+05
182          -44.82970000   -2.88640000 -6.310000E+00  9.780055745168E+05
183          -44.85030000   -2.86940000 -1.506000E+01  9.780067010022E+05
184          -43.49860000   -4.94720000  8.583000E+01  9.780103565521E+05
185          -43.52310000   -4.94920000  7.857000E+01  9.780124474357E+05
186          -43.60330000   -4.97390000  1.174700E+02  9.780019292633E+05
187          -43.69810000   -5.03640000  9.582000E+01  9.780102733261E+05
188          -43.04720000   -4.87170000  5.154000E+01  9.780218465609E+05
189          -43.03190000   -4.85810000  5.751000E+01  9.780206828096E+05
190          -44.07560000   -3.46190000  1.803000E+01  9.780226857179E+05
191          -44.36640000   -4.48190000  4.986000E+01  9.780008652331E+05
192          -44.87920000   -2.89030000 -1.571000E+01  9.780050488811E+05
193          -44.86780000   -2.91360000 -6.470000E+00  9.780030044169E+05
194          -44.85310000   -2.92440000 -3.010000E+00  9.780028096019E+05
195          -44.83860000   -2.93530000  1.600000E+00  9.780020264774E+05
196          -44.82030000   -2.94860000 -4.140000E+00  9.780042378169E+05
197          -44.80280000   -2.95580000 -1.100000E+01  9.780065730889E+05
198          -44.85060000   -2.94810000 -3.780000E+00  9.780025531543E+05
199          -44.67530000   -2.87220000 -1.119000E+01  9.780244495698E+05
200          -44.68580000   -2.86780000 -1.145000E+01  9.780218112946E+05
201          -44.69720000   -2.85830000 -1.227000E+01  9.780189208953E+05
202          -44.70610000   -2.85220000 -7.290000E+00  9.780149601324E+05
203          -44.72000000   -2.85060000 -6.680000E+00  9.780116420433E+05
204          -44.73140000   -2.85360000 -2.980000E+00  9.780085522607E+05
205          -44.74860000   -2.85640000 -5.020000E+00  9.780070822667E+05
206          -44.75780000   -2.85890000 -1.530000E+00  9.780053403878E+05
207          -44.79690000   -2.87360000 -1.447000E+01  9.780086771788E+05
208          -43.18920000   -4.18690000  5.389000E+01  9.780181300816E+05
209          -43.20560000   -4.17780000  5.265000E+01  9.780180950455E+05
210          -43.22780000   -4.17110000  3.868000E+01  9.780221204699E+05
211          -43.23220000   -4.15640000  3.721000E+01  9.780231352093E+05
212          -43.23220000   -4.15640000  8.838000E+01  9.780073626151E+05
213          -43.26560000   -4.14310000  4.310000E+01  9.780222778879E+05
214          -43.29190000   -4.13030000  8.779000E+01  9.780097081367E+05
215          -43.31310000   -4.12690000  7.366000E+01  9.780146678110E+05
216          -43.32830000   -4.13080000  4.596000E+01  9.780232773028E+05
217          -43.02780000   -4.35610000  2.630000E+01  9.780173526547E+05
218          -42.99970000   -4.18280000  3.667000E+01  9.780226489030E+05
219          -42.99250000   -4.16610000  2.738000E+01  9.780267849777E+05
220          -42.99280000   -4.15690000  2.429000E+01  9.780286696751E+05
221          -42.97060000   -4.15170000  2.704000E+01  9.780266012356E+05
222          -42.95280000   -4.13610000  3.607000E+01  9.780232361402E+05
223          -42.95810000   -4.11470000  2.188000E+01  9.780290651483E+05
224          -42.95780000   -4.07330000  2.578000E+01  9.780288127330E+05
225          -42.95890000   -4.05360000  3.206000E+01  9.780275174725E+05
226          -42.95280000   -4.03780000  2.293000E+01  9.780298658286E+05
227          -42.94220000   -3.99610000  3.196000E+01  9.780272547897E+05
228          -42.92940000   -3.96190000  3.642000E+01  9.780254651043E+05
229          -42.94000000   -3.93030000  8.977000E+01  9.780114122876E+05
230          -42.94420000   -3.89030000  9.146000E+01  9.780112503838E+05
231          -42.94560000   -3.86780000  8.745000E+01  9.780122468749E+05
232          -42.94830000   -3.84560000  8.554000E+01  9.780126655985E+05
233          -42.95080000   -3.82220000  8.589000E+01  9.780123680541E+05
234          -42.95360000   -3.80110000  8.683000E+01  9.780119603623E+05
235          -42.96330000   -3.78140000  8.814000E+01  9.780117267422E+05
236          -42.98470000   -3.74280000  8.211000E+01  9.780142850097E+05
237          -42.99060000   -3.72140000  8.257000E+01  9.780146190330E+05
238          -42.99720000   -3.69970000  7.950000E+01  9.780163216239E+05
239          -44.98890000   -2.96670000 -1.333000E+01  9.780036456902E+05
240          -44.93890000   -2.92610000 -4.590000E+00  9.780001741439E+05
241          -44.88220000   -2.89810000 -1.401000E+01  9.780043700022E+05
242          -44.87280000   -2.94640000  6.480000E+00  9.779978737250E+05
243          -44.94110000   -2.85780000  1.900000E-01  9.779967840998E+05
244          -44.94190000   -2.81580000 -1.430000E+01  9.779968058841E+05
245          -44.87280000   -2.94580000  4.380000E+00  9.779985392404E+05
246          -44.89110000   -2.90440000  3.570000E+00  9.779983829970E+05
247          -44.92890000   -2.92500000 -6.000000E-01  9.779987269167E+05
248          -44.94830000   -2.93220000 -7.370000E+00  9.780012540834E+05
249          -44.98890000   -2.96720000 -1.438000E+01  9.780039523364E+05
250          -44.99060000   -2.99060000 -4.930000E+00  9.780003337265E+05
251          -45.01170000   -3.00920000 -9.870000E+00  9.780018398161E+05
252          -45.03170000   -3.01470000 -8.890000E+00  9.780016419361E+05
253          -45.03060000   -3.06440000 -2.970000E+00  9.779993228684E+05
254          -44.84970000   -4.66060000  3.241000E+01  9.779994864321E+05
255          -44.92810000   -4.66780000  1.998000E+01  9.780068278615E+05
256          -45.37670000   -3.65610000 -3.310000E+00  9.779838752448E+05
257          -43.09670000   -4.20360000  7.192000E+01  9.780156099163E+05
258          -43.11190000   -4.19580000  7.031000E+01  9.780168108297E+05
259          -43.12890000   -4.19420000  5.449000E+01  9.780213887767E+05
260          -44.95030000   -4.64500000  4.097000E+01  9.780008948966E+05
261          -44.85330000   -3.45190000 -1.816000E+01  9.779964033552E+05
262          -44.76030000   -4.62530000  2.740000E+01  9.780048343662E+05
263          -44.90280000   -3.26580000 -2.039000E+01  9.780129495238E+05
264          -44.95530000   -3.21670000 -2.062000E+01  9.780118005690E+05
265          -44.97140000   -3.20610000 -1.355000E+01  9.780088763730E+05
266          -44.99890000   -3.21060000 -1.307000E+01  9.780078318188E+05
267          -43.42940000   -4.90220000  9.117000E+01  9.780073482962E+05
268          -43.45330000   -4.92440000  9.912000E+01  9.780056319017E+05
269          -45.23500000   -4.27060000  3.550000E+01  9.780032203710E+05
270          -45.00030000   -3.21970000 -1.236000E+01  9.780077825875E+05
271          -45.05170000   -3.17310000 -9.910000E+00  9.780024331910E+05
272          -45.06060000   -3.15970000 -6.540000E+00  9.780004644211E+05
273          -45.06420000   -3.15530000 -1.608000E+01  9.780030927745E+05
274          -45.05360000   -3.09330000 -7.810000E+00  9.780003920374E+05
275          -44.86440000   -2.59390000 -1.740000E+01  9.779654605652E+05
276          -44.87110000   -2.62170000 -1.272000E+01  9.779669389680E+05
277          -44.87830000   -2.63940000 -1.805000E+01  9.779708592943E+05
278          -44.91640000   -2.66310000 -3.630000E+00  9.779685466355E+05
279          -44.88860000   -2.70390000 -1.664000E+01  9.779826710221E+05
280          -44.85640000   -2.69830000 -2.002000E+01  9.779855243185E+05
281          -44.82280000   -2.70280000 -1.671000E+01  9.779891862286E+05
282          -44.78280000   -2.69920000 -2.188000E+01  9.779943875871E+05
283          -44.92830000   -2.69970000 -2.236000E+01  9.779814369232E+05
284          -44.61720000   -2.48440000 -3.400000E+00  9.779778825974E+05
285          -44.51690000   -2.34560000  8.500000E+00  9.779735565956E+05
286          -44.40640000   -2.37860000  2.375000E+01  9.779732960712E+05
287          -44.41560000   -2.40690000  7.520000E+00  9.779761126186E+05
288          -44.41690000   -2.40860000  1.117000E+01  9.779748155340E+05
289          -44.40920000   -2.40030000  7.720000E+00  9.779768403771E+05
290          -44.87190000   -3.46030000 -1.765000E+01  9.779968113887E+05
291          -44.87470000   -3.45780000 -1.587000E+01  9.779967094010E+05
292          -44.23970000   -2.59890000  3.419000E+01  9.779708420835E+05
293          -45.23940000   -4.28440000  3.831000E+01  9.780022286091E+05
294          -45.24940000   -4.28890000  4.628000E+01  9.779994464330E+05
295          -44.85780000   -3.35470000 -1.929000E+01  9.780075723258E+05
296          -44.87690000   -3.32330000 -2.044000E+01  9.780109929760E+05
297          -45.22720000   -4.25140000  3.248000E+01  9.780043734313E+05
298          -44.92110000   -2.67890000 -5.650000E+00  9.779722715151E+05
299          -44.58530000   -5.05170000  4.624000E+01  9.780138013847E+05
300          -44.63780000   -5.07970000  6.140000E+01  9.780109616769E+05
301          -44.37830000   -3.37720000  5.100000E-01  9.779911487643E+05
302          -43.42720000   -3.74030000  2.622000E+01  9.780432987648E+05
303          -43.05830000   -4.25030000  4.535000E+01  9.780177709489E+05
304          -43.17140000   -4.19360000  5.400000E+01  9.780189278215E+05
305          -43.27030000   -4.12780000  4.102000E+01  9.780236876910E+05
306          -45.74750000   -2.64360000  2.517000E+01  9.779884004360E+05
307          -45.87560000   -2.17060000  3.310000E+01  9.779727760860E+05
308          -46.04470000   -1.91690000  2.421000E+01  9.780086282270E+05
309          -45.64780000   -3.19310000  1.197000E+01  9.779949444942E+05
310          -45.56390000   -3.57860000  9.020000E+00  9.779770288637E+05
311          -45.25810000   -3.67890000 -3.720000E+00  9.779928019945E+05
312          -44.71030000   -3.56020000 -1.146000E+01  9.779810142086E+05
313          -46.68860000   -4.38610000  1.283100E+02  9.779708800989E+05
314          -46.94940000   -4.62060000  8.173000E+01  9.779869029039E+05
315          -47.18250000   -4.78080000  2.319000E+02  9.779589120833E+05
316          -47.45610000   -4.93560000  2.221500E+02  9.779823834404E+05
317          -46.10920000   -4.80890000  2.858400E+02  9.779432173313E+05
318          -44.87720000   -3.85920000 -1.026000E+01  9.779982131875E+05
319          -44.37060000   -4.43560000  7.543000E+01  9.779919355265E+05
320          -43.73140000   -4.72390000  1.454900E+02  9.779954276838E+05
321          -46.01060000   -1.52700000  1.519000E+01  9.780235762475E+05
322          -45.19610000   -3.62310000  1.033000E+01  9.779893589568E+05
323          -44.81190000   -2.95420000 -7.010000E+00  9.780052052411E+05
324          -43.72000000   -3.59440000  9.670000E+00  9.780323508171E+05
325          -46.43940000   -4.32470000 -1.273000E+01  9.780055904926E+05
326          -46.16110000   -4.55530000  2.640900E+02  9.779440457513E+05
327          -42.94920000   -3.91110000  9.500000E+01  9.780110037895E+05
328          -42.97580000   -3.76330000  8.492000E+01  9.780130527704E+05
329          -42.94940000   -4.01390000  3.120000E+01  9.780277794176E+05
330          -45.04390000   -3.58310000 -7.520000E+00  9.779949227478E+05
331          -45.22250000   -3.58440000 -6.840000E+00  9.779901392038E+05
332          -45.06000000   -3.16000000 -5.020000E+00  9.780000379989E+05
333          -46.03310000   -1.25830000  5.310000E+00  9.780470985603E+05
334          -44.96890000   -3.58220000  1.600000E-01  9.779894004227E+05
335          -44.94440000   -4.09330000  6.790000E+00  9.780165536592E+05
336          -44.59470000   -3.29170000 -8.520000E+00  9.779875542313E+05
337          -44.87610000   -2.60560000 -5.290000E+00  9.779619783681E+05
338          -44.93780000   -2.66720000  3.640000E+00  9.779662787517E+05
339          -44.83530000   -2.70360000 -1.234000E+01  9.779865961204E+05
340          -44.46530000   -5.42080000  1.149600E+02  9.780138472589E+05
341          -47.38970000   -6.40500000  1.182900E+02  9.780298495923E+05
342          -47.39690000   -6.44470000  1.365500E+02  9.780234130642E+05
343          -47.40170000   -6.53110000  1.529800E+02  9.780189067311E+05
344          -42.25230000   -2.86250000  1.660000E+00  9.779751165027E+05
345          -42.30810000   -2.89610000 -1.189000E+01  9.779867881080E+05
346          -42.54040000   -2.72060000 -1.839000E+01  9.779644133049E+05
347          -43.52880000   -3.33430000  1.149000E+01  9.780447446443E+05
348          -45.85780000   -4.07910000  1.947000E+01  9.779935599751E+05
349          -46.21690000   -4.28670000  2.384200E+02  9.779409732108E+05
350          -46.24980000   -4.30780000  2.454900E+02  9.779386992871E+05
351          -46.34790000   -4.32910000  2.379400E+02  9.779322828985E+05
352          -46.36210000   -4.34280000  2.209900E+02  9.779356370192E+05
353          -46.51240000   -4.30750000  1.626600E+02  9.779517796224E+05
354          -46.78620000   -4.43890000  1.674100E+02  9.779595568527E+05
355          -46.82680000   -4.45000000  1.690500E+02  9.779588789529E+05
356          -46.87400000   -4.51420000  1.468900E+02  9.779664188790E+05
357          -46.91240000   -4.58440000  1.463800E+02  9.779672139502E+05
358          -46.94250000   -4.61480000  8.177000E+01  9.779868596924E+05
359          -46.96860000   -4.66300000  1.670700E+02  9.779617194237E+05
360          -47.54650000   -5.12710000  2.820700E+02  9.779842900931E+05
361          -47.35870000   -5.81610000  1.178000E+02  9.780123286833E+05
362          -47.35890000   -5.86430000  1.110600E+02  9.780147214862E+05
363          -47.38190000   -6.08190000  1.077300E+02  9.780234831856E+05
364          -44.65310000   -4.21280000 -1.080000E+00  9.780120264146E+05
365          -45.25780000   -3.52640000 -1.217000E+01  9.779870219491E+05
366          -47.38060000   -6.37110000  1.300000E+02  9.780273340519E+05
367          -47.38750000   -6.51440000  1.215700E+02  9.780295813982E+05
368          -47.38690000   -6.48560000  1.505900E+02  9.780200919169E+05
369          -47.38170000   -5.66690000  1.382500E+02  9.780003935071E+05
370          -47.46690000   -5.54170000  9.581000E+01  9.780095175179E+05
371          -47.42890000   -5.59610000  1.088800E+02  9.780054104689E+05
372          -47.40580000   -5.63110000  1.177800E+02  9.780042859562E+05
373          -47.39440000   -5.64970000  1.308400E+02  9.780014834083E+05
374          -47.36560000   -5.69000000  1.424200E+02  9.780005690545E+05
375          -47.36030000   -5.70860000  1.350900E+02  9.780039065709E+05
376          -47.35970000   -5.73000000  1.725100E+02  9.779935742129E+05
377          -47.36780000   -5.74810000  1.745200E+02  9.779942644668E+05
378          -47.35940000   -5.78220000  1.353200E+02  9.780068382695E+05
379          -47.36000000   -5.80080000  1.450600E+02  9.780040033757E+05
380          -47.36080000   -5.88080000  1.562500E+02  9.780013765992E+05
381          -47.36530000   -5.89810000  1.388100E+02  9.780076823045E+05
382          -47.37420000   -5.91360000  1.437000E+02  9.780071703034E+05
383          -43.25880000   -3.06400000  7.079000E+01  9.780179185128E+05
384          -43.47310000   -3.29030000  7.027000E+01  9.780296835127E+05
385          -43.57390000   -3.51490000  4.176000E+01  9.780370606292E+05
386          -44.83490000   -5.40250000  9.654000E+01  9.780063367144E+05
387          -44.96790000   -5.41800000  1.420200E+02  9.779890750691E+05
388          -45.07610000   -5.43420000  9.210000E+01  9.780021172213E+05
389          -45.17170000   -5.46280000  1.306700E+02  9.779919793805E+05
390          -45.32580000   -5.43470000  1.671100E+02  9.779951780525E+05
391          -45.43560000   -5.43810000  1.620000E+02  9.779972919501E+05
392          -45.72090000   -5.59410000  2.479900E+02  9.779645697095E+05
393          -45.84650000   -5.66090000  1.882300E+02  9.779792624646E+05
394          -46.02360000   -5.74450000  2.079800E+02  9.779655175989E+05
395          -46.42370000   -5.97030000  2.922400E+02  9.779501049839E+05
396          -46.51810000   -6.02220000  3.222300E+02  9.779417484866E+05
397          -46.59800000   -6.03850000  2.837700E+02  9.779473113195E+05
398          -46.65440000   -6.04470000  2.691500E+02  9.779542123209E+05
399          -46.77620000   -6.08200000  2.526200E+02  9.779652134247E+05
400          -46.86780000   -6.13680000  2.329100E+02  9.779727903263E+05
401          -47.00410000   -6.16620000  1.830700E+02  9.779908274565E+05
402          -47.09650000   -6.21560000  1.746000E+02  9.779993515202E+05
403          -47.18970000   -6.26210000  1.813200E+02  9.780069325087E+05
404          -47.31610000   -6.31570000  1.553400E+02  9.780212190040E+05
405          -47.38390000   -5.92830000  1.312600E+02  9.780119495077E+05
406          -47.38360000   -5.96080000  1.227500E+02  9.780164540345E+05
407          -47.38360000   -5.98110000  1.247500E+02  9.780165815715E+05
408          -47.38250000   -6.04170000  1.197600E+02  9.780186351390E+05
409          -47.36970000   -6.14780000  1.452300E+02  9.780163448519E+05
410          -47.36000000   -6.19310000  1.552200E+02  9.780144661482E+05
411          -47.37690000   -6.35580000  1.599500E+02  9.780183153161E+05
412          -47.40000000   -6.33920000  1.383900E+02  9.780239587086E+05
413          -47.38220000   -6.02640000  1.248800E+02  9.780169824091E+05
414          -47.38220000   -6.06190000  1.359500E+02  9.780140058910E+05
415          -45.38600000   -5.41810000  2.004500E+02  9.779878145671E+05
416          -45.40740000   -5.43070000  1.267000E+02  9.780093410839E+05
417          -46.62930000   -6.03620000  2.322900E+02  9.779633363244E+05
418          -46.67700000   -6.05340000  2.686900E+02  9.779567284566E+05
419          -46.70180000   -6.06300000  2.944300E+02  9.779508842125E+05
420          -46.72850000   -6.06490000  2.922000E+02  9.779531159713E+05
421          -46.79920000   -6.09380000  2.520300E+02  9.779651575606E+05
422          -46.82140000   -6.10970000  2.211300E+02  9.779749506387E+05
423          -46.84660000   -6.12490000  2.422500E+02  9.779692312687E+05
424          -46.88970000   -6.14370000  2.385300E+02  9.779715229484E+05
425          -46.91040000   -6.14540000  2.043700E+02  9.779822963147E+05
426          -46.95470000   -6.14940000  2.031600E+02  9.779832328211E+05
427          -46.98000000   -6.15910000  1.948800E+02  9.779864456017E+05
428          -47.02630000   -6.18220000  1.745000E+02  9.779944252813E+05
429          -47.04790000   -6.20120000  1.454600E+02  9.780046266239E+05
430          -47.07080000   -6.20850000  1.712600E+02  9.779981891197E+05
431          -47.11690000   -6.23450000  1.966500E+02  9.779956391656E+05
432          -47.14300000   -6.24460000  2.107000E+02  9.779942467501E+05
433          -47.16540000   -6.25320000  1.863700E+02  9.780038190957E+05
434          -47.21790000   -6.26670000  1.516600E+02  9.780170535414E+05
435          -47.29190000   -6.30060000  1.852300E+02  9.780107419577E+05
436          -47.24440000   -6.27770000  1.913800E+02  9.780060323667E+05
437          -47.34180000   -6.32010000  1.778300E+02  9.780135932093E+05
438          -47.36070000   -6.33680000  1.648000E+02  9.780174333680E+05
439          -41.99770000   -2.98440000  8.650000E+00  9.780214530965E+05
440          -45.89960000   -5.68630000  1.948700E+02  9.779746367522E+05
441          -45.92710000   -5.69930000  1.959000E+02  9.779722550378E+05
442          -45.95180000   -5.71090000  1.820100E+02  9.779746709792E+05
443          -45.97890000   -5.72360000  2.011000E+02  9.779675017256E+05
444          -42.77430000   -2.75100000 -1.740000E+01  9.779726660145E+05
445          -42.30570000   -2.85730000  1.870000E+00  9.779705609173E+05
446          -44.51070000   -5.28630000  7.036000E+01  9.780185068492E+05
447          -44.53550000   -5.29020000  8.063000E+01  9.780167458220E+05
448          -47.39750000   -6.46640000  1.639300E+02  9.780150244382E+05
449          -47.38000000   -6.10360000  1.210200E+02  9.780207205394E+05
450          -47.37500000   -6.12610000  1.364500E+02  9.780176402899E+05
451          -47.36440000   -6.17080000  1.480500E+02  9.780163814272E+05
452          -47.35670000   -6.20830000  1.402400E+02  9.780191292062E+05
453          -47.35220000   -6.23060000  1.561700E+02  9.780144119818E+05
454          -47.35560000   -6.26310000  1.334900E+02  9.780225748750E+05
455          -47.36060000   -6.28440000  1.244600E+02  9.780266028062E+05
456          -47.36500000   -6.30170000  1.237900E+02  9.780278549604E+05
457          -47.36810000   -6.31860000  1.476600E+02  9.780213912240E+05
458          -47.37560000   -6.34940000  1.583500E+02  9.780188036668E+05
459          -47.43940000   -6.55190000  1.508300E+02  9.780170139586E+05
460          -47.55140000   -5.10680000  2.977900E+02  9.779798460387E+05
461          -47.47810000   -5.54190000  9.731000E+01  9.780093664364E+05
462          -47.45030000   -5.56470000  1.053900E+02  9.780060935330E+05
463          -47.44080000   -5.57860000  1.143600E+02  9.780033718595E+05
464          -47.41640000   -5.61420000  1.100600E+02  9.780057441157E+05
465          -44.60140000   -5.32160000  1.113000E+02  9.780100368940E+05
466          -44.63040000   -5.31970000  9.887000E+01  9.780132700560E+05
467          -44.64790000   -5.32830000  9.420000E+01  9.780146643945E+05
468          -44.67380000   -5.33710000  1.152900E+02  9.780076800331E+05
469          -45.45600000   -5.45430000  1.621300E+02  9.779956995469E+05
470          -45.48000000   -5.46340000  1.380700E+02  9.780014954877E+05
471          -45.82260000   -5.64930000  1.887100E+02  9.779800808833E+05
472          -45.87280000   -5.67340000  1.953800E+02  9.779759793480E+05
473          -46.09170000   -5.78370000  2.078900E+02  9.779654951320E+05
474          -46.19650000   -5.83310000  2.194700E+02  9.779645705036E+05
475          -46.22270000   -5.84460000  2.165700E+02  9.779680378157E+05
476          -46.24240000   -5.86490000  2.238400E+02  9.779679689390E+05
477          -46.26360000   -5.88280000  2.213600E+02  9.779703414495E+05
478          -46.31270000   -5.90730000  9.382000E+02  9.777503100645E+05
479          -46.33760000   -5.91970000  2.956700E+02  9.779489971096E+05
480          -46.36190000   -5.93170000  2.731100E+02  9.779558389743E+05
481          -46.38620000   -5.94450000  2.563400E+02  9.779608004933E+05
482          -46.40400000   -5.95740000  2.856300E+02  9.779518005309E+05
483          -46.44490000   -5.98190000  3.069500E+02  9.779462098965E+05
484          -46.46970000   -5.99560000  2.988100E+02  9.779495582541E+05
485          -46.49350000   -6.00870000  3.056800E+02  9.779476698902E+05
486          -46.54010000   -6.03380000  3.065800E+02  9.779450445594E+05
487          -46.56880000   -6.03670000  2.552400E+02  9.779579631026E+05
488          -41.94800000   -2.89130000  2.270000E+00  9.780146415720E+05
489          -41.90010000   -2.99630000 -1.594000E+01  9.780226659822E+05
490          -42.08680000   -2.87790000  1.105000E+01  9.779953825478E+05
491          -42.11650000   -2.83780000 -1.140000E+01  9.779891829433E+05
492          -42.27820000   -2.88770000  2.266000E+01  9.779753164050E+05
493          -42.73220000   -2.74860000 -1.501000E+01  9.779709511530E+05
494          -42.66080000   -2.73030000 -2.074000E+01  9.779696367399E+05
495          -42.61480000   -2.74150000 -2.102000E+01  9.779659966165E+05
496          -42.32670000   -2.78230000 -2.430000E+00  9.779616628912E+05
497          -42.30860000   -2.82760000  2.540000E+00  9.779634866862E+05
498          -42.84850000   -2.78810000 -1.281000E+01  9.779756157142E+05
499          -42.86720000   -2.83710000  1.290000E+00  9.779799472814E+05
500          -42.94540000   -2.88070000  2.551000E+01  9.779841070872E+05
501          -42.98610000   -2.89920000  2.764000E+01  9.779898847835E+05
502          -43.01160000   -2.94230000  3.012000E+01  9.780000355697E+05
503          -43.11050000   -3.02330000  6.556000E+01  9.780091313033E+05
504          -43.14050000   -3.00780000  2.341000E+01  9.780213585163E+05
505          -43.22980000   -3.04000000  6.024000E+01  9.780185253109E+05
506          -43.35880000   -3.17290000  4.228000E+01  9.780316899679E+05
507          -43.42440000   -3.22720000  5.689000E+01  9.780313972420E+05
508          -43.43210000   -3.27050000  1.536000E+01  9.780468394630E+05
509          -43.50790000   -3.31370000  1.505000E+01  9.780450376914E+05
510          -43.69040000   -3.37900000  6.741000E+01  9.780146077216E+05
511          -43.54880000   -3.41690000  6.706000E+01  9.780296706999E+05
512          -43.56080000   -3.45110000  6.789000E+01  9.780301169676E+05
513          -44.79320000   -5.38560000  6.918000E+01  9.780155239535E+05
514          -44.81160000   -5.39780000  7.891000E+01  9.780121046704E+05
515          -44.85820000   -5.40840000  1.086700E+02  9.780022277604E+05
516          -44.87720000   -5.39470000  1.178000E+02  9.779984943259E+05
517          -44.94370000   -5.41770000  1.345400E+02  9.779915839911E+05
518          -44.98560000   -5.40670000  1.833400E+02  9.779763777667E+05
519          -45.00970000   -5.41940000  1.636000E+02  9.779821179192E+05
520          -45.03060000   -5.43850000  1.284300E+02  9.779931556066E+05
521          -45.05090000   -5.44250000  1.136800E+02  9.779972077788E+05
522          -45.09810000   -5.44550000  1.381400E+02  9.779873144202E+05
523          -45.12200000   -5.45370000  1.219800E+02  9.779919254939E+05
524          -45.14750000   -5.45040000  9.633000E+01  9.780005661919E+05
525          -45.21380000   -5.49510000  1.334800E+02  9.779953191695E+05
526          -45.27490000   -5.48580000  1.467500E+02  9.779951808561E+05
527          -45.30570000   -5.44340000  1.211000E+02  9.780076934994E+05
528          -45.34540000   -5.41810000  1.906900E+02  9.779905284060E+05
529          -46.62310000   -4.35940000  1.443200E+02  9.779669115721E+05
530          -47.54820000   -4.55930000  2.639700E+02  9.779743922021E+05
531          -47.85480000   -4.95860000  3.248900E+02  9.779651563523E+05
532          -47.96060000   -5.21180000  1.240900E+02  9.780066619815E+05
533          -47.49170000   -5.52400000  9.759000E+01  9.780102687389E+05
534          -46.11490000   -5.80070000  2.092600E+02  9.779645726628E+05
535          -42.54180000   -3.45950000  2.908000E+01  9.780191739827E+05
536          -42.44970000   -3.44400000 -1.720000E+00  9.780313702952E+05
537          -42.63650000   -3.54660000  6.282000E+01  9.780070423997E+05
538          -42.70570000   -3.62090000  1.574000E+01  9.780206223600E+05
539          -42.21790000   -3.37530000  4.619000E+01  9.780126416265E+05
540          -42.16540000   -2.83900000 -5.200000E-01  9.779782563999E+05
541          -42.46690000   -2.78510000 -3.530000E+00  9.779597524684E+05
542          -45.71340000   -3.99910000  1.475000E+01  9.779964840176E+05
543          -46.49390000   -4.29880000  3.467000E+01  9.779899944157E+05
544          -47.18210000   -4.78110000  2.346000E+02  9.779580324407E+05
545          -47.34840000   -4.87470000  2.100800E+02  9.779788581054E+05
546          -44.70000000   -5.34300000  1.283100E+02  9.780027517424E+05
547          -44.72720000   -5.35090000  1.049000E+02  9.780086483345E+05
548          -44.74680000   -5.36540000  1.021200E+02  9.780081280654E+05
549          -44.77400000   -5.37390000  7.191000E+01  9.780156546507E+05
550          -44.90050000   -5.40940000  1.627000E+02  9.779841681287E+05
551          -44.92710000   -5.41990000  7.524000E+01  9.780101430323E+05
552          -45.19350000   -5.47950000  1.259200E+02  9.779956878685E+05
553          -45.28630000   -5.46380000  1.859400E+02  9.779849599503E+05
554          -45.36710000   -5.40730000  2.151100E+02  9.779844254870E+05
555          -45.50060000   -5.47800000  1.341700E+02  9.780012032139E+05
556          -45.52560000   -5.49160000  1.497500E+02  9.779951356460E+05
557          -45.54860000   -5.50420000  1.823900E+02  9.779846492490E+05
558          -45.57200000   -5.51700000  1.972000E+02  9.779802774114E+05
559          -45.59750000   -5.53520000  1.542800E+02  9.779943209616E+05
560          -45.62110000   -5.54680000  1.654500E+02  9.779910003858E+05
561          -45.65000000   -5.55240000  1.976700E+02  9.779801207993E+05
562          -45.67000000   -5.56590000  2.081300E+02  9.779769232451E+05
563          -45.69310000   -5.58260000  1.498900E+02  9.779952604051E+05
564          -45.74550000   -5.61030000  2.385100E+02  9.779677068158E+05
565          -45.76990000   -5.62300000  1.933100E+02  9.779810251245E+05
566          -45.79520000   -5.63580000  1.985400E+02  9.779783169443E+05
567          -46.00360000   -5.73510000  1.942200E+02  9.779694292439E+05
568          -46.04830000   -5.75590000  1.975900E+02  9.779690873987E+05
569          -46.16650000   -5.82620000  2.099100E+02  9.779653097177E+05
570          -46.28900000   -5.89550000  2.471100E+02  9.779633604473E+05
571          -46.75160000   -6.07260000  2.812100E+02  9.779567094349E+05
572          -46.92950000   -6.14710000  2.062200E+02  9.779819325485E+05
573          -47.26920000   -6.28730000  1.459800E+02  9.780213525226E+05
574          -44.56170000   -5.29550000  1.066400E+02  9.780100489199E+05
575          -44.57530000   -5.30750000  1.191200E+02  9.780069175212E+05
576          -44.47522000   -5.34574400  1.020070E+02  9.780102899802E+05
577          -47.49833000   -5.49188100  9.520400E+01  9.780128970481E+05
578          -47.49808000   -5.48986500  9.554900E+01  9.780129220138E+05
579          -47.49560000   -5.49022600  9.746900E+01  9.780122286645E+05
580          -47.49959000   -5.47650600  1.487480E+02  9.779976315238E+05
581          -44.02693000   -4.53799400  3.178800E+01  9.780057563652E+05
582          -44.75998000   -4.22243400 -5.752000E+00  9.780131239353E+05
583          -47.48457000   -5.47458800  1.606280E+02  9.779939087557E+05
584          -44.12760000   -4.11884400  1.009600E+01  9.780151208947E+05
585          -43.01668000   -4.24730600  4.058500E+01  9.780167389961E+05
586          -43.18493000   -4.92835900  1.219240E+02  9.780001199718E+05
587          -43.34431000   -4.81278800  4.611400E+01  9.780147081176E+05
588          -45.87301000   -2.18242300  3.801200E+01  9.779707490869E+05
589          -42.85472000   -3.67277800  6.374900E+01  9.780126171912E+05
590          -43.96458000   -3.52331200  1.022700E+01  9.780292606544E+05
591          -43.45779000   -3.73315900  2.518200E+01  9.780418913024E+05
592          -44.65818000   -3.57963100 -1.355700E+01  9.779822849242E+05
593          -44.81273000   -4.64168500  2.515700E+01  9.780021358314E+05
594          -45.01819000   -3.19291300 -9.081000E+00  9.780049469990E+05
595          -47.42011000   -6.54206300  1.811500E+02  9.780088885947E+05
596          -45.58977000   -3.90931500  8.813000E+00  9.779932706300E+05
597          -45.75445000   -4.02170600  1.840000E+01  9.779950787113E+05
598          -43.32089000   -3.14708500  6.837700E+01  9.780230338217E+05
599          -42.36991000   -2.79638600 -1.356800E+01  9.779627091095E+05
600          -46.07044000   -5.76870400  1.884160E+02  9.779718838548E+05
601          -47.35615000   -5.84574200  1.235080E+02  9.780104609452E+05
602          -47.38278000   -5.99974800  1.324230E+02  9.780145431797E+05
603          -43.38973000   -3.20409100  4.844700E+01  9.780318031409E+05
604          -44.48577000   -5.30292700  8.675100E+01  9.780132773937E+05
605          -46.15702000   -5.81645400  2.065140E+02  9.779654688589E+05
606          -45.23392000   -5.50813100  1.293860E+02  9.779979765871E+05
607          -47.03471000   -6.19014200  1.621190E+02  9.779986893069E+05
