LONG(deg) 	 LAT(deg) 	 ALT_GEOM(m) 	 GRAV(mGal)
-44.3278 	 -4.7294 	 111.8 	 977998.1
-44.3303 	 -4.7503 	 98.31 	 978002.15
-44.3564 	 -4.8981 	 94.61 	 978005.51
-44.3731 	 -4.9136 	 96.44 	 978004.99
-44.4428 	 -5.0414 	 118.14 	 978004.48
-46.1019 	 -1.2011 	 -1.67 	 978028.01
-43.9547 	 -4.5367 	 27.54 	 978006.41
-43.8864 	 -4.4647 	 40.94 	 978006.59
-44.4594 	 -5.1694 	 69.04 	 978017.95
-44.4578 	 -5.1672 	 74.18 	 978016.87
-44.4906 	 -5.2842 	 88.07 	 978016.0
-44.4703 	 -5.3083 	 83.81 	 978017.5
-44.48 	 -5.3253 	 85.45 	 978017.37
-44.3367 	 -4.6378 	 68.49 	 978004.78
-46.5797 	 -4.3089 	 49.82 	 977995.39
-46.7536 	 -4.4128 	 136.99 	 977971.31
-46.8217 	 -4.4508 	 203.86 	 977956.84
-46.8564 	 -4.4964 	 169.89 	 977964.35
-46.8967 	 -4.5606 	 177.47 	 977960.81
-46.9867 	 -4.6928 	 237.45 	 977948.27
-47.0411 	 -4.7525 	 182.35 	 977963.04
-47.1086 	 -4.7767 	 300.78 	 977933.84
-47.2481 	 -4.8144 	 284.5 	 977945.21
-47.3136 	 -4.8553 	 250.4 	 977959.82
-47.3797 	 -4.8903 	 184.25 	 977976.58
-46.2353 	 -4.3708 	 235.11 	 977939.66
-46.2322 	 -4.4439 	 289.84 	 977932.95
-46.1958 	 -4.4981 	 214.43 	 977955.28
-46.1978 	 -4.6147 	 302.38 	 977938.49
-46.2219 	 -4.6581 	 283.58 	 977943.72
-46.2075 	 -4.7264 	 329.78 	 977934.75
-46.1625 	 -4.7731 	 296.91 	 977944.3
-46.0861 	 -4.8769 	 105.2 	 977988.0
-44.9586 	 -4.1642 	 15.39 	 978003.88
-44.9314 	 -4.03 	 3.87 	 978000.69
-44.8894 	 -3.9794 	 -4.12 	 978005.87
-44.8603 	 -3.9167 	 -4.08 	 978003.74
-44.8981 	 -3.8356 	 -14.26 	 978003.12
-44.8917 	 -2.7031 	 -24.32 	 977982.88
-44.9403 	 -2.6586 	 -1.17 	 977969.0
-44.9739 	 -2.5947 	 -10.71 	 977959.0
-45.4206 	 -3.7159 	 3.35 	 977985.72
-45.4722 	 -3.7936 	 -0.21 	 977987.19
-45.5319 	 -3.8544 	 -4.32 	 977993.66
-45.5914 	 -3.9103 	 11.17 	 977993.05
-45.6611 	 -3.9689 	 31.14 	 977990.31
-45.7339 	 -4.01 	 29.91 	 977991.39
-45.8075 	 -4.0572 	 -1.63 	 977994.65
-45.8867 	 -4.0817 	 48.11 	 977980.94
-45.9514 	 -4.0778 	 16.77 	 977987.02
-45.9983 	 -4.1383 	 18.68 	 977985.44
-46.0539 	 -4.1908 	 34.31 	 977989.97
-46.1189 	 -4.1667 	 70.16 	 977988.14
-46.1678 	 -4.2219 	 245.73 	 977946.65
-46.2183 	 -4.2872 	 237.49 	 977940.26
-46.3 	 -4.3114 	 243.93 	 977931.32
-46.3789 	 -4.3506 	 187.99 	 977954.85
-46.1989 	 -4.2458 	 268.2 	 977938.54
-46.5028 	 -4.3028 	 81.79 	 977985.21
-44.8978 	 -2.7575 	 -5.89 	 977987.27
-44.8486 	 -2.7183 	 -21.27 	 977988.55
-44.5606 	 -5.1103 	 77.42 	 978010.21
-45.205 	 -2.6403 	 -9.29 	 977961.32
-45.1603 	 -2.5561 	 -0.59 	 977942.25
-45.1253 	 -2.5381 	 -13.23 	 977943.03
-47.4831 	 -5.5222 	 103.27 	 978002.16
-47.4892 	 -5.5117 	 98.54 	 978005.36
-47.4958 	 -5.4914 	 96.91 	 978006.04
-47.4853 	 -5.4958 	 103.2 	 978004.19
-47.4794 	 -5.4997 	 103.02 	 978004.73
-44.6553 	 -4.3431 	 6.45 	 978008.2
-44.6686 	 -4.3753 	 4.01 	 978008.24
-44.3351 	 -4.3732 	 21.77 	 978009.32
-44.4508 	 -4.5028 	 29.68 	 978005.14
-44.5003 	 -4.5644 	 22.1 	 978009.73
-44.5753 	 -4.5811 	 18.09 	 978009.38
-46.0289 	 -1.7139 	 22.51 	 978003.85
-46.0022 	 -1.6525 	 27.83 	 978006.95
-46.0 	 -1.585 	 22.53 	 978009.81
-46.0175 	 -1.4578 	 8.86 	 978029.97
-46.035 	 -1.3908 	 -5.08 	 978035.67
-46.0367 	 -1.3228 	 4.63 	 978030.63
-46.0203 	 -1.2014 	 -13.19 	 978046.12
-45.7044 	 -2.8022 	 2.12 	 978011.2
-45.725 	 -2.7253 	 18.72 	 978003.34
-45.7706 	 -2.5611 	 27.36 	 977992.71
-45.8319 	 -2.3292 	 13.43 	 977978.05
-45.9122 	 -2.1006 	 13.27 	 977977.61
-45.9967 	 -1.9858 	 24.76 	 977995.94
-45.6919 	 -2.8514 	 -3.83 	 978012.66
-45.67 	 -2.9311 	 -0.26 	 978005.71
-45.6467 	 -3.0181 	 10.32 	 977995.78
-45.6442 	 -3.1453 	 19.2 	 977989.61
-45.6556 	 -3.2769 	 10.44 	 977986.6
-45.6622 	 -3.3544 	 15.54 	 977982.52
-45.6672 	 -3.4922 	 22.79 	 977978.21
-45.5039 	 -3.6297 	 -1.21 	 977981.84
-45.4656 	 -3.6594 	 -11.55 	 977985.5
-45.3764 	 -3.6558 	 -3.67 	 977985.82
-45.3247 	 -3.6944 	 -11.15 	 977990.68
-45.1856 	 -3.6394 	 -2.72 	 977994.06
-45.1214 	 -3.6044 	 -5.67 	 977995.13
-44.9061 	 -3.5472 	 -3.54 	 977999.06
-44.8025 	 -3.4556 	 -17.79 	 977999.21
-44.7597 	 -3.5064 	 -11.33 	 977995.33
-46.2461 	 -1.7808 	 -9.7 	 978032.6
-46.1817 	 -1.8064 	 -5.21 	 978023.66
-45.3494 	 -2.9728 	 -4.12 	 977989.25
-45.2864 	 -2.7747 	 -8.78 	 977986.6
-44.1961 	 -2.4764 	 20.09 	 977987.53
-43.9353 	 -4.2753 	 20.88 	 978007.57
-43.9358 	 -4.2517 	 20.89 	 978007.87
-43.9189 	 -4.2314 	 17.19 	 978008.98
-44.6522 	 -3.5811 	 -9.73 	 977987.85
-44.8614 	 -3.4047 	 -17.56 	 978004.27
-44.8683 	 -3.3386 	 -17.76 	 978005.76
-44.9017 	 -3.2761 	 -18.61 	 978007.39
-44.9428 	 -3.2228 	 -17.9 	 978008.76
-45.0056 	 -3.2017 	 -16.7 	 978009.0
-45.0808 	 -3.105 	 -17.54 	 977993.2
-45.0297 	 -3.0756 	 -1.62 	 977999.0
-45.0267 	 -3.0103 	 -10.29 	 978002.58
-46.1103 	 -1.8197 	 18.49 	 978007.17
-46.0656 	 -1.7736 	 39.96 	 978005.78
-44.3578 	 -3.3928 	 -4.86 	 977984.06
-44.3658 	 -3.3858 	 -9.41 	 977985.52
-44.3953 	 -3.3656 	 -0.86 	 977986.84
-44.4128 	 -3.3519 	 -0.09 	 977988.44
-44.4283 	 -3.3414 	 4.8 	 977988.06
-44.4881 	 -3.3794 	 32.71 	 977977.44
-44.4944 	 -3.3878 	 26.05 	 977978.67
-44.0847 	 -4.0819 	 58.65 	 978001.9
-44.3439 	 -4.5703 	 56.02 	 978003.25
-44.3453 	 -4.5836 	 60.72 	 978003.15
-44.3428 	 -4.6103 	 60.48 	 978005.27
-43.0861 	 -4.9794 	 142.16 	 977992.1
-44.1294 	 -4.1261 	 7.74 	 978010.13
-43.8747 	 -4.6303 	 75.59 	 977999.82
-44.7856 	 -2.4494 	 -9.21 	 977969.11
-44.18 	 -3.4894 	 29.12 	 978001.44
-43.0289 	 -4.2706 	 37.18 	 978004.9
-45.0724 	 -2.5156 	 -12.72 	 977942.73
-44.9392 	 -2.5794 	 -9.34 	 977961.63
-44.9256 	 -2.5569 	 -2.01 	 977960.13
-43.3628 	 -4.8633 	 42.83 	 978014.48
-43.3928 	 -4.7453 	 60.85 	 978013.66
-44.2747 	 -2.4989 	 -9.36 	 977987.43
-44.7411 	 -2.7056 	 -21.5 	 977996.51
-44.7358 	 -2.7278 	 -17.84 	 977998.31
-44.7303 	 -2.7469 	 -19.03 	 978001.07
-44.7272 	 -2.7669 	 -16.8 	 978004.23
-44.7333 	 -2.7853 	 -9.95 	 978004.43
-44.7336 	 -2.8042 	 -6.75 	 978007.15
-44.7294 	 -2.8242 	 -13.34 	 978011.87
-42.7036 	 -3.6878 	 72.29 	 978014.75
-42.7217 	 -3.695 	 63.92 	 978016.74
-44.4456 	 -4.2231 	 28.02 	 978008.1
-44.5769 	 -3.5456 	 20.97 	 977982.26
-44.5683 	 -3.5406 	 13.82 	 977984.27
-44.5553 	 -3.5236 	 24.73 	 977982.27
-44.5347 	 -3.4778 	 26.65 	 977983.61
-44.5303 	 -3.4622 	 19.49 	 977985.37
-44.5233 	 -3.4419 	 1.11 	 977989.54
-44.5144 	 -3.4214 	 23.68 	 977983.58
-44.5072 	 -3.4014 	 19.49 	 977981.8
-44.5128 	 -3.3847 	 28.75 	 977977.06
-44.5228 	 -3.3797 	 11.7 	 977979.47
-44.5322 	 -3.375 	 -2.08 	 977982.09
-44.5436 	 -3.3669 	 -3.9 	 977980.95
-44.5525 	 -3.3486 	 -7.02 	 977979.88
-44.5669 	 -3.3394 	 -9.11 	 977980.17
-44.5828 	 -3.3239 	 -12.52 	 977981.53
-44.5917 	 -3.3072 	 -9.45 	 977982.49
-44.5861 	 -3.2742 	 -11.46 	 977985.74
-44.5878 	 -3.2647 	 -4.01 	 977985.35
-44.6075 	 -3.26 	 -15.6 	 977990.81
-44.6178 	 -3.2636 	 -16.58 	 977991.36
-44.6178 	 -3.2653 	 -17.76 	 977991.47
-44.62 	 -3.2642 	 -17.67 	 977991.82
-44.9603 	 -3.5758 	 17.33 	 977993.51
-44.8183 	 -2.8811 	 -8.25 	 978013.27
-44.8297 	 -2.8864 	 -6.31 	 978014.17
-44.8503 	 -2.8694 	 -15.06 	 978016.53
-43.4986 	 -4.9472 	 85.83 	 978011.25
-43.5231 	 -4.9492 	 78.57 	 978014.48
-43.6033 	 -4.9739 	 117.47 	 978010.9
-43.6981 	 -5.0364 	 95.82 	 978015.21
-43.0472 	 -4.8717 	 51.54 	 978012.36
-43.0319 	 -4.8581 	 57.51 	 978011.37
-44.0756 	 -3.4619 	 18.03 	 978009.03
-44.3664 	 -4.4819 	 49.86 	 978002.12
-44.8792 	 -2.8903 	 -15.71 	 978018.22
-44.8678 	 -2.9136 	 -6.47 	 978014.3
-44.8531 	 -2.9244 	 -3.01 	 978012.52
-44.8386 	 -2.9353 	 1.6 	 978010.6
-44.8203 	 -2.9486 	 -4.14 	 978011.68
-44.8028 	 -2.9558 	 -11.0 	 978013.33
-44.8506 	 -2.9481 	 -3.78 	 978007.85
-44.6753 	 -2.8722 	 -11.19 	 978024.48
-44.6858 	 -2.8678 	 -11.45 	 978023.63
-44.6972 	 -2.8583 	 -12.27 	 978021.05
-44.7061 	 -2.8522 	 -7.29 	 978017.13
-44.72 	 -2.8506 	 -6.68 	 978016.51
-44.7314 	 -2.8536 	 -2.98 	 978015.34
-44.7486 	 -2.8564 	 -5.02 	 978015.13
-44.7578 	 -2.8589 	 -1.53 	 978013.82
-44.7969 	 -2.8736 	 -14.47 	 978015.59
-43.1892 	 -4.1869 	 53.89 	 978022.45
-43.2056 	 -4.1778 	 52.65 	 978022.44
-43.2278 	 -4.1711 	 38.68 	 978024.27
-43.2322 	 -4.1564 	 37.21 	 978024.68
-43.2322 	 -4.1564 	 88.38 	 978012.37
-43.2656 	 -4.1431 	 43.1 	 978021.77
-43.2919 	 -4.1303 	 87.79 	 978007.68
-43.3131 	 -4.1269 	 73.66 	 978006.98
-43.3283 	 -4.1308 	 45.96 	 978010.7
-43.0278 	 -4.3561 	 26.3 	 978014.97
-42.9997 	 -4.1828 	 36.67 	 978014.56
-42.9925 	 -4.1661 	 27.38 	 978017.97
-42.9928 	 -4.1569 	 24.29 	 978019.28
-42.9706 	 -4.1517 	 27.04 	 978020.38
-42.9528 	 -4.1361 	 36.07 	 978021.02
-42.9581 	 -4.1147 	 21.88 	 978022.91
-42.9578 	 -4.0733 	 25.78 	 978021.9
-42.9589 	 -4.0536 	 32.06 	 978020.63
-42.9528 	 -4.0378 	 22.93 	 978022.04
-42.9422 	 -3.9961 	 31.96 	 978019.08
-42.9294 	 -3.9619 	 36.42 	 978017.24
-42.94 	 -3.9303 	 89.77 	 978006.46
-42.9442 	 -3.8903 	 91.46 	 978006.12
-42.9456 	 -3.8678 	 87.45 	 978006.91
-42.9483 	 -3.8456 	 85.54 	 978003.03
-42.9508 	 -3.8222 	 85.89 	 978003.52
-42.9536 	 -3.8011 	 86.83 	 978003.65
-42.9633 	 -3.7814 	 88.14 	 978006.88
-42.9847 	 -3.7428 	 82.11 	 978011.11
-42.9906 	 -3.7214 	 82.57 	 978013.11
-42.9972 	 -3.6997 	 79.5 	 978015.34
-44.9889 	 -2.9667 	 -13.33 	 978001.51
-44.9389 	 -2.9261 	 -4.59 	 978003.96
-44.8822 	 -2.8981 	 -14.01 	 978016.86
-44.8728 	 -2.9464 	 6.48 	 978004.82
-44.9411 	 -2.8578 	 0.19 	 978013.12
-44.9419 	 -2.8158 	 -14.3 	 978005.68
-44.8728 	 -2.9458 	 4.38 	 978004.18
-44.8911 	 -2.9044 	 3.57 	 978004.28
-44.9289 	 -2.925 	 -0.6 	 978003.86
-44.9483 	 -2.9322 	 -7.37 	 978003.75
-44.9889 	 -2.9672 	 -14.38 	 978001.38
-44.9906 	 -2.9906 	 -4.93 	 978000.68
-45.0117 	 -3.0092 	 -9.87 	 978002.36
-45.0317 	 -3.0147 	 -8.89 	 978002.06
-45.0306 	 -3.0644 	 -2.97 	 978000.25
-44.8497 	 -4.6606 	 32.41 	 978001.72
-44.9281 	 -4.6678 	 19.98 	 978001.18
-45.3767 	 -3.6561 	 -3.31 	 977985.81
-43.0967 	 -4.2036 	 71.92 	 978012.71
-43.1119 	 -4.1958 	 70.31 	 978016.04
-43.1289 	 -4.1942 	 54.49 	 978020.87
-44.9503 	 -4.645 	 40.97 	 977996.02
-44.8533 	 -3.4519 	 -18.16 	 978000.63
-44.7603 	 -4.6253 	 27.4 	 978003.0
-44.9028 	 -3.2658 	 -20.39 	 978007.64
-44.9553 	 -3.2167 	 -20.62 	 978009.27
-44.9714 	 -3.2061 	 -13.55 	 978008.47
-44.9989 	 -3.2106 	 -13.07 	 978008.04
-43.4294 	 -4.9022 	 91.17 	 978006.66
-43.4533 	 -4.9244 	 99.12 	 978005.82
-45.235 	 -4.2706 	 35.5 	 978004.08
-45.0003 	 -3.2197 	 -12.36 	 978007.55
-45.0517 	 -3.1731 	 -9.91 	 978000.93
-45.0606 	 -3.1597 	 -6.54 	 977995.77
-45.0642 	 -3.1553 	 -16.08 	 977996.45
-45.0536 	 -3.0933 	 -7.81 	 977994.22
-44.8644 	 -2.5939 	 -17.4 	 977975.58
-44.8711 	 -2.6217 	 -12.72 	 977975.46
-44.8783 	 -2.6394 	 -18.05 	 977977.79
-44.9164 	 -2.6631 	 -3.63 	 977972.32
-44.8886 	 -2.7039 	 -16.64 	 977983.21
-44.8564 	 -2.6983 	 -20.02 	 977987.15
-44.8228 	 -2.7028 	 -16.71 	 977990.83
-44.7828 	 -2.6992 	 -21.88 	 977994.69
-44.9283 	 -2.6997 	 -22.36 	 977995.24
-44.6172 	 -2.4844 	 -3.4 	 977980.76
-44.5169 	 -2.3456 	 8.5 	 977982.03
-44.4064 	 -2.3786 	 23.75 	 977978.87
-44.4156 	 -2.4069 	 7.52 	 977977.34
-44.4169 	 -2.4086 	 11.17 	 977976.32
-44.4092 	 -2.4003 	 7.72 	 977978.26
-44.8719 	 -3.4603 	 -17.65 	 978001.73
-44.8747 	 -3.4578 	 -15.87 	 978001.55
-44.2397 	 -2.5989 	 34.19 	 977974.7
-45.2394 	 -4.2844 	 38.31 	 978003.57
-45.2494 	 -4.2889 	 46.28 	 978001.68
-44.8578 	 -3.3547 	 -19.29 	 978005.98
-44.8769 	 -3.3233 	 -20.44 	 978006.5
-45.2272 	 -4.2514 	 32.48 	 978003.95
-44.9211 	 -2.6789 	 -5.65 	 977976.35
-44.5853 	 -5.0517 	 46.24 	 978013.06
-44.6378 	 -5.0797 	 61.4 	 978010.04
-44.3783 	 -3.3772 	 0.51 	 977984.49
-43.4272 	 -3.7403 	 26.22 	 978042.63
-43.0583 	 -4.2503 	 45.35 	 978010.28
-43.1714 	 -4.1936 	 54.0 	 978021.6
-43.2703 	 -4.1278 	 41.02 	 978021.44
-45.7475 	 -2.6436 	 25.17 	 977999.53
-45.8756 	 -2.1706 	 33.1 	 977964.44
-46.0447 	 -1.9169 	 24.21 	 978004.56
-45.6478 	 -3.1931 	 11.97 	 977990.39
-45.5639 	 -3.5786 	 9.02 	 977979.22
-45.2581 	 -3.6789 	 -3.72 	 977994.92
-44.7103 	 -3.5602 	 -11.46 	 977992.69
-46.6886 	 -4.3861 	 128.31 	 977975.29
-46.9494 	 -4.6206 	 81.73 	 977981.91
-47.1825 	 -4.7808 	 231.9 	 977950.71
-47.4561 	 -4.9356 	 222.15 	 977978.03
-46.1092 	 -4.8089 	 285.84 	 977948.17
-44.8772 	 -3.8592 	 -10.26 	 978002.88
-44.3706 	 -4.4356 	 75.43 	 977995.62
-43.7314 	 -4.7239 	 145.49 	 977999.0
-46.0106 	 -1.527 	 15.19 	 978018.55
-45.1961 	 -3.6231 	 10.33 	 977989.89
-44.8119 	 -2.9542 	 -7.01 	 978011.63
-43.72 	 -3.5944 	 9.67 	 978033.12
-46.4394 	 -4.3247 	 -12.73 	 977975.5
-46.1611 	 -4.5553 	 264.09 	 977945.59
-42.9492 	 -3.9111 	 95.0 	 978005.97
-42.9758 	 -3.7633 	 84.92 	 978010.07
-42.9494 	 -4.0139 	 31.2 	 978019.88
-45.0439 	 -3.5831 	 -7.52 	 977997.68
-45.2225 	 -3.5844 	 -6.84 	 977989.89
-45.06 	 -3.16 	 -5.02 	 977996.45
-46.0331 	 -1.2583 	 5.31 	 978037.59
-44.9689 	 -3.5822 	 0.16 	 977997.04
-44.9444 	 -4.0933 	 6.79 	 977998.48
-44.5947 	 -3.2917 	 -8.52 	 977983.77
-44.8761 	 -2.6056 	 -5.29 	 977971.83
-44.9378 	 -2.6672 	 3.64 	 977971.06
-44.8353 	 -2.7036 	 -12.34 	 977989.07
-44.4653 	 -5.4208 	 114.96 	 978015.05
-47.3897 	 -6.405 	 118.29 	 978031.72
-47.3969 	 -6.4447 	 136.55 	 978014.94
-47.4017 	 -6.5311 	 152.98 	 978010.03
-42.2523 	 -2.8625 	 1.66 	 977973.07
-42.3081 	 -2.8961 	 -11.89 	 977980.42
-42.5404 	 -2.7206 	 -18.39 	 977970.83
-43.5288 	 -3.3343 	 11.49 	 978040.19
-45.8578 	 -4.0791 	 19.47 	 977988.4
-46.2169 	 -4.2867 	 238.42 	 977941.57
-46.2498 	 -4.3078 	 245.49 	 977934.72
-46.3479 	 -4.3291 	 237.94 	 977938.28
-46.3621 	 -4.3428 	 220.99 	 977944.76
-46.5124 	 -4.3075 	 162.66 	 977968.38
-46.7862 	 -4.4389 	 167.41 	 977965.97
-46.8268 	 -4.45 	 169.05 	 977965.61
-46.874 	 -4.5142 	 146.89 	 977969.94
-46.9124 	 -4.5844 	 146.38 	 977968.25
-46.9425 	 -4.6148 	 81.77 	 977983.02
-46.9686 	 -4.663 	 167.07 	 977963.78
-47.5465 	 -5.1271 	 282.07 	 977982.46
-47.3587 	 -5.8161 	 117.8 	 978004.04
-47.3589 	 -5.8643 	 111.06 	 978007.31
-47.3819 	 -6.0819 	 107.73 	 978009.04
-44.6531 	 -4.2128 	 -1.08 	 978012.84
-45.2578 	 -3.5264 	 -12.17 	 977985.39
-47.3806 	 -6.3711 	 130.0 	 978037.55
-47.3875 	 -6.5144 	 121.57 	 978016.91
-47.3869 	 -6.4856 	 150.59 	 978009.37
-47.3817 	 -5.6669 	 138.25 	 977995.01
-47.4669 	 -5.5417 	 95.81 	 978004.05
-47.4289 	 -5.5961 	 108.88 	 978000.41
-47.4058 	 -5.6311 	 117.78 	 977998.09
-47.3944 	 -5.6497 	 130.84 	 977996.51
-47.3656 	 -5.69 	 142.42 	 977994.63
-47.3603 	 -5.7086 	 135.09 	 977997.4
-47.3597 	 -5.73 	 172.51 	 977990.81
-47.3678 	 -5.7481 	 174.52 	 977991.65
-47.3594 	 -5.7822 	 135.32 	 978001.71
-47.36 	 -5.8008 	 145.06 	 977999.11
-47.3608 	 -5.8808 	 156.25 	 977998.27
-47.3653 	 -5.8981 	 138.81 	 978002.8
-47.3742 	 -5.9136 	 143.7 	 978003.28
-43.2588 	 -3.064 	 70.79 	 978013.69
-43.4731 	 -3.2903 	 70.27 	 978027.36
-43.5739 	 -3.5149 	 41.76 	 978040.9
-44.8349 	 -5.4025 	 96.54 	 978004.18
-44.9679 	 -5.418 	 142.02 	 977982.85
-45.0761 	 -5.4342 	 92.1 	 978001.77
-45.1717 	 -5.4628 	 130.67 	 977997.07
-45.3258 	 -5.4347 	 167.11 	 977993.7
-45.4356 	 -5.4381 	 162.0 	 977994.93
-45.7209 	 -5.5941 	 247.99 	 977961.33
-45.8465 	 -5.6609 	 188.23 	 977975.04
-46.0236 	 -5.7445 	 207.98 	 977967.93
-46.4237 	 -5.9703 	 292.24 	 977951.17
-46.5181 	 -6.0222 	 322.23 	 977946.27
-46.598 	 -6.0385 	 283.77 	 977955.33
-46.6544 	 -6.0447 	 269.15 	 977953.68
-46.7762 	 -6.082 	 252.62 	 977961.86
-46.8678 	 -6.1368 	 232.91 	 977974.58
-47.0041 	 -6.1662 	 183.07 	 977991.49
-47.0965 	 -6.2156 	 174.6 	 977999.34
-47.1897 	 -6.2621 	 181.32 	 978000.95
-47.3161 	 -6.3157 	 155.34 	 978017.09
-47.3839 	 -5.9283 	 131.26 	 978005.5
-47.3836 	 -5.9608 	 122.75 	 978007.37
-47.3836 	 -5.9811 	 124.75 	 978007.53
-47.3825 	 -6.0417 	 119.76 	 978005.55
-47.3697 	 -6.1478 	 145.23 	 978010.41
-47.36 	 -6.1931 	 155.22 	 978010.07
-47.3769 	 -6.3558 	 159.95 	 978029.52
-47.4 	 -6.3392 	 138.39 	 978032.44
-47.3822 	 -6.0264 	 124.88 	 978003.86
-47.3822 	 -6.0619 	 135.95 	 978001.92
-45.386 	 -5.4181 	 200.45 	 977986.33
-45.4074 	 -5.4307 	 126.7 	 978003.74
-46.6293 	 -6.0362 	 232.29 	 977964.98
-46.677 	 -6.0534 	 268.69 	 977951.99
-46.7018 	 -6.063 	 294.43 	 977947.47
-46.7285 	 -6.0649 	 292.2 	 977951.01
-46.7992 	 -6.0938 	 252.03 	 977962.86
-46.8214 	 -6.1097 	 221.13 	 977971.57
-46.8466 	 -6.1249 	 242.25 	 977970.7
-46.8897 	 -6.1437 	 238.53 	 977975.53
-46.9104 	 -6.1454 	 204.37 	 977984.51
-46.9547 	 -6.1494 	 203.16 	 977987.44
-46.98 	 -6.1591 	 194.88 	 977989.28
-47.0263 	 -6.1822 	 174.5 	 977995.21
-47.0479 	 -6.2012 	 145.46 	 978004.9
-47.0708 	 -6.2085 	 171.26 	 978000.18
-47.1169 	 -6.2345 	 196.65 	 977994.38
-47.143 	 -6.2446 	 210.7 	 977992.29
-47.1654 	 -6.2532 	 186.37 	 977998.05
-47.2179 	 -6.2667 	 151.66 	 978009.04
-47.2919 	 -6.3006 	 185.23 	 978007.49
-47.2444 	 -6.2777 	 191.38 	 978003.78
-47.3418 	 -6.3201 	 177.83 	 978014.2
-47.3607 	 -6.3368 	 164.8 	 978020.96
-41.9977 	 -2.9844 	 8.65 	 978046.86
-45.8996 	 -5.6863 	 194.87 	 977973.16
-45.9271 	 -5.6993 	 195.9 	 977972.57
-45.9518 	 -5.7109 	 182.01 	 977974.87
-45.9789 	 -5.7236 	 201.1 	 977970.38
-42.7743 	 -2.751 	 -17.4 	 977969.02
-42.3057 	 -2.8573 	 1.87 	 977968.81
-44.5107 	 -5.2863 	 70.36 	 978019.37
-44.5355 	 -5.2902 	 80.63 	 978016.18
-47.3975 	 -6.4664 	 163.93 	 978007.07
-47.38 	 -6.1036 	 121.02 	 978010.03
-47.375 	 -6.1261 	 136.45 	 978009.41
-47.3644 	 -6.1708 	 148.05 	 978011.05
-47.3567 	 -6.2083 	 140.24 	 978013.93
-47.3522 	 -6.2306 	 156.17 	 978012.37
-47.3556 	 -6.2631 	 133.49 	 978019.27
-47.3606 	 -6.2844 	 124.46 	 978023.49
-47.365 	 -6.3017 	 123.79 	 978024.78
-47.3681 	 -6.3186 	 147.66 	 978022.79
-47.3756 	 -6.3494 	 158.35 	 978027.57
-47.4394 	 -6.5519 	 150.83 	 978015.35
-47.5514 	 -5.1068 	 297.79 	 977980.34
-47.4781 	 -5.5419 	 97.31 	 978004.74
-47.4503 	 -5.5647 	 105.39 	 978001.51
-47.4408 	 -5.5786 	 114.36 	 977998.64
-47.4164 	 -5.6142 	 110.06 	 978000.18
-44.6014 	 -5.3216 	 111.3 	 978008.68
-44.6304 	 -5.3197 	 98.87 	 978010.5
-44.6479 	 -5.3283 	 94.2 	 978011.62
-44.6738 	 -5.3371 	 115.29 	 978007.74
-45.456 	 -5.4543 	 162.13 	 977994.24
-45.48 	 -5.4634 	 138.07 	 977998.39
-45.8226 	 -5.6493 	 188.71 	 977975.07
-45.8728 	 -5.6734 	 195.38 	 977973.19
-46.0917 	 -5.7837 	 207.89 	 977967.83
-46.1965 	 -5.8331 	 219.47 	 977966.86
-46.2227 	 -5.8446 	 216.57 	 977968.49
-46.2424 	 -5.8649 	 223.84 	 977970.08
-46.2636 	 -5.8828 	 221.36 	 977971.52
-46.3127 	 -5.9073 	 938.2 	 977959.5
-46.3376 	 -5.9197 	 295.67 	 977951.32
-46.3619 	 -5.9317 	 273.11 	 977956.04
-46.3862 	 -5.9445 	 256.34 	 977959.13
-46.404 	 -5.9574 	 285.63 	 977952.2
-46.4449 	 -5.9819 	 306.95 	 977948.44
-46.4697 	 -5.9956 	 298.81 	 977951.96
-46.4935 	 -6.0087 	 305.68 	 977950.16
-46.5401 	 -6.0338 	 306.58 	 977950.1
-46.5688 	 -6.0367 	 255.24 	 977962.1
-41.948 	 -2.8913 	 2.27 	 978018.91
-41.9001 	 -2.9963 	 -15.94 	 978020.07
-42.0868 	 -2.8779 	 11.05 	 977994.4
-42.1165 	 -2.8378 	 -11.4 	 977987.51
-42.2782 	 -2.8877 	 22.66 	 977972.69
-42.7322 	 -2.7486 	 -15.01 	 977967.6
-42.6608 	 -2.7303 	 -20.74 	 977969.87
-42.6148 	 -2.7415 	 -21.02 	 977970.45
-42.3267 	 -2.7823 	 -2.43 	 977964.89
-42.3086 	 -2.8276 	 2.54 	 977963.9
-42.8485 	 -2.7881 	 -12.81 	 977970.81
-42.8672 	 -2.8371 	 1.29 	 977976.4
-42.9454 	 -2.8807 	 25.51 	 977990.51
-42.9861 	 -2.8992 	 27.64 	 977997.87
-43.0116 	 -2.9423 	 30.12 	 978001.13
-43.1105 	 -3.0233 	 65.56 	 978006.06
-43.1405 	 -3.0078 	 23.41 	 978014.94
-43.2298 	 -3.04 	 60.24 	 978011.75
-43.3588 	 -3.1729 	 42.28 	 978035.41
-43.4244 	 -3.2272 	 56.89 	 978034.15
-43.4321 	 -3.2705 	 15.36 	 978043.73
-43.5079 	 -3.3137 	 15.05 	 978038.64
-43.6904 	 -3.379 	 67.41 	 978033.53
-43.5488 	 -3.4169 	 67.06 	 978033.31
-43.5608 	 -3.4511 	 67.89 	 978035.21
-44.7932 	 -5.3856 	 69.18 	 978014.69
-44.8116 	 -5.3978 	 78.91 	 978011.14
-44.8582 	 -5.4084 	 108.67 	 977996.98
-44.8772 	 -5.3947 	 117.8 	 977991.11
-44.9437 	 -5.4177 	 134.54 	 977982.81
-44.9856 	 -5.4067 	 183.34 	 977976.27
-45.0097 	 -5.4194 	 163.6 	 977981.61
-45.0306 	 -5.4385 	 128.43 	 977989.55
-45.0509 	 -5.4425 	 113.68 	 977994.66
-45.0981 	 -5.4455 	 138.14 	 977992.11
-45.122 	 -5.4537 	 121.98 	 977996.13
-45.1475 	 -5.4504 	 96.33 	 978002.82
-45.2138 	 -5.4951 	 133.48 	 977998.66
-45.2749 	 -5.4858 	 146.75 	 977996.62
-45.3057 	 -5.4434 	 121.1 	 978004.09
-45.3454 	 -5.4181 	 190.69 	 977988.15
-46.6231 	 -4.3594 	 144.32 	 977974.11
-47.5482 	 -4.5593 	 263.97 	 977989.7
-47.8548 	 -4.9586 	 324.89 	 977973.39
-47.9606 	 -5.2118 	 124.09 	 978005.58
-47.4917 	 -5.524 	 97.59 	 978004.31
-46.1149 	 -5.8007 	 209.26 	 977969.17
-42.5418 	 -3.4595 	 29.08 	 978018.26
-42.4497 	 -3.444 	 -1.72 	 978024.21
-42.6365 	 -3.5466 	 62.82 	 978015.95
-42.7057 	 -3.6209 	 15.74 	 978028.37
-42.2179 	 -3.3753 	 46.19 	 978009.0
-42.1654 	 -2.839 	 -0.52 	 977978.99
-42.4669 	 -2.7851 	 -3.53 	 977962.95
-45.7134 	 -3.9991 	 14.75 	 977994.85
-46.4939 	 -4.2988 	 34.67 	 977996.6
-47.1821 	 -4.7811 	 234.6 	 977950.27
-47.3484 	 -4.8747 	 210.08 	 977971.97
-44.7 	 -5.343 	 128.31 	 978005.65
-44.7272 	 -5.3509 	 104.9 	 978009.77
-44.7468 	 -5.3654 	 102.12 	 978009.94
-44.774 	 -5.3739 	 71.91 	 978014.9
-44.9005 	 -5.4094 	 162.7 	 977977.63
-44.9271 	 -5.4199 	 75.24 	 977995.58
-45.1935 	 -5.4795 	 125.92 	 977999.63
-45.2863 	 -5.4638 	 185.94 	 977988.29
-45.3671 	 -5.4073 	 215.11 	 977983.26
-45.5006 	 -5.478 	 134.17 	 977996.88
-45.5256 	 -5.4916 	 149.75 	 977990.54
-45.5486 	 -5.5042 	 182.39 	 977982.08
-45.572 	 -5.517 	 197.2 	 977980.01
-45.5975 	 -5.5352 	 154.28 	 977993.68
-45.6211 	 -5.5468 	 165.45 	 977988.23
-45.65 	 -5.5524 	 197.67 	 977975.25
-45.67 	 -5.5659 	 208.13 	 977971.19
-45.6931 	 -5.5826 	 149.89 	 977983.71
-45.7455 	 -5.6103 	 238.51 	 977964.47
-45.7699 	 -5.623 	 193.31 	 977977.24
-45.7952 	 -5.6358 	 198.54 	 977972.7
-46.0036 	 -5.7351 	 194.22 	 977971.45
-46.0483 	 -5.7559 	 197.59 	 977969.51
-46.1665 	 -5.8262 	 209.91 	 977968.85
-46.289 	 -5.8955 	 247.11 	 977963.96
-46.7516 	 -6.0726 	 281.21 	 977954.14
-46.9295 	 -6.1471 	 206.22 	 977985.27
-47.2692 	 -6.2873 	 145.98 	 978014.14
-44.5617 	 -5.2955 	 106.64 	 978010.28
-44.5753 	 -5.3075 	 119.12 	 978007.56
-44.47522 	 -5.345744 	 102.007 	 978014.22
-47.49833 	 -5.491881 	 95.204 	 978006.44
-47.49808 	 -5.489865 	 95.549 	 978006.82
-47.4956 	 -5.490226 	 97.469 	 978006.02
-47.49959 	 -5.476506 	 148.748 	 977997.11
-44.02693 	 -4.537994 	 31.788 	 978007.7
-44.75998 	 -4.222434 	 -5.752 	 978012.77
-47.48457 	 -5.474588 	 160.628 	 977992.91
-44.1276 	 -4.118844 	 10.096 	 978009.76
-43.01668 	 -4.247306 	 40.585 	 978006.93
-43.18493 	 -4.928359 	 121.924 	 977993.96
-43.34431 	 -4.812788 	 46.114 	 978014.59
-45.87301 	 -2.182423 	 38.012 	 977963.39
-42.85472 	 -3.672778 	 63.749 	 978007.63
-43.96458 	 -3.523312 	 10.227 	 978020.79
-43.45779 	 -3.733159 	 25.182 	 978040.74
-44.65818 	 -3.579631 	 -13.557 	 977988.3
-44.81273 	 -4.641685 	 25.157 	 978003.44
-45.01819 	 -3.192913 	 -9.081 	 978005.9
-47.42011 	 -6.542063 	 181.15 	 978006.13
-45.58977 	 -3.909315 	 8.813 	 977993.85
-45.75445 	 -4.021706 	 18.4 	 977993.89
-43.32089 	 -3.147085 	 68.377 	 978028.36
-42.36991 	 -2.796386 	 -13.568 	 977966.92
-46.07044 	 -5.768704 	 188.416 	 977971.4
-47.35615 	 -5.845742 	 123.508 	 978003.45
-47.38278 	 -5.999748 	 132.423 	 978003.97
-43.38973 	 -3.204091 	 48.447 	 978035.54
-44.48577 	 -5.302927 	 86.751 	 978016.51
-46.15702 	 -5.816454 	 206.514 	 977968.56
-45.23392 	 -5.508131 	 129.386 	 977999.85
-47.03471 	 -6.190142 	 162.119 	 978000.62
