        generated_by     ICGEM (hosted at GFZ-Potsdam)
     generating_date     2019/08/30
----------------------------------------------------------------------
           modelname     EIGEN-6C4
     max_used_degree          2190
----------------------------------------------------------------------
         tide_system     tide_free
    zero_degree_term     included
----------------------------------------------------------------------
          refsysname     WGS84
   max_degree_refpot             8
            gmrefpot      3.98600441800E+14[m**3/s**2]
        radiusrefpot     6378137.000 m
          flatrefpot      3.352810664747480E-03   (1/298.25722356300)
         omegarefpot      7.29211500000E-05 1/s
----------------------------------------------------------------------
    number_of_points           909
      latlimit_north     -0.59500000000000    
      latlimit_south      -9.7779000000000    
      longlimit_west      -58.232800000000    
      longlimit_east      -46.341100000000    
----------------------------------------------------------------------
description of columns -----------------------------------------------
 1 identifier (from input)
 2 longitude  (from input)    [degree]
 3 latitude   (from input)    [degree]
 4 h_over_ell (from input)     [meter]
 -------------------------------------
 5 gravity                      [mGal]  gravity(h)                        
----------------------------------------------------------------------

end_of_head ================================================================
1            -49.54140000   -5.05390000  7.689000E+01  9.780481944861E+05
2            -49.79920000   -4.87120000  1.205500E+02  9.780301948535E+05
3            -49.64800000   -4.23100000  7.601000E+01  9.779903324266E+05
4            -49.35870000   -4.86950000  6.198000E+01  9.780237328790E+05
5            -48.78620000   -4.65490000  1.768700E+02  9.779870524983E+05
6            -48.86860000   -5.86030000  1.176600E+02  9.780040767969E+05
7            -49.12230000   -5.36240000  7.668000E+01  9.780170983454E+05
8            -48.07580000   -4.77760000  1.710300E+02  9.779891257971E+05
9            -48.06690000   -4.77910000  1.850000E+02  9.779852052288E+05
10           -49.13660000   -5.37160000  8.520000E+01  9.780152409652E+05
11           -49.13560000   -5.34920000  6.116000E+01  9.780215496593E+05
12           -50.90000000   -8.53670000  2.377700E+02  9.780732149458E+05
13           -55.70080000   -4.27810000  7.888000E+01  9.779819998382E+05
14           -49.23070000   -5.15250000  6.413000E+01  9.780214323639E+05
15           -49.22580000   -4.98720000  8.213000E+01  9.780096994635E+05
16           -49.02460000   -5.06970000  8.869000E+01  9.779980026644E+05
17           -49.27740000   -5.28090000  5.645000E+01  9.780292702251E+05
18           -49.46580000   -5.28970000  9.607000E+01  9.780451163686E+05
19           -48.94420000   -5.44490000  9.790000E+01  9.780119729537E+05
20           -48.76440000   -5.44780000  8.708000E+01  9.780093879589E+05
21           -49.13280000   -4.81190000  8.414000E+01  9.779867390923E+05
22           -48.87090000   -4.85760000  1.623100E+02  9.779866122120E+05
23           -49.12750000   -5.43820000  6.676000E+01  9.780235122750E+05
24           -49.05900000   -5.37860000  1.016600E+02  9.780105018955E+05
25           -49.08090000   -5.30310000  5.652000E+01  9.780194579832E+05
26           -49.16680000   -5.30620000  6.002000E+01  9.780211737338E+05
27           -49.17770000   -5.38260000  5.920000E+01  9.780253138393E+05
28           -49.47050000   -5.43020000  1.579500E+02  9.780382516577E+05
29           -49.32440000   -5.43320000  1.442500E+02  9.780193592595E+05
30           -49.40340000   -5.62430000  8.524000E+01  9.780477918107E+05
31           -49.23390000   -5.53570000  6.781000E+01  9.780311515112E+05
32           -48.88070000   -5.65030000  9.963000E+01  9.780043177569E+05
33           -49.26140000   -5.71290000  8.641000E+01  9.780271778507E+05
34           -49.06310000   -5.01020000  1.075900E+02  9.779908133024E+05
35           -48.56730000   -5.47160000  1.115500E+02  9.780128514784E+05
36           -48.31650000   -5.71420000  9.312000E+01  9.780414744135E+05
37           -48.46770000   -5.96440000  1.456200E+02  9.780105403956E+05
38           -48.64960000   -5.70710000  1.613600E+02  9.779951424360E+05
39           -48.63540000   -6.12680000  1.610700E+02  9.780008930655E+05
40           -48.53670000   -6.31670000  1.254800E+02  9.780296634949E+05
41           -52.18130000   -3.20100000  1.625400E+02  9.779237409830E+05
42           -49.73720000   -3.54390000  5.297000E+01  9.780118690548E+05
43           -48.59420000   -6.32830000  1.544100E+02  9.780135755870E+05
44           -50.77860000   -7.81060000  3.058500E+02  9.780438079134E+05
45           -54.70310000   -2.61140000  6.884000E+01  9.780348038331E+05
46           -50.17530000   -4.22140000  9.140000E+01  9.780066065508E+05
47           -49.71830000   -8.87170000  1.342600E+02  9.780699448119E+05
48           -49.94470000   -8.84750000  1.610900E+02  9.780601378868E+05
49           -46.70390000   -1.06000000 -5.130000E+00  9.779897400533E+05
50           -48.21670000   -1.30810000  4.800000E+00  9.780213735393E+05
51           -47.89360000   -1.00750000  1.348000E+01  9.780076538177E+05
52           -48.78360000   -1.79640000 -5.330000E+00  9.780308688603E+05
53           -46.64330000   -1.02500000 -1.375000E+01  9.779977531967E+05
54           -55.83030000   -1.71780000  5.717000E+01  9.779832879843E+05
55           -48.25530000   -1.27860000 -9.960000E+00  9.780269961207E+05
56           -47.01750000   -1.39190000  4.497000E+01  9.780066939554E+05
57           -57.78580000   -6.04940000  9.480000E+01  9.780615552222E+05
58           -53.52500000   -3.66560000  7.195000E+01  9.779940749348E+05
59           -48.81080000   -1.70690000 -1.260000E+01  9.780465464933E+05
60           -48.58920000   -5.04170000  1.430200E+02  9.780230336520E+05
61           -49.04580000   -6.22060000  1.519700E+02  9.779967029676E+05
62           -49.94560000   -8.53440000  1.759000E+02  9.780536150747E+05
63           -55.52720000   -1.90360000  1.851000E+01  9.779896004230E+05
64           -48.52750000   -5.01810000  1.384100E+02  9.780300093122E+05
65           -49.42080000   -8.26220000  2.320200E+02  9.780141217571E+05
66           -51.18140000   -3.53390000  3.674000E+01  9.780033848981E+05
67           -50.49470000   -3.85310000  6.466000E+01  9.780067114942E+05
68           -47.26610000   -3.30810000  6.078000E+01  9.779916147129E+05
69           -47.42690000   -3.65000000  1.018800E+02  9.780079333503E+05
70           -47.54080000   -3.95920000  1.270300E+02  9.780012468659E+05
71           -49.27220000   -5.39360000  1.072500E+02  9.780204940668E+05
72           -49.70390000   -5.43530000  1.669300E+02  9.780537987223E+05
73           -50.04640000   -8.34750000  1.659400E+02  9.780587962528E+05
74           -49.68780000   -8.40470000  1.966400E+02  9.780272231698E+05
75           -48.73030000   -5.50780000  8.479000E+01  9.780106810468E+05
76           -50.73920000   -6.70190000  2.725200E+02  9.780263408628E+05
77           -49.56690000   -6.82110000  1.691900E+02  9.780099738511E+05
78           -49.36970000   -6.31810000  1.141400E+02  9.780304324680E+05
79           -49.28030000   -3.77190000  9.743000E+01  9.779750077409E+05
80           -55.56970000   -4.21580000  6.100000E+01  9.779916223506E+05
81           -55.54500000   -6.49780000  2.282600E+02  9.779944135074E+05
82           -54.68000000   -2.65670000  1.242500E+02  9.780159448022E+05
83           -54.67080000   -2.50250000  4.460000E+01  9.780351936099E+05
84           -49.37280000   -5.17500000  7.944000E+01  9.780334854059E+05
85           -49.10250000   -6.20440000  1.542000E+02  9.780028907127E+05
86           -47.25920000   -0.92440000  1.250000E+01  9.780234685472E+05
87           -48.36030000   -1.08110000 -1.233000E+01  9.780264221616E+05
88           -48.12860000   -1.14610000 -3.840000E+00  9.780220480239E+05
89           -48.03560000   -0.74670000 -1.144000E+01  9.780130099495E+05
90           -54.91250000   -9.35860000  4.504500E+02  9.780170784801E+05
91           -49.67250000   -6.92250000  1.635100E+02  9.780208179098E+05
92           -49.49470000   -6.68970000  1.498300E+02  9.780105991588E+05
93           -50.67890000   -7.84690000  2.910700E+02  9.780479272519E+05
94           -49.28640000   -8.15530000  1.575200E+02  9.780244138110E+05
95           -49.28810000   -7.88500000  1.767400E+02  9.780086244964E+05
96           -49.50000000   -7.66500000  1.620500E+02  9.780150714096E+05
97           -50.63640000   -6.79170000  3.024100E+02  9.780221201773E+05
98           -49.89690000   -7.05920000  2.407400E+02  9.780246894819E+05
99           -55.98280000   -4.27560000 -4.420000E+00  9.780085828014E+05
100          -49.00780000   -2.08420000 -1.770000E+01  9.780202759234E+05
101          -49.30080000   -2.37610000 -6.680000E+00  9.780281197457E+05
102          -48.83640000   -1.84530000 -9.370000E+00  9.780291283502E+05
103          -50.49530000   -8.79440000  2.189500E+02  9.780667602698E+05
104          -57.84920000   -6.23060000  9.105000E+01  9.780696459146E+05
105          -58.23280000   -6.41690000  1.027900E+02  9.780797506629E+05
106          -55.47970000   -1.79060000  8.128000E+01  9.779669336829E+05
107          -55.31670000   -1.61440000  1.238000E+01  9.779775717553E+05
108          -55.52140000   -1.86920000  7.283000E+01  9.779728482732E+05
109          -49.07970000   -5.30170000  6.222000E+01  9.780176145846E+05
110          -49.21080000   -5.35720000  1.153300E+02  9.780090590439E+05
111          -49.47830000   -4.90310000  6.334000E+01  9.780368833439E+05
112          -48.28670000   -4.89330000  2.088800E+02  9.780033710437E+05
113          -48.01670000   -4.72610000  2.832800E+02  9.779636041997E+05
114          -49.66310000   -6.09420000  2.598700E+02  9.780231103708E+05
115          -49.97780000   -6.10030000  3.831600E+02  9.780131910895E+05
116          -49.34670000   -6.13030000  1.112400E+02  9.780327014219E+05
117          -48.93970000   -6.31470000  1.481500E+02  9.779969941785E+05
118          -48.76140000   -5.39330000  6.930000E+01  9.780121292550E+05
119          -49.94560000   -7.10470000  2.272000E+02  9.780331162976E+05
120          -50.17190000   -6.97940000  2.430900E+02  9.780330585130E+05
121          -50.36330000   -6.81530000  2.919700E+02  9.780176134780E+05
122          -47.29440000   -3.54000000  1.669200E+02  9.779784926705E+05
123          -47.54560000   -4.44330000  9.681000E+01  9.780313744649E+05
124          -47.54440000   -4.05690000  2.248400E+02  9.779860476116E+05
125          -48.16280000   -1.29860000 -6.400000E-01  9.780245462221E+05
126          -47.19000000   -1.12420000  2.009000E+01  9.780146927027E+05
127          -47.22140000   -0.81330000  2.460000E+00  9.780275260473E+05
128          -47.30080000   -0.71060000  1.029000E+01  9.780167592823E+05
129          -46.85970000   -1.31560000  9.350000E+00  9.779983027275E+05
130          -46.86920000   -1.55690000  4.895000E+01  9.780206910491E+05
131          -47.25060000   -1.07280000  1.858000E+01  9.780158421754E+05
132          -47.02310000   -0.81280000 -2.338000E+01  9.780251742360E+05
133          -47.07530000   -0.97360000  1.123000E+01  9.780212827800E+05
134          -47.32810000   -1.79500000  4.810000E+00  9.780417599778E+05
135          -48.14500000   -0.85560000 -1.942000E+01  9.780125345502E+05
136          -48.07330000   -0.79310000 -1.691000E+01  9.780124633520E+05
137          -47.70140000   -1.29670000  2.935000E+01  9.780125342453E+05
138          -47.66170000   -1.19390000  1.713000E+01  9.780200486068E+05
139          -47.79610000   -1.15360000  2.350000E+01  9.780065363250E+05
140          -47.92810000   -1.23560000  1.897000E+01  9.780031597039E+05
141          -47.93000000   -1.07780000  1.642000E+01  9.780038912535E+05
142          -47.86170000   -0.72890000 -1.336000E+01  9.780302079746E+05
143          -47.79640000   -0.77030000 -1.705000E+01  9.780331469256E+05
144          -47.64640000   -0.62440000 -2.119000E+01  9.780206526277E+05
145          -47.49000000   -0.94390000  1.237000E+01  9.780115288536E+05
146          -47.59470000   -1.01330000  1.346000E+01  9.780162818157E+05
147          -55.62500000   -6.11360000  2.900600E+02  9.779794476862E+05
148          -55.81330000   -5.59580000  1.236700E+02  9.780180893311E+05
149          -55.51920000   -6.57640000  2.184600E+02  9.779999982662E+05
150          -55.46940000   -6.81360000  2.063500E+02  9.780060632460E+05
151          -54.50640000   -2.71890000  1.329200E+02  9.780167778770E+05
152          -54.59530000   -2.63440000  1.127900E+02  9.780185626833E+05
153          -54.74610000   -2.44030000 -4.200000E+00  9.780450016922E+05
154          -53.56390000   -3.67500000  6.562000E+01  9.779953332039E+05
155          -53.32610000   -3.61580000  9.530000E+01  9.779878507324E+05
156          -53.10610000   -3.49830000  1.969400E+02  9.779469468770E+05
157          -50.11970000   -4.15920000  9.628000E+01  9.780018300236E+05
158          -49.95220000   -4.31080000  5.943000E+01  9.780187441954E+05
159          -49.84690000   -4.51360000  7.473000E+01  9.780257036162E+05
160          -49.69310000   -4.68470000  9.522000E+01  9.780246245375E+05
161          -49.53780000   -5.45890000  1.282300E+02  9.780542607945E+05
162          -49.75920000   -5.45420000  1.611900E+02  9.780576228152E+05
163          -50.02000000   -8.20060000  2.197800E+02  9.780312113532E+05
164          -50.04390000   -8.40580000  1.691500E+02  9.780588729958E+05
165          -49.88940000   -8.55560000  1.812300E+02  9.780498931801E+05
166          -49.70030000   -8.46390000  1.899300E+02  9.780322719504E+05
167          -49.99860000   -7.59610000  1.996500E+02  9.780379773905E+05
168          -49.80470000   -7.57640000  1.913800E+02  9.780281318039E+05
169          -49.59190000   -7.63920000  2.251000E+02  9.780001745468E+05
170          -49.43470000   -7.61750000  1.595400E+02  9.780103792600E+05
171          -50.24390000   -8.69080000  1.760200E+02  9.780818670181E+05
172          -50.05860000   -8.77810000  1.583000E+02  9.780687693040E+05
173          -49.89060000   -8.87000000  1.652800E+02  9.780599942968E+05
174          -47.62060000   -4.31250000  1.898300E+02  9.780153511478E+05
175          -48.41110000   -2.50720000  7.310000E+00  9.779712948606E+05
176          -46.48470000   -1.79310000  7.240000E+00  9.780295266876E+05
177          -47.65560000   -1.32580000  1.608000E+01  9.780199019716E+05
178          -54.90890000   -4.10000000  1.230100E+02  9.779728476089E+05
179          -55.90530000   -4.39580000  2.970000E+01  9.780093419808E+05
180          -55.44420000   -4.18670000  5.101000E+01  9.779931734149E+05
181          -56.04280000   -5.19690000  8.407000E+01  9.780204587388E+05
182          -50.27890000   -3.95610000  7.063000E+01  9.780095586145E+05
183          -50.26220000   -3.97720000  7.254000E+01  9.780082516313E+05
184          -50.22610000   -4.14220000  9.454000E+01  9.780021046258E+05
185          -55.46250000   -1.74110000  5.030000E+01  9.779755653817E+05
186          -55.43000000   -1.69000000  3.520000E+01  9.779774434556E+05
187          -55.37310000   -1.64970000  4.443000E+01  9.779712563220E+05
188          -55.27470000   -1.57640000  2.244000E+01  9.779692062719E+05
189          -55.21720000   -1.53970000  2.850000E+00  9.779728170245E+05
190          -55.52890000   -1.86920000  7.031000E+01  9.779735415096E+05
191          -55.50810000   -1.86750000  6.932000E+01  9.779738501689E+05
192          -55.51690000   -1.87360000  6.088000E+01  9.779766143415E+05
193          -55.53250000   -1.85250000  5.052000E+01  9.779794533111E+05
194          -55.61220000   -1.81640000  2.455000E+01  9.779883424069E+05
195          -55.60110000   -1.79420000  5.036000E+01  9.779806859576E+05
196          -48.47810000   -1.30280000 -1.185000E+01  9.780112811907E+05
197          -48.13610000   -1.21690000  5.800000E-01  9.780255040384E+05
198          -48.12690000   -1.07310000  1.095000E+01  9.780129409368E+05
199          -48.11000000   -1.00360000  9.770000E+00  9.780086828925E+05
200          -48.09610000   -0.93560000 -5.210000E+00  9.780079511250E+05
201          -48.09170000   -0.87000000 -1.106000E+01  9.780088464478E+05
202          -48.06670000   -0.80580000 -8.150000E+00  9.780100369130E+05
203          -48.02330000   -0.75360000 -1.578000E+01  9.780153944551E+05
204          -48.06330000   -0.94970000  1.710000E+00  9.780061660546E+05
205          -47.98500000   -0.95390000 -1.023000E+01  9.780122283782E+05
206          -55.09360000   -8.31580000  2.384200E+02  9.780520182358E+05
207          -55.59330000   -1.64920000  4.060000E+01  9.779825182703E+05
208          -55.63420000   -1.61080000  8.489000E+01  9.779681503908E+05
209          -55.64610000   -1.84110000 -7.390000E+00  9.779981170417E+05
210          -49.08360000   -3.88250000  1.025200E+02  9.779667951490E+05
211          -49.06220000   -4.04000000  9.351000E+01  9.779574936438E+05
212          -49.06000000   -4.25580000  7.144000E+01  9.779616803863E+05
213          -49.09640000   -4.33670000  6.657000E+01  9.779666989826E+05
214          -48.35830000   -2.70970000  1.987000E+01  9.779770778620E+05
215          -49.06940000   -4.27920000  6.168000E+01  9.779651987178E+05
216          -49.17940000   -3.79580000  7.206000E+01  9.779840322840E+05
217          -49.41830000   -3.77250000  4.396000E+01  9.779951826525E+05
218          -49.48420000   -3.75860000  5.690000E+01  9.779998427571E+05
219          -49.54640000   -3.74860000  6.028000E+01  9.780029151190E+05
220          -48.81190000   -2.20750000 -1.136000E+01  9.780061901255E+05
221          -48.79000000   -2.26470000 -1.041000E+01  9.779990975754E+05
222          -48.76970000   -2.32670000 -4.040000E+00  9.779905382286E+05
223          -48.75080000   -2.38890000 -5.310000E+00  9.779838849420E+05
224          -48.95360000   -3.14560000  2.767000E+01  9.780517694801E+05
225          -48.93940000   -3.42080000  4.269000E+01  9.780309707885E+05
226          -49.00360000   -3.54110000  4.857000E+01  9.780278171504E+05
227          -53.73470000   -3.71670000  1.247300E+02  9.779805672166E+05
228          -55.95920000   -4.37610000  7.178000E+01  9.779967975700E+05
229          -55.86220000   -4.37500000  5.103000E+01  9.779985248298E+05
230          -50.32440000   -9.32140000  1.726600E+02  9.781000600647E+05
231          -48.59220000   -1.49280000 -1.831000E+01  9.780205229216E+05
232          -48.55830000   -1.60420000 -9.450000E+00  9.780321686432E+05
233          -48.77110000   -1.92470000 -7.750000E+00  9.780261507971E+05
234          -55.76250000   -4.33140000  5.847000E+01  9.779930249040E+05
235          -55.63720000   -4.24530000  6.191000E+01  9.779894272201E+05
236          -55.50470000   -4.19860000  5.101000E+01  9.779942518571E+05
237          -55.26280000   -7.51500000  2.101700E+02  9.780266493148E+05
238          -55.24640000   -7.56640000  2.065000E+02  9.780252225921E+05
239          -55.23890000   -7.59250000  2.378900E+02  9.780161992028E+05
240          -55.19780000   -7.77330000  2.258900E+02  9.780296745413E+05
241          -55.15140000   -8.03080000  2.961200E+02  9.780316707078E+05
242          -55.12470000   -8.18810000  2.350900E+02  9.780525837114E+05
243          -48.71720000   -1.56190000 -1.123000E+01  9.780430700698E+05
244          -48.67080000   -1.63720000 -5.730000E+00  9.780340021597E+05
245          -48.76360000   -1.76080000 -6.350000E+00  9.780344004682E+05
246          -48.67440000   -1.70190000 -9.700000E-01  9.780331463998E+05
247          -48.49310000   -2.50000000  7.590000E+00  9.779711365486E+05
248          -48.63920000   -2.42190000  1.390000E+00  9.779727901179E+05
249          -48.58560000   -2.44310000 -2.200000E-01  9.779731877625E+05
250          -48.29390000   -1.94640000  6.860000E+00  9.780126883737E+05
251          -48.56920000   -1.97220000  5.390000E+00  9.780248721441E+05
252          -48.62170000   -1.99610000 -2.490000E+00  9.780254014289E+05
253          -48.72860000   -2.08780000 -1.857000E+01  9.780189046354E+05
254          -48.14640000   -2.37530000  1.700000E-01  9.779788045486E+05
255          -48.10580000   -2.32080000  2.860000E+00  9.779835754241E+05
256          -47.44560000   -2.94420000  1.047100E+02  9.779787814597E+05
257          -47.43810000   -2.87060000  4.759000E+01  9.779981439724E+05
258          -47.45080000   -2.79580000  6.787000E+01  9.779927479890E+05
259          -47.48030000   -2.72170000  5.724000E+01  9.779984172544E+05
260          -47.47750000   -2.64780000  7.283000E+01  9.779911449112E+05
261          -47.49060000   -2.57500000  3.383000E+01  9.780017643372E+05
262          -47.50310000   -2.52640000  3.341000E+01  9.780039717705E+05
263          -47.50940000   -2.45530000  4.115000E+01  9.780058239216E+05
264          -47.55440000   -2.36690000  3.919000E+01  9.780086270626E+05
265          -47.56420000   -2.28810000  2.040000E+00  9.780204043984E+05
266          -47.56280000   -2.26080000  2.247000E+01  9.780142500014E+05
267          -47.56060000   -2.17830000  1.305000E+01  9.780171553706E+05
268          -47.56000000   -2.10250000  3.156000E+01  9.780103078613E+05
269          -47.40970000   -2.98890000  9.499000E+01  9.779821642189E+05
270          -47.46000000   -3.00390000  8.845000E+01  9.779844692212E+05
271          -47.47530000   -3.07000000  1.165300E+02  9.779780603369E+05
272          -47.49030000   -3.13390000  9.027000E+01  9.779889483426E+05
273          -47.49470000   -3.20280000  9.560000E+01  9.779903871235E+05
274          -47.47110000   -3.26530000  9.549000E+01  9.779911894513E+05
275          -47.45920000   -3.32780000  1.655100E+02  9.779684840048E+05
276          -47.44440000   -3.39640000  1.020700E+02  9.779881875834E+05
277          -47.47940000   -3.45750000  8.331000E+01  9.779930647089E+05
278          -47.48690000   -3.52920000  8.669000E+01  9.779990326775E+05
279          -47.49030000   -3.58780000  1.533100E+02  9.779886196615E+05
280          -47.48830000   -3.65360000  1.569400E+02  9.779905208728E+05
281          -47.48940000   -3.71750000  8.804000E+01  9.780063821127E+05
282          -47.59470000   -2.97360000  4.643000E+01  9.779895261874E+05
283          -47.79170000   -2.95140000  5.480000E+00  9.780038645922E+05
284          -47.84420000   -2.93890000  2.345000E+01  9.780002534181E+05
285          -47.99530000   -2.91780000  3.603000E+01  9.779957628458E+05
286          -48.08640000   -2.87580000  3.572000E+01  9.779895452360E+05
287          -47.33000000   -3.05140000  1.145200E+02  9.779767874584E+05
288          -47.31670000   -3.10860000  7.430000E+01  9.779920115976E+05
289          -47.30080000   -3.18060000  1.410400E+02  9.779758115176E+05
290          -47.28440000   -3.23920000  1.560600E+02  9.779690427539E+05
291          -47.55140000   -4.29420000  2.365300E+02  9.779983959245E+05
292          -47.55560000   -4.29890000  2.408300E+02  9.779974606626E+05
293          -48.15220000   -2.42000000 -9.700000E+00  9.779798269819E+05
294          -49.09670000   -3.84310000  7.597000E+01  9.779792415702E+05
295          -54.96780000   -8.76110000  4.287900E+02  9.779973944966E+05
296          -55.03830000   -8.63640000  2.539500E+02  9.780422345710E+05
297          -55.38190000   -7.14190000  2.089500E+02  9.780104205779E+05
298          -55.31360000   -7.28080000  2.225000E+02  9.780116563360E+05
299          -50.80610000   -6.72470000  3.100100E+02  9.780161085191E+05
300          -50.86280000   -6.76140000  2.861600E+02  9.780209455485E+05
301          -49.83890000   -7.03060000  1.917900E+02  9.780311244992E+05
302          -49.77810000   -7.00080000  1.959700E+02  9.780205892158E+05
303          -49.72470000   -6.96640000  1.979800E+02  9.780132293708E+05
304          -49.54580000   -6.75750000  1.774600E+02  9.780048039510E+05
305          -49.46030000   -6.62750000  1.275100E+02  9.780188163900E+05
306          -49.40750000   -6.53830000  1.236400E+02  9.780195936432E+05
307          -49.40110000   -6.46060000  1.102300E+02  9.780278154555E+05
308          -49.40720000   -6.38750000  1.260200E+02  9.780244633394E+05
309          -49.37940000   -6.24220000  1.002500E+02  9.780368798428E+05
310          -49.38030000   -6.16750000  1.028100E+02  9.780365272876E+05
311          -50.03890000   -7.41390000  2.297800E+02  9.780368945837E+05
312          -50.04280000   -7.54220000  2.267800E+02  9.780363719131E+05
313          -50.02030000   -7.63030000  1.996100E+02  9.780391654477E+05
314          -49.58530000   -6.87440000  1.997000E+02  9.780011781363E+05
315          -49.51390000   -6.88170000  1.499700E+02  9.780090382794E+05
316          -47.75640000   -2.02720000 -1.358000E+01  9.780199863372E+05
317          -47.51000000   -1.55670000  2.140000E+00  9.780408465777E+05
318          -47.48780000   -1.64000000 -1.849000E+01  9.780465652533E+05
319          -47.26310000   -1.77580000  3.463000E+01  9.780334280808E+05
320          -47.18940000   -1.76390000  3.173000E+01  9.780319311266E+05
321          -47.11750000   -1.74830000  5.474000E+01  9.780220195013E+05
322          -47.07780000   -1.76140000  5.530000E+01  9.780203876051E+05
323          -47.07470000   -1.83500000  3.138000E+01  9.780277952265E+05
324          -47.03920000   -1.88970000  5.256000E+01  9.780203097447E+05
325          -47.05250000   -1.93470000  2.141000E+01  9.780330480775E+05
326          -47.06390000   -1.69780000  5.120000E+01  9.780243178825E+05
327          -47.06060000   -1.62670000  5.038000E+01  9.780225473063E+05
328          -47.11220000   -1.57310000  1.911000E+01  9.780298301902E+05
329          -48.37500000   -1.36690000 -5.750000E+00  9.780111187275E+05
330          -48.32860000   -1.36720000 -1.340000E+00  9.780130318674E+05
331          -48.26030000   -1.35780000  1.138000E+01  9.780156374762E+05
332          -48.21940000   -1.31110000  4.830000E+00  9.780211386013E+05
333          -48.22360000   -1.34440000 -5.330000E+00  9.780225448875E+05
334          -48.07360000   -1.43530000  5.870000E+00  9.780151884033E+05
335          -48.02420000   -1.46860000 -1.769000E+01  9.780203095150E+05
336          -48.09420000   -1.38670000  5.220000E+00  9.780177362186E+05
337          -48.16190000   -1.30640000  4.850000E+00  9.780224698338E+05
338          -48.24500000   -1.33750000  6.690000E+00  9.780185863937E+05
339          -48.29250000   -1.22610000 -1.436000E+01  9.780295198161E+05
340          -48.26690000   -1.22220000 -7.470000E+00  9.780290645704E+05
341          -48.24000000   -1.18560000 -1.179000E+01  9.780310224911E+05
342          -48.26250000   -1.13280000 -9.700000E+00  9.780263154819E+05
343          -48.32920000   -1.17530000 -2.022000E+01  9.780276813488E+05
344          -48.37890000   -1.12940000 -1.373000E+01  9.780269223093E+05
345          -48.41030000   -1.09440000 -1.304000E+01  9.780311290649E+05
346          -48.32780000   -1.07420000 -1.923000E+01  9.780254376219E+05
347          -48.45250000   -1.12970000 -1.770000E+01  9.780335495419E+05
348          -48.39170000   -1.11920000 -1.374000E+01  9.780286790273E+05
349          -48.43810000   -1.34330000 -1.583000E+01  9.780152021010E+05
350          -47.15670000   -1.12890000  2.064000E+01  9.780149545163E+05
351          -47.20750000   -1.07920000  2.801000E+01  9.780139315157E+05
352          -47.27420000   -1.05360000  1.782000E+01  9.780168241204E+05
353          -47.18750000   -0.98280000  1.110000E+00  9.780284153832E+05
354          -47.14060000   -0.96170000 -1.430000E+00  9.780275670190E+05
355          -47.00560000   -0.85060000 -2.370000E+01  9.780258911784E+05
356          -47.00640000   -0.89690000 -2.263000E+01  9.780262179197E+05
357          -47.05220000   -0.90860000 -1.495000E+01  9.780272671004E+05
358          -47.09470000   -0.93280000 -1.894000E+01  9.780305161174E+05
359          -47.04500000   -0.99060000 -1.676000E+01  9.780281208388E+05
360          -47.44000000   -1.76830000 -9.160000E+00  9.780405507048E+05
361          -47.39720000   -1.78470000  2.910000E+00  9.780391965533E+05
362          -48.59500000   -6.19360000  1.735000E+02  9.780114844670E+05
363          -48.59690000   -6.26610000  1.426300E+02  9.780180356131E+05
364          -48.56310000   -6.39310000  1.138800E+02  9.780275005631E+05
365          -49.41750000   -6.09810000  1.129500E+02  9.780429327281E+05
366          -49.48830000   -6.06890000  1.272600E+02  9.780423253171E+05
367          -49.55250000   -6.05670000  1.691700E+02  9.780349628873E+05
368          -49.59690000   -6.09860000  1.780600E+02  9.780378490077E+05
369          -49.73860000   -6.08920000  1.933400E+02  9.780498083468E+05
370          -49.80810000   -6.08420000  1.841100E+02  9.780562531633E+05
371          -50.02860000   -6.10190000  5.982300E+02  9.779497822958E+05
372          -50.05970000   -6.06610000  6.445900E+02  9.779338201060E+05
373          -50.11330000   -6.04060000  6.651300E+02  9.779211187496E+05
374          -49.29690000   -6.10890000  1.150300E+02  9.780306230398E+05
375          -49.26170000   -6.13670000  1.647000E+02  9.780141988812E+05
376          -55.68890000   -6.00250000  1.664800E+02  9.780086525790E+05
377          -55.70560000   -5.94670000  1.340800E+02  9.780111337951E+05
378          -55.72780000   -5.81330000  1.212900E+02  9.780143174063E+05
379          -55.74170000   -5.73390000  1.589100E+02  9.780034749540E+05
380          -55.77390000   -5.66810000  2.133500E+02  9.779918313276E+05
381          -55.57720000   -6.34470000  1.887900E+02  9.780005984321E+05
382          -55.56310000   -6.41580000  1.725800E+02  9.780054275067E+05
383          -55.51220000   -6.65140000  2.007200E+02  9.780043191362E+05
384          -55.47940000   -6.73000000  1.930700E+02  9.780079557408E+05
385          -48.04220000   -2.19110000 -4.440000E+00  9.779959233763E+05
386          -47.94500000   -1.99640000  2.294000E+01  9.780045842804E+05
387          -55.63310000   -6.17390000  2.128400E+02  9.779988940545E+05
388          -56.30580000   -4.54860000  6.540000E+01  9.780034456913E+05
389          -56.31890000   -4.60220000  4.657000E+01  9.780093541971E+05
390          -56.37940000   -4.62530000  4.801000E+01  9.780112339458E+05
391          -56.44190000   -4.66250000  6.022000E+01  9.780039697139E+05
392          -56.50390000   -4.68000000  5.707000E+01  9.779998903506E+05
393          -56.55750000   -4.63810000  5.847000E+01  9.780014112401E+05
394          -56.63580000   -4.66640000  4.978000E+01  9.779995170064E+05
395          -56.72390000   -4.67330000  4.035000E+01  9.780039308690E+05
396          -56.14640000   -4.23060000  6.465000E+01  9.779912550127E+05
397          -56.18610000   -4.21830000  3.366000E+01  9.780022919960E+05
398          -48.37750000   -5.68420000  1.613500E+02  9.780246457670E+05
399          -48.32890000   -5.69030000  1.253000E+02  9.780337337367E+05
400          -48.25470000   -5.67580000  1.441900E+02  9.780202526579E+05
401          -48.17610000   -5.70670000  6.967000E+01  9.780292525359E+05
402          -48.73940000   -5.49080000  1.007100E+02  9.780055812298E+05
403          -48.74690000   -5.55750000  1.308800E+02  9.779967644227E+05
404          -48.72940000   -5.61640000  1.393500E+02  9.779955073937E+05
405          -48.70030000   -5.67640000  1.393500E+02  9.779957264609E+05
406          -48.69670000   -5.73560000  1.360600E+02  9.779958922043E+05
407          -49.65190000   -5.79330000  1.514400E+02  9.780223215736E+05
408          -48.61810000   -5.84500000  1.706100E+02  9.779926306576E+05
409          -48.62500000   -5.91220000  1.873300E+02  9.779886904511E+05
410          -48.64580000   -5.98420000  1.715100E+02  9.779955274018E+05
411          -48.62860000   -6.04750000  1.630800E+02  9.779979846178E+05
412          -48.59360000   -6.11500000  1.765000E+02  9.780043432298E+05
413          -50.26110000   -6.88420000  3.185200E+02  9.780129154832E+05
414          -50.32000000   -6.85140000  2.691300E+02  9.780254262067E+05
415          -50.43030000   -6.80470000  3.161200E+02  9.780109581273E+05
416          -50.49420000   -6.80360000  2.781400E+02  9.780230777338E+05
417          -50.57330000   -6.81720000  3.017700E+02  9.780185970267E+05
418          -50.67420000   -6.74140000  3.214100E+02  9.780160703311E+05
419          -50.48030000   -4.39360000  1.157900E+02  9.780119943901E+05
420          -50.47860000   -4.45580000  1.123800E+02  9.780181439675E+05
421          -50.43940000   -4.48610000  1.097000E+02  9.780227335835E+05
422          -55.99530000   -4.70080000  1.151800E+02  9.780004809620E+05
423          -56.03890000   -4.22560000  4.004000E+01  9.779945908091E+05
424          -56.01860000   -4.17560000 -2.540000E+00  9.780039027131E+05
425          -55.96750000   -4.16280000  2.989000E+01  9.779916702378E+05
426          -55.94360000   -4.11500000  4.511000E+01  9.779848078326E+05
427          -55.88670000   -4.07360000  5.646000E+01  9.779796798008E+05
428          -55.83940000   -4.05190000  4.676000E+01  9.779865342592E+05
429          -55.79470000   -4.04190000  4.618000E+01  9.779884646059E+05
430          -55.73670000   -4.02780000  3.889000E+01  9.779896438386E+05
431          -55.72440000   -4.05750000 -8.600000E+00  9.779995055341E+05
432          -55.68830000   -4.09220000 -3.890000E+00  9.779992275834E+05
433          -55.92360000   -4.05720000  3.218000E+01  9.779881649671E+05
434          -56.01330000   -4.13750000  4.514000E+01  9.779883842004E+05
435          -56.07670000   -4.21860000  4.590000E+01  9.779941038412E+05
436          -56.10580000   -4.21670000  1.395000E+01  9.780050761395E+05
437          -56.04610000   -4.25220000  4.930000E+00  9.780077992819E+05
438          -56.10330000   -4.31190000  1.570000E+01  9.780076689967E+05
439          -56.15170000   -4.34720000  1.363000E+01  9.780080530897E+05
440          -56.21250000   -4.34280000  1.946000E+01  9.780073447089E+05
441          -56.26830000   -4.37640000 -1.270000E+00  9.780139858539E+05
442          -56.28580000   -4.43640000  4.788000E+01  9.780002470605E+05
443          -56.27640000   -4.49920000  5.223000E+01  9.780043459485E+05
444          -49.61640000   -8.30640000  1.611800E+02  9.780297045855E+05
445          -49.57420000   -8.25780000  1.467300E+02  9.780311154225E+05
446          -49.93830000   -7.59220000  1.847100E+02  9.780387849630E+05
447          -49.90330000   -7.62390000  1.747300E+02  9.780363011237E+05
448          -55.93640000   -5.31890000  9.636000E+01  9.780151762315E+05
449          -55.87560000   -5.45080000  9.293000E+01  9.780169237789E+05
450          -50.20390000   -4.15390000  1.137300E+02  9.779967152242E+05
451          -50.15110000   -4.15890000  1.435600E+02  9.779873478212E+05
452          -50.09140000   -4.16170000  1.049200E+02  9.779993425760E+05
453          -50.00970000   -4.19690000  9.729000E+01  9.780031137790E+05
454          -49.93860000   -4.37330000  9.352000E+01  9.780122652570E+05
455          -49.92780000   -4.43110000  5.194000E+01  9.780285904805E+05
456          -49.88860000   -4.48470000  8.307000E+01  9.780215931907E+05
457          -49.81030000   -4.56780000  7.926000E+01  9.780271468013E+05
458          -49.76860000   -4.61470000  7.099000E+01  9.780289732351E+05
459          -49.74140000   -4.65060000  7.098000E+01  9.780304926823E+05
460          -49.65530000   -4.72170000  8.686000E+01  9.780287423428E+05
461          -49.61000000   -4.76580000  7.850000E+01  9.780333465474E+05
462          -49.56890000   -4.80720000  9.543000E+01  9.780307060623E+05
463          -49.54110000   -4.85560000  8.915000E+01  9.780339181076E+05
464          -50.11440000   -4.20280000  1.118400E+02  9.779990102720E+05
465          -50.16690000   -4.27080000  9.010000E+01  9.780108251907E+05
466          -50.14970000   -4.33310000  1.272300E+02  9.780047033765E+05
467          -50.13390000   -4.38940000  1.308700E+02  9.780064050788E+05
468          -50.17690000   -4.42360000  1.308300E+02  9.780086786144E+05
469          -50.19420000   -4.47140000  1.034100E+02  9.780213003713E+05
470          -50.21750000   -4.51190000  1.495500E+02  9.780117277983E+05
471          -50.26140000   -4.51810000  1.310100E+02  9.780204655400E+05
472          -50.27830000   -4.49360000  1.223500E+02  9.780219034801E+05
473          -50.27000000   -4.56500000  1.483500E+02  9.780181000702E+05
474          -50.32810000   -4.55720000  1.355700E+02  9.780219930823E+05
475          -50.09000000   -4.38610000  7.974000E+01  9.780217142850E+05
476          -50.02780000   -4.36970000  1.209300E+02  9.780064328898E+05
477          -50.25140000   -4.18420000  8.743000E+01  9.780052078968E+05
478          -50.27170000   -4.23640000  8.485000E+01  9.780082521858E+05
479          -50.30170000   -4.28750000  9.395000E+01  9.780097380430E+05
480          -50.30780000   -4.34610000  1.219600E+02  9.780068706304E+05
481          -50.33310000   -4.40110000  1.327100E+02  9.780088924986E+05
482          -50.32720000   -4.45170000  1.312000E+02  9.780146976545E+05
483          -50.33220000   -4.50030000  1.444100E+02  9.780145477050E+05
484          -50.32810000   -4.55720000  1.288700E+02  9.780240662586E+05
485          -50.37920000   -4.57440000  1.092800E+02  9.780316087667E+05
486          -50.41310000   -4.61640000  1.343500E+02  9.780269967987E+05
487          -50.45720000   -4.65580000  1.721400E+02  9.780151766258E+05
488          -50.37060000   -4.35390000  1.222300E+02  9.780072329767E+05
489          -50.43170000   -4.36080000  1.548400E+02  9.779978473243E+05
490          -50.48970000   -4.36500000  1.392600E+02  9.780039935611E+05
491          -50.51670000   -4.33640000  1.367200E+02  9.780042403808E+05
492          -50.48220000   -4.34060000  1.201300E+02  9.780090060244E+05
493          -49.21250000   -6.14560000  1.699200E+02  9.780075677728E+05
494          -49.14080000   -6.15220000  1.757600E+02  9.779991953820E+05
495          -49.04470000   -6.28190000  1.360500E+02  9.780021600948E+05
496          -48.98390000   -6.30440000  1.472500E+02  9.779966950419E+05
497          -48.89390000   -6.30190000  1.376300E+02  9.780000328005E+05
498          -48.86280000   -6.34140000  1.481800E+02  9.780009305675E+05
499          -48.73670000   -5.45670000  9.211000E+01  9.780079219144E+05
500          -48.78920000   -5.35530000  7.366000E+01  9.780092037149E+05
501          -48.80140000   -5.41280000  1.099700E+02  9.780017053197E+05
502          -48.80060000   -5.47250000  1.064300E+02  9.780044632953E+05
503          -50.00420000   -7.07580000  2.397800E+02  9.780329138586E+05
504          -50.07830000   -7.05080000  2.428300E+02  9.780308755587E+05
505          -50.12670000   -7.02440000  2.289000E+02  9.780348716822E+05
506          -50.23030000   -6.92000000  2.602300E+02  9.780308611598E+05
507          -50.44310000   -4.40440000  9.461000E+01  9.780187242369E+05
508          -50.44580000   -4.33060000  1.182600E+02  9.780082182802E+05
509          -50.41000000   -4.32940000  8.405000E+01  9.780180165001E+05
510          -49.10220000   -5.34890000  1.140900E+02  9.780045249868E+05
511          -49.32140000   -5.40830000  1.039000E+02  9.780299062708E+05
512          -49.36810000   -5.42250000  1.100500E+02  9.780366912828E+05
513          -49.42080000   -5.44830000  1.590800E+02  9.780322975184E+05
514          -49.48060000   -5.45750000  1.582900E+02  9.780405113511E+05
515          -49.59140000   -5.44330000  1.159400E+02  9.780614065925E+05
516          -49.65530000   -5.44140000  1.632400E+02  9.780518479997E+05
517          -49.80170000   -5.43530000  1.569400E+02  9.780596340242E+05
518          -49.84860000   -5.41810000  1.623900E+02  9.780575127772E+05
519          -50.02610000   -8.07690000  1.945500E+02  9.780350194573E+05
520          -50.03140000   -8.13750000  2.142800E+02  9.780316841360E+05
521          -50.00560000   -8.25720000  2.051900E+02  9.780404912630E+05
522          -50.03610000   -8.29780000  1.749800E+02  9.780542004405E+05
523          -50.02170000   -8.44690000  1.801000E+02  9.780551875350E+05
524          -49.99060000   -8.49530000  1.613600E+02  9.780604166005E+05
525          -49.84580000   -8.54030000  1.700400E+02  9.780510638360E+05
526          -49.79530000   -8.51500000  1.722200E+02  9.780439499567E+05
527          -49.73310000   -8.51420000  1.806500E+02  9.780367930827E+05
528          -49.65390000   -8.35580000  1.929900E+02  9.780229207715E+05
529          -56.15440000   -4.19750000  2.259000E+01  9.780046728980E+05
530          -56.05690000   -4.17250000  4.391000E+01  9.779905693565E+05
531          -56.07810000   -4.12470000  2.860000E+01  9.779949752725E+05
532          -56.09310000   -4.20250000  4.583000E+01  9.779937208261E+05
533          -56.12440000   -4.14500000  5.062000E+01  9.779926147990E+05
534          -56.15530000   -4.10110000  9.214000E+01  9.779844526435E+05
535          -56.17720000   -4.08140000  8.040000E+01  9.779908416663E+05
536          -56.00640000   -4.24500000  1.452000E+01  9.780017409819E+05
537          -55.52560000   -1.69060000  9.570000E+01  9.779643621620E+05
538          -55.54830000   -1.67310000  6.839000E+01  9.779730807345E+05
539          -55.51690000   -1.90000000  2.376000E+01  9.779882525404E+05
540          -57.81250000   -6.17470000  1.125900E+02  9.780597424404E+05
541          -57.80060000   -6.11280000  1.553600E+02  9.780458952133E+05
542          -50.59420000   -3.83920000  6.251000E+01  9.780034533243E+05
543          -50.64830000   -3.83420000  5.792000E+01  9.780028791799E+05
544          -51.17560000   -3.59330000  3.956000E+01  9.780038849539E+05
545          -51.18220000   -3.65580000  5.818000E+01  9.779973849183E+05
546          -51.20110000   -3.71080000  5.342000E+01  9.779981857471E+05
547          -51.22670000   -3.76060000  5.682000E+01  9.779999098838E+05
548          -51.23470000   -3.82030000  7.302000E+01  9.779985169157E+05
549          -51.23890000   -3.85220000  7.309000E+01  9.779986426110E+05
550          -47.35750000   -0.61470000 -3.760000E+00  9.780106314441E+05
551          -47.31250000   -0.59500000 -2.378000E+01  9.780109365856E+05
552          -47.23060000   -0.92670000  1.482000E+01  9.780235007760E+05
553          -46.81670000   -1.12310000  1.043000E+01  9.779909291027E+05
554          -46.85580000   -1.18470000  2.249000E+01  9.779922576568E+05
555          -46.88610000   -1.25250000  7.250000E+00  9.780003993639E+05
556          -46.86360000   -1.37830000  1.969000E+01  9.780015033861E+05
557          -46.82580000   -1.44530000  4.812000E+01  9.779984225188E+05
558          -46.82000000   -1.51750000  4.832000E+01  9.780103875814E+05
559          -47.18780000   -1.14920000  3.446000E+01  9.780096323497E+05
560          -46.75860000   -0.99330000 -1.601000E+01  9.779968058096E+05
561          -46.72920000   -0.93560000 -2.221000E+01  9.780059357343E+05
562          -46.65000000   -0.87360000 -2.268000E+01  9.780220316584E+05
563          -47.20030000   -1.04610000  2.275000E+01  9.780185336402E+05
564          -47.17280000   -0.76830000 -9.570000E+00  9.780219078662E+05
565          -47.27530000   -0.78390000  1.690000E+00  9.780249659397E+05
566          -58.05140000   -6.33810000  1.027400E+02  9.780719374401E+05
567          -52.36220000   -3.26140000  1.002900E+02  9.779377567474E+05
568          -51.78530000   -3.12470000 -1.145000E+01  9.780288270413E+05
569          -51.51390000   -3.22000000  3.052000E+01  9.780223160886E+05
570          -51.32220000   -3.37080000  3.589000E+01  9.780101047461E+05
571          -51.23360000   -3.43890000  4.087000E+01  9.780052868419E+05
572          -51.17330000   -3.49940000  4.416000E+01  9.780022544692E+05
573          -51.11940000   -3.54390000  7.127000E+01  9.779977538575E+05
574          -51.03280000   -3.60610000  7.036000E+01  9.779993192456E+05
575          -47.29720000   -1.27860000  1.070000E+00  9.780247552785E+05
576          -47.24220000   -1.29140000  3.306000E+01  9.780132914316E+05
577          -47.20190000   -1.34170000  3.090000E+01  9.780169551334E+05
578          -47.18780000   -1.39360000  1.568000E+01  9.780256822273E+05
579          -47.15640000   -1.43720000  5.244000E+01  9.780166343284E+05
580          -47.13440000   -1.49500000  5.147000E+01  9.780202746507E+05
581          -47.12940000   -1.55030000 -6.300000E+00  9.780381793401E+05
582          -47.10420000   -1.52390000  4.564000E+01  9.780209063667E+05
583          -47.09470000   -1.47030000  5.490000E+01  9.780166724636E+05
584          -47.08500000   -1.41750000  4.682000E+01  9.780135090018E+05
585          -47.05060000   -1.36310000  1.079000E+01  9.780163051511E+05
586          -47.23640000   -1.24310000  2.860000E+00  9.780185180588E+05
587          -47.50720000   -1.31220000  1.510000E+01  9.780265620292E+05
588          -47.45860000   -1.27560000 -1.211000E+01  9.780333926215E+05
589          -47.40690000   -1.25690000  2.404000E+01  9.780207112835E+05
590          -47.37830000   -1.28250000  3.630000E+00  9.780289148917E+05
591          -47.38390000   -1.21890000  1.281000E+01  9.780211883411E+05
592          -47.41000000   -1.19440000  2.025000E+01  9.780186141131E+05
593          -47.46940000   -1.16220000 -1.622000E+01  9.780299175367E+05
594          -47.37580000   -1.14500000  2.478000E+01  9.780156371714E+05
595          -47.37390000   -1.07970000  1.549000E+01  9.780158151675E+05
596          -47.35190000   -1.02190000 -1.951000E+01  9.780275460251E+05
597          -47.31250000   -0.97190000  4.530000E+00  9.780235375927E+05
598          -47.36280000   -0.93940000 -1.241000E+01  9.780266058674E+05
599          -47.39190000   -0.93080000 -1.710000E+00  9.780215295749E+05
600          -47.23810000   -0.90000000  1.190000E+01  9.780248988583E+05
601          -47.33890000   -1.19640000  8.330000E+00  9.780203996252E+05
602          -47.28000000   -1.19000000  6.150000E+00  9.780182868205E+05
603          -47.22690000   -1.21560000 -3.680000E+00  9.780199384956E+05
604          -47.16970000   -1.20330000 -7.420000E+00  9.780212307814E+05
605          -47.14640000   -1.21080000 -7.860000E+00  9.780210798088E+05
606          -46.63470000   -1.07750000 -2.111000E+01  9.779979633918E+05
607          -46.61140000   -1.13220000  9.700000E-01  9.779902680182E+05
608          -46.59580000   -1.20080000  2.558000E+01  9.779803701206E+05
609          -46.58580000   -1.27610000  3.683000E+01  9.779730166200E+05
610          -46.56140000   -1.33500000  7.440000E+00  9.779813501972E+05
611          -47.75390000   -1.32720000  2.027000E+01  9.780113849519E+05
612          -47.72080000   -1.37940000  2.032000E+01  9.780156996375E+05
613          -47.44560000   -1.31220000  7.300000E+00  9.780309995476E+05
614          -49.40220000   -7.74170000  1.731700E+02  9.780079611825E+05
615          -49.45190000   -7.70280000  1.361800E+02  9.780201345448E+05
616          -54.72080000   -2.56970000  1.048700E+02  9.780252488005E+05
617          -54.85140000   -2.68000000  1.244500E+02  9.780271238946E+05
618          -54.60440000   -2.67280000  5.940000E+01  9.780369036415E+05
619          -54.55000000   -2.66530000  6.286000E+01  9.780346131958E+05
620          -54.46690000   -2.77000000  1.262000E+02  9.780247944200E+05
621          -54.38580000   -2.76500000  4.679000E+01  9.780446233633E+05
622          -54.32860000   -2.79920000  6.244000E+01  9.780370550180E+05
623          -54.63690000   -2.57610000  1.220200E+02  9.780142255241E+05
624          -54.70390000   -2.44220000  3.092000E+01  9.780333892284E+05
625          -54.95360000   -3.20440000  1.352600E+02  9.780478726228E+05
626          -54.93890000   -3.13170000  9.933000E+01  9.780536655795E+05
627          -54.94640000   -3.00470000  1.265200E+02  9.780424470445E+05
628          -54.92530000   -2.91420000  9.707000E+01  9.780480976455E+05
629          -53.46690000   -3.64390000  6.539000E+01  9.779963185567E+05
630          -53.41190000   -3.62810000  1.056500E+02  9.779842012117E+05
631          -53.26360000   -3.60360000  1.521900E+02  9.779742618960E+05
632          -47.80470000   -1.30220000  2.308000E+01  9.780058557445E+05
633          -48.01190000   -1.30560000  1.203000E+01  9.780104935601E+05
634          -48.05190000   -1.29530000  1.681000E+01  9.780124317664E+05
635          -48.12610000   -1.28030000  4.510000E+00  9.780230697132E+05
636          -54.65140000   -3.98030000  1.000600E+02  9.779794577475E+05
637          -54.60190000   -3.93390000  6.179000E+01  9.779919470844E+05
638          -54.52890000   -3.90360000  1.086300E+02  9.779769981043E+05
639          -54.45970000   -3.89250000  8.191000E+01  9.779826795094E+05
640          -54.37830000   -3.88190000  8.757000E+01  9.779817495344E+05
641          -54.32860000   -3.88940000  5.175000E+01  9.779917208387E+05
642          -54.21940000   -3.86940000  8.062000E+01  9.779785992170E+05
643          -54.90890000   -4.08330000  1.230300E+02  9.779709355718E+05
644          -54.88750000   -3.98720000  9.327000E+01  9.779819252340E+05
645          -53.22940000   -3.57030000  1.589100E+02  9.779749573631E+05
646          -53.17000000   -3.53580000  2.235700E+02  9.779532190809E+05
647          -53.03810000   -3.50220000  1.027500E+02  9.779691560943E+05
648          -52.99280000   -3.50060000  1.743100E+02  9.779440223921E+05
649          -53.80530000   -3.73610000  1.233300E+02  9.779813118467E+05
650          -50.48060000   -7.88970000  2.386300E+02  9.780543808808E+05
651          -50.54360000   -7.86970000  2.534900E+02  9.780521792855E+05
652          -50.59690000   -7.85720000  2.714600E+02  9.780506492528E+05
653          -50.72670000   -7.83390000  2.837600E+02  9.780499687942E+05
654          -49.59060000   -8.23640000  1.465300E+02  9.780299615566E+05
655          -49.50310000   -8.24220000  1.832200E+02  9.780219389385E+05
656          -49.35890000   -8.26560000  2.112500E+02  9.780194988577E+05
657          -49.31220000   -8.21920000  1.428700E+02  9.780357388057E+05
658          -49.28330000   -8.10280000  1.525400E+02  9.780235019612E+05
659          -49.29280000   -8.03500000  1.928200E+02  9.780112872117E+05
660          -49.29690000   -7.96860000  1.534400E+02  9.780201413704E+05
661          -49.29420000   -7.82170000  1.614900E+02  9.780121999220E+05
662          -49.34670000   -7.77360000  1.932500E+02  9.780026922748E+05
663          -50.24470000   -8.16890000  1.941600E+02  9.780567586658E+05
664          -47.72580000   -1.31310000  2.723000E+01  9.780115768290E+05
665          -47.73500000   -1.31170000  1.469000E+01  9.780147490549E+05
666          -49.68330000   -8.17140000  1.883300E+02  9.780222389009E+05
667          -50.21390000   -8.00780000  1.970100E+02  9.780464556955E+05
668          -50.26140000   -8.01170000  1.985300E+02  9.780520646596E+05
669          -50.33030000   -7.98190000  2.260900E+02  9.780509070755E+05
670          -50.37140000   -7.95030000  2.366300E+02  9.780499676914E+05
671          -50.44690000   -7.91830000  2.243500E+02  9.780596236903E+05
672          -50.95640000   -8.55030000  2.892700E+02  9.780597629403E+05
673          -49.92030000   -6.97470000  2.266000E+02  9.780263317054E+05
674          -49.96940000   -8.05580000  1.718800E+02  9.780348404764E+05
675          -49.89190000   -8.12860000  1.983100E+02  9.780303285493E+05
676          -49.86940000   -8.13640000  2.009500E+02  9.780284722744E+05
677          -47.25530000   -3.35720000  5.949000E+01  9.779890026862E+05
678          -47.27810000   -3.43000000  7.615000E+01  9.779878062904E+05
679          -47.27560000   -3.48640000  8.293000E+01  9.779929973701E+05
680          -47.38390000   -3.62280000  1.047700E+02  9.780053438824E+05
681          -47.53750000   -4.37220000  1.358500E+02  9.780224583354E+05
682          -47.54560000   -4.22030000  2.167900E+02  9.779980632013E+05
683          -47.54640000   -4.14060000  1.453900E+02  9.780145975295E+05
684          -47.52360000   -3.88060000  1.278500E+02  9.779948384728E+05
685          -47.51310000   -3.81390000  1.806000E+02  9.779780848974E+05
686          -47.69470000   -4.32360000  1.951000E+02  9.780119491244E+05
687          -47.76110000   -4.33720000  2.530900E+02  9.779911863387E+05
688          -47.81330000   -4.38970000  2.597700E+02  9.779824625122E+05
689          -46.86140000   -1.56580000  5.238000E+01  9.780200411893E+05
690          -46.34110000   -1.81690000  8.250000E+00  9.780333101059E+05
691          -47.18080000   -1.19470000 -6.100000E-01  9.780193373877E+05
692          -55.74830000   -1.52580000  7.185000E+01  9.779658348940E+05
693          -55.73530000   -1.58140000  5.382000E+01  9.779735878139E+05
694          -55.86280000   -1.75860000  3.547000E+01  9.779944456101E+05
695          -55.77470000   -1.66280000  3.965000E+01  9.779836560338E+05
696          -55.51830000   -1.70720000  5.122000E+01  9.779781246668E+05
697          -47.58610000   -0.95470000  1.450000E+01  9.780120425544E+05
698          -47.59280000   -0.91640000  8.230000E+00  9.780125283645E+05
699          -47.58690000   -0.88280000 -6.560000E+00  9.780165045136E+05
700          -48.10000000   -1.18750000 -1.152000E+01  9.780256460926E+05
701          -48.04470000   -1.20330000  1.885000E+01  9.780119140506E+05
702          -47.97390000   -1.16330000  1.264000E+01  9.780065472677E+05
703          -47.92830000   -1.20580000  9.440000E+00  9.780048261022E+05
704          -47.85420000   -1.10690000  1.963000E+01  9.780060936869E+05
705          -47.81250000   -0.87860000 -7.650000E+00  9.780257353301E+05
706          -47.89560000   -0.86560000 -8.000000E-01  9.780178938918E+05
707          -47.82000000   -0.95810000  1.354000E+01  9.780163850619E+05
708          -47.94640000   -1.03530000 -3.330000E+00  9.780089925146E+05
709          -47.99720000   -1.06640000  1.399000E+01  9.780046958647E+05
710          -48.05720000   -1.07810000  1.255000E+01  9.780081270523E+05
711          -48.11030000   -1.07750000  1.188000E+01  9.780114990336E+05
712          -55.30280000   -4.14970000  6.970000E+01  9.779884349736E+05
713          -55.36810000   -4.17860000  3.741000E+01  9.779989089124E+05
714          -54.84470000   -4.08580000  1.092000E+02  9.779774911711E+05
715          -54.79560000   -4.06940000  1.259500E+02  9.779744027699E+05
716          -54.71220000   -4.03830000  9.289000E+01  9.779825660059E+05
717          -49.44170000   -6.88810000  1.370200E+02  9.780078657657E+05
718          -49.37560000   -6.92190000  2.058900E+02  9.779860638265E+05
719          -49.31690000   -6.92060000  1.796400E+02  9.779940774466E+05
720          -49.27250000   -6.88920000  1.574000E+02  9.779979262814E+05
721          -49.22390000   -6.85720000  1.211800E+02  9.780011439576E+05
722          -49.17810000   -6.85530000  1.349800E+02  9.779936811833E+05
723          -49.11720000   -6.85890000  1.071200E+02  9.780051560943E+05
724          -49.22030000   -6.79000000  1.466200E+02  9.779949249387E+05
725          -49.25110000   -6.74140000  1.585000E+02  9.779959901420E+05
726          -49.89640000   -7.01190000  1.977500E+02  9.780347304151E+05
727          -47.58750000   -1.28140000  2.872000E+01  9.780191075911E+05
728          -47.62110000   -1.12860000  1.611000E+01  9.780218661423E+05
729          -47.68940000   -1.12280000  9.000000E-01  9.780231285787E+05
730          -47.73860000   -1.11330000  2.136000E+01  9.780129885767E+05
731          -47.81970000   -1.19250000  1.640000E+00  9.780108413761E+05
732          -47.86670000   -1.23750000  1.139000E+01  9.780055605288E+05
733          -47.90440000   -1.27610000  2.113000E+01  9.780034698113E+05
734          -47.92310000   -1.17060000  8.030000E+00  9.780047083321E+05
735          -47.92690000   -1.22610000  1.117000E+01  9.780050625898E+05
736          -47.92110000   -1.15030000  8.030000E+00  9.780051245553E+05
737          -47.88060000   -0.93920000  1.454000E+01  9.780136661579E+05
738          -47.85690000   -0.86690000  1.344000E+01  9.780169781943E+05
739          -47.85440000   -0.79640000  4.190000E+00  9.780227572746E+05
740          -47.89690000   -0.77310000  5.230000E+00  9.780200897470E+05
741          -47.96140000   -0.78500000 -1.939000E+01  9.780195529605E+05
742          -47.91280000   -0.83140000 -6.250000E+00  9.780174752509E+05
743          -47.75860000   -0.70940000 -1.332000E+01  9.780301543230E+05
744          -47.69690000   -0.70750000 -2.152000E+01  9.780321351322E+05
745          -47.67830000   -0.64280000 -1.451000E+01  9.780245291656E+05
746          -47.61000000   -1.07110000  2.653000E+01  9.780158192059E+05
747          -47.56670000   -1.02360000  2.321000E+01  9.780141549331E+05
748          -47.52580000   -0.98560000  1.122000E+01  9.780150258409E+05
749          -47.47720000   -0.88920000  1.446000E+01  9.780098954509E+05
750          -47.45030000   -0.83470000 -8.400000E-01  9.780172930043E+05
751          -47.45110000   -0.77220000 -4.780000E+00  9.780175268742E+05
752          -47.42920000   -0.83890000  5.530000E+00  9.780167681033E+05
753          -55.43860000   -6.87860000  1.826200E+02  9.780150520736E+05
754          -55.45310000   -6.95360000  1.990600E+02  9.780140043854E+05
755          -55.41390000   -7.05780000  1.970900E+02  9.780139599193E+05
756          -55.02110000   -4.10860000  6.430000E+01  9.779911705042E+05
757          -55.10420000   -4.12560000  5.839000E+01  9.779986314849E+05
758          -55.11860000   -4.12250000  4.292000E+01  9.780038341535E+05
759          -55.22690000   -4.13000000  3.997000E+01  9.779998653755E+05
760          -50.73280000   -8.61330000  2.131000E+02  9.780701313963E+05
761          -50.78890000   -8.60500000  2.163600E+02  9.780710754280E+05
762          -50.84280000   -8.61110000  2.250500E+02  9.780701226159E+05
763          -50.88060000   -8.59750000  2.367100E+02  9.780674230162E+05
764          -47.52330000   -1.92920000  3.550000E+00  9.780258199724E+05
765          -47.55110000   -2.04920000  1.577000E+01  9.780157603540E+05
766          -46.96890000   -1.44560000  2.935000E+01  9.780152557784E+05
767          -49.86140000   -7.58690000  1.760200E+02  9.780373643724E+05
768          -49.74190000   -7.57330000  1.696600E+02  9.780296264755E+05
769          -49.68830000   -7.57110000  1.532500E+02  9.780294553103E+05
770          -49.63860000   -7.61000000  1.771500E+02  9.780166175768E+05
771          -49.54060000   -7.66690000  1.695000E+02  9.780153858988E+05
772          -49.48970000   -7.67250000  1.393400E+02  9.780213062641E+05
773          -49.46580000   -7.66030000  1.428400E+02  9.780181975303E+05
774          -50.40920000   -8.76310000  2.037200E+02  9.780714227327E+05
775          -50.34890000   -8.74280000  1.786400E+02  9.780843808386E+05
776          -50.30420000   -8.71280000  1.715200E+02  9.780860616180E+05
777          -50.21220000   -8.74080000  2.001700E+02  9.780764408530E+05
778          -50.24390000   -8.74720000  2.192600E+02  9.780733740891E+05
779          -50.17500000   -8.73190000  2.074500E+02  9.780697483338E+05
780          -50.11060000   -8.74360000  1.609700E+02  9.780746974468E+05
781          -50.01530000   -8.79420000  1.731600E+02  9.780592997427E+05
782          -49.97080000   -8.79750000  1.584900E+02  9.780596353264E+05
783          -49.83250000   -8.86330000  1.559200E+02  9.780646569428E+05
784          -49.77060000   -8.86860000  1.352800E+02  9.780714239574E+05
785          -50.55080000   -8.80030000  2.093700E+02  9.780663039992E+05
786          -50.58560000   -8.76330000  1.995500E+02  9.780680695515E+05
787          -50.56780000   -8.70860000  2.020900E+02  9.780690405244E+05
788          -50.58440000   -8.66640000  2.027700E+02  9.780705210771E+05
789          -50.64060000   -8.66030000  2.418700E+02  9.780618740230E+05
790          -50.69640000   -8.64420000  2.057700E+02  9.780736914864E+05
791          -48.14530000   -0.99080000 -1.203000E+01  9.780155790304E+05
792          -48.19280000   -0.99500000 -1.966000E+01  9.780183881557E+05
793          -47.66280000   -1.25500000  1.748000E+01  9.780188177405E+05
794          -47.62670000   -1.27190000  2.503000E+01  9.780184115953E+05
795          -58.11810000   -6.35530000  1.069600E+02  9.780722590434E+05
796          -58.17830000   -6.37670000  1.079300E+02  9.780757954362E+05
797          -49.61250000   -3.81610000  5.494000E+01  9.780029987425E+05
798          -49.67720000   -3.82080000  7.907000E+01  9.780004630802E+05
799          -49.67560000   -3.88170000  2.038700E+02  9.779639854333E+05
800          -49.04440000   -5.21170000  7.872000E+01  9.780088399129E+05
801          -48.34110000   -4.92280000  1.856300E+02  9.780140444521E+05
802          -48.77110000   -5.47890000  1.060900E+02  9.780040136447E+05
803          -48.65720000   -5.53580000  1.089400E+02  9.780089656529E+05
804          -48.59220000   -5.54030000  9.599000E+01  9.780206547418E+05
805          -48.54220000   -5.56640000  1.361700E+02  9.780154838869E+05
806          -48.47560000   -5.59420000  1.193700E+02  9.780289503311E+05
807          -48.41690000   -5.63140000  1.704600E+02  9.780183367760E+05
808          -49.69060000   -3.94000000  1.880600E+02  9.779683147236E+05
809          -49.73640000   -3.97220000  8.054000E+01  9.780021185542E+05
810          -49.77890000   -4.00810000  6.131000E+01  9.780085205561E+05
811          -49.80940000   -4.06470000  5.377000E+01  9.780108261195E+05
812          -49.85470000   -4.10670000  6.862000E+01  9.780085712864E+05
813          -49.89250000   -4.15780000  7.696000E+01  9.780086268138E+05
814          -49.91860000   -4.21580000  8.540000E+01  9.780079188877E+05
815          -49.94360000   -4.25390000  7.689000E+01  9.780112340372E+05
816          -49.89610000   -4.29280000  5.927000E+01  9.780162617325E+05
817          -49.68780000   -3.73280000  2.565000E+01  9.780199767381E+05
818          -49.68500000   -3.66360000 -2.520000E+00  9.780242409801E+05
819          -49.71190000   -3.59330000 -7.710000E+00  9.780270777289E+05
820          -49.77750000   -3.49060000  2.461000E+01  9.780221486901E+05
821          -49.79610000   -3.42750000  2.642000E+01  9.780218520020E+05
822          -49.80500000   -3.35720000  4.063000E+01  9.780192354604E+05
823          -49.77890000   -3.30500000 -9.940000E+00  9.780342647141E+05
824          -49.75360000   -3.24330000 -8.550000E+00  9.780348727719E+05
825          -49.78890000   -3.20920000 -8.660000E+00  9.780381567166E+05
826          -49.82110000   -3.15080000 -8.790000E+00  9.780418400541E+05
827          -49.80500000   -3.08310000 -1.336000E+01  9.780442737960E+05
828          -49.79690000   -3.02030000 -1.332000E+01  9.780437207565E+05
829          -49.09640000   -5.34280000  7.514000E+01  9.780160980701E+05
830          -49.00690000   -5.19170000  9.082000E+01  9.780031502588E+05
831          -48.92060000   -5.16640000  1.163700E+02  9.779926488357E+05
832          -48.85580000   -5.14190000  1.099500E+02  9.779944740108E+05
833          -48.72830000   -5.09390000  1.237000E+02  9.780067282821E+05
834          -48.65190000   -5.06500000  1.356400E+02  9.780164179362E+05
835          -48.46280000   -4.99060000  1.848100E+02  9.780144388053E+05
836          -48.40080000   -4.95580000  1.702900E+02  9.780185147762E+05
837          -49.15190000   -5.37560000  9.438000E+01  9.780130516184E+05
838          -49.26140000   -5.31170000  7.986000E+01  9.780220690757E+05
839          -49.28780000   -5.28830000  7.269000E+01  9.780263606969E+05
840          -49.33530000   -5.23440000  7.288000E+01  9.780307872950E+05
841          -49.37140000   -5.14720000  7.180000E+01  9.780356792912E+05
842          -49.44440000   -4.97140000  5.833000E+01  9.780422646640E+05
843          -49.52080000   -4.86500000  6.914000E+01  9.780380926535E+05
844          -48.22940000   -4.86060000  1.946700E+02  9.779997214506E+05
845          -48.17670000   -4.82940000  1.976500E+02  9.779874713613E+05
846          -49.07940000   -5.38890000  8.312000E+01  9.780165573627E+05
847          -49.07390000   -5.49560000  1.037600E+02  9.780129765440E+05
848          -49.07890000   -5.58140000  9.558000E+01  9.780149906937E+05
849          -51.05160000   -9.77790000  3.406600E+02  9.780894954138E+05
850          -51.00220000   -9.73080000  3.547600E+02  9.780765074937E+05
851          -49.11000000   -5.64970000  8.531000E+01  9.780171944749E+05
852          -49.16330000   -5.74170000  1.160600E+02  9.780124086157E+05
853          -49.18640000   -5.80670000  9.952000E+01  9.780179642399E+05
854          -49.20220000   -5.87560000  9.708000E+01  9.780214311948E+05
855          -49.21970000   -5.94750000  9.638000E+01  9.780270364237E+05
856          -49.25890000   -6.00970000  1.151700E+02  9.780259355292E+05
857          -49.30440000   -6.06610000  1.034000E+02  9.780336682071E+05
858          -49.06970000   -5.36390000  8.171000E+01  9.780154696295E+05
859          -49.00250000   -5.37940000  7.079000E+01  9.780203887373E+05
860          -48.94360000   -5.41220000  1.002800E+02  9.780106794809E+05
861          -48.89250000   -5.45330000  1.007600E+02  9.780085695303E+05
862          -48.84470000   -5.47720000  1.017200E+02  9.780068604717E+05
863          -48.96280000   -1.98390000 -2.078000E+01  9.780241731665E+05
864          -48.99690000   -2.21580000 -1.861000E+01  9.780155860730E+05
865          -49.05330000   -2.12080000 -1.908000E+01  9.780228749765E+05
866          -49.10280000   -2.15750000 -1.717000E+01  9.780233907117E+05
867          -49.15970000   -2.18280000 -1.509000E+01  9.780249398276E+05
868          -49.21250000   -2.23640000 -1.412000E+01  9.780283183596E+05
869          -49.21890000   -2.29060000 -1.414000E+01  9.780280832611E+05
870          -49.27890000   -2.32640000 -1.222000E+01  9.780293718435E+05
871          -49.36190000   -2.42610000 -6.260000E+00  9.780289982357E+05
872          -49.37220000   -2.48640000 -7.900000E+00  9.780290670759E+05
873          -49.41750000   -2.53220000 -8.900000E+00  9.780314356099E+05
874          -49.51000000   -2.58310000 -1.174000E+01  9.780348270226E+05
875          -48.92810000   -1.94190000 -1.768000E+01  9.780247223600E+05
876          -48.89580000   -1.88470000 -1.241000E+01  9.780263470763E+05
877          -49.12230000   -5.36237900  7.981700E+01  9.780161307788E+05
878          -49.13606000   -5.37164800  8.246100E+01  9.780160735435E+05
879          -50.76516000   -9.53047200  1.943650E+02  9.781202710876E+05
880          -50.43792000   -8.62230200  2.041150E+02  9.780708491959E+05
881          -52.59873000   -0.88474400  1.824440E+02  9.779582168036E+05
882          -52.60167000   -1.01366300  4.197000E+00  9.780276445878E+05
883          -52.58609000   -1.13970700  2.034900E+01  9.780256396372E+05
884          -52.60259000   -1.27268500  3.551000E+01  9.780169984226E+05
885          -52.57187000   -1.40248400  2.511000E+00  9.780034264928E+05
886          -52.57516000   -1.53115300  1.453000E+00  9.779988722712E+05
887          -52.24018000   -1.75399400 -1.879000E+01  9.780044990782E+05
888          -52.21499000   -1.62247700 -2.039700E+01  9.779985191424E+05
889          -52.33118000   -1.56307100 -2.006200E+01  9.780011193957E+05
890          -52.46793000   -1.59127800 -1.987900E+01  9.780046777141E+05
891          -51.94838000   -2.58685800 -4.399000E+00  9.780349976054E+05
892          -51.99132000   -2.46009000 -1.204000E+01  9.780352818706E+05
893          -52.03749000   -2.32221700 -1.312700E+01  9.780327848559E+05
894          -52.10975000   -2.21104400 -1.587000E+01  9.780292872840E+05
895          -52.17219000   -2.09689500 -1.837600E+01  9.780281661675E+05
896          -52.17790000   -1.97048900 -1.768300E+01  9.780241389482E+05
897          -52.19413000   -1.86489900 -1.598600E+01  9.780161076586E+05
898          -51.84044000   -2.66545000  3.262600E+01  9.780307892615E+05
899          -51.77364000   -2.78093400  5.336200E+01  9.780252542180E+05
900          -51.71151000   -2.89951200  2.310200E+01  9.780314967736E+05
901          -51.68096000   -3.02672900  3.908200E+01  9.780242679275E+05
902          -51.77136000   -3.13899400  9.843900E+01  9.779959822451E+05
903          -48.74074000   -2.45511800 -3.874000E+00  9.779772378197E+05
904          -54.96508000   -8.73700000  3.653360E+02  9.780112468601E+05
905          -56.04932000   -4.26767400  7.956000E+00  9.780080694860E+05
906          -49.92511000   -4.27215300  6.584900E+01  9.780146689977E+05
907          -57.90111000   -6.27641300  7.761800E+01  9.780761334859E+05
908          -54.95177000   -4.12472300  9.765500E+01  9.779844798327E+05
909          -49.06092000   -5.25044600  7.162200E+01  9.780126433522E+05
