LONG(deg) 	 LAT(deg) 	 ALT_GEOM(m) 	 GRAV(mGal)
-49.5414 	 -5.0539 	 76.89 	 978041.89
-49.7992 	 -4.8712 	 120.55 	 978030.98
-49.648 	 -4.231 	 76.01 	 978027.02
-49.3587 	 -4.8695 	 61.98 	 978022.07
-48.7862 	 -4.6549 	 176.87 	 977984.28
-48.8686 	 -5.8603 	 117.66 	 977998.84
-49.1223 	 -5.3624 	 76.68 	 978019.35
-48.0758 	 -4.7776 	 171.03 	 977986.67
-48.0669 	 -4.7791 	 185.0 	 977981.23
-49.1366 	 -5.3716 	 85.2 	 978018.01
-49.1356 	 -5.3492 	 61.16 	 978023.93
-50.9 	 -8.5367 	 237.77 	 978065.46
-55.7008 	 -4.2781 	 78.88 	 977978.07
-49.2307 	 -5.1525 	 64.13 	 978011.6
-49.2258 	 -4.9872 	 82.13 	 978009.85
-49.0246 	 -5.0697 	 88.69 	 977993.16
-49.2774 	 -5.2809 	 56.45 	 978019.38
-49.4658 	 -5.2897 	 96.07 	 978039.89
-48.9442 	 -5.4449 	 97.9 	 978009.99
-48.7644 	 -5.4478 	 87.08 	 978011.12
-49.1328 	 -4.8119 	 84.14 	 977982.02
-48.8709 	 -4.8576 	 162.31 	 977958.31
-49.1275 	 -5.4382 	 66.76 	 978023.71
-49.059 	 -5.3786 	 101.66 	 978012.22
-49.0809 	 -5.3031 	 56.52 	 978021.14
-49.1668 	 -5.3062 	 60.02 	 978020.09
-49.1777 	 -5.3826 	 59.2 	 978023.45
-49.4705 	 -5.4302 	 157.95 	 978038.93
-49.3244 	 -5.4332 	 144.25 	 978022.86
-49.4034 	 -5.6243 	 85.24 	 978056.79
-49.2339 	 -5.5357 	 67.81 	 978030.16
-48.8807 	 -5.6503 	 99.63 	 978002.34
-49.2614 	 -5.7129 	 86.41 	 978028.53
-49.0631 	 -5.0102 	 107.59 	 978010.67
-48.5673 	 -5.4716 	 111.55 	 978026.65
-48.3165 	 -5.7142 	 93.12 	 978040.79
-48.4677 	 -5.9644 	 145.62 	 978016.62
-48.6496 	 -5.7071 	 161.36 	 977982.8
-48.6354 	 -6.1268 	 161.07 	 977994.03
-48.5367 	 -6.3167 	 125.48 	 978027.04
-52.1813 	 -3.201 	 162.54 	 977953.81
-49.7372 	 -3.5439 	 52.97 	 978004.7
-48.5942 	 -6.3283 	 154.41 	 978016.92
-50.7786 	 -7.8106 	 305.85 	 978064.61
-54.7031 	 -2.6114 	 68.84 	 978031.7
-50.1753 	 -4.2214 	 91.4 	 978005.48
-49.7183 	 -8.8717 	 134.26 	 978069.99
-49.9447 	 -8.8475 	 161.09 	 978061.43
-46.7039 	 -1.06 	 -5.13 	 977982.37
-48.2167 	 -1.3081 	 4.8 	 978023.55
-47.8936 	 -1.0075 	 13.48 	 978012.79
-48.7836 	 -1.7964 	 -5.33 	 978056.01
-46.6433 	 -1.025 	 -13.75 	 977989.06
-55.8303 	 -1.7178 	 57.17 	 977985.17
-48.2553 	 -1.2786 	 -9.96 	 978024.08
-47.0175 	 -1.3919 	 44.97 	 977992.04
-57.7858 	 -6.0494 	 94.8 	 978059.3
-53.525 	 -3.6656 	 71.95 	 977963.95
-48.8108 	 -1.7069 	 -12.6 	 978057.43
-48.5892 	 -5.0417 	 143.02 	 978028.37
-49.0458 	 -6.2206 	 151.97 	 978002.46
-49.9456 	 -8.5344 	 175.9 	 978059.94
-55.5272 	 -1.9036 	 18.51 	 977990.62
-48.5275 	 -5.0181 	 138.41 	 978033.83
-49.4208 	 -8.2622 	 232.02 	 978013.28
-51.1814 	 -3.5339 	 36.74 	 978012.79
-50.4947 	 -3.8531 	 64.66 	 978007.51
-47.2661 	 -3.3081 	 60.78 	 977994.47
-47.4269 	 -3.65 	 101.88 	 978007.16
-47.5408 	 -3.9592 	 127.03 	 978003.96
-49.2722 	 -5.3936 	 107.25 	 978016.26
-49.7039 	 -5.4353 	 166.93 	 978042.96
-50.0464 	 -8.3475 	 165.94 	 978064.2
-49.6878 	 -8.4047 	 196.64 	 978032.07
-48.7303 	 -5.5078 	 84.79 	 978002.24
-50.7392 	 -6.7019 	 272.52 	 978016.0
-49.5669 	 -6.8211 	 169.19 	 978005.1
-49.3697 	 -6.3181 	 114.14 	 978029.37
-49.2803 	 -3.7719 	 97.43 	 977968.92
-55.5697 	 -4.2158 	 61.0 	 977986.69
-55.545 	 -6.4978 	 228.26 	 977990.79
-54.68 	 -2.6567 	 124.25 	 978018.67
-54.6708 	 -2.5025 	 44.6 	 978033.8
-49.3728 	 -5.175 	 79.44 	 978033.21
-49.1025 	 -6.2044 	 154.2 	 978006.13
-47.2592 	 -0.9244 	 12.5 	 978025.57
-48.3603 	 -1.0811 	 -12.33 	 978029.5
-48.1286 	 -1.1461 	 -3.84 	 978030.4
-48.0356 	 -0.7467 	 -11.44 	 978024.42
-54.9125 	 -9.3586 	 450.45 	 978028.35
-49.6725 	 -6.9225 	 163.51 	 978021.24
-49.4947 	 -6.6897 	 149.83 	 978016.27
-50.6789 	 -7.8469 	 291.07 	 978033.66
-49.2864 	 -8.1553 	 157.52 	 978019.51
-49.2881 	 -7.885 	 176.74 	 978004.25
-49.5 	 -7.665 	 162.05 	 978010.09
-50.6364 	 -6.7917 	 302.41 	 978010.03
-49.8969 	 -7.0592 	 240.74 	 978015.51
-55.9828 	 -4.2756 	 -4.42 	 978005.43
-49.0078 	 -2.0842 	 -17.7 	 978018.08
-49.3008 	 -2.3761 	 -6.68 	 978031.51
-48.8364 	 -1.8453 	 -9.37 	 978059.8
-50.4953 	 -8.7944 	 218.95 	 978056.89
-57.8492 	 -6.2306 	 91.05 	 978062.32
-58.2328 	 -6.4169 	 102.79 	 978073.32
-55.4797 	 -1.7906 	 81.28 	 977971.31
-55.3167 	 -1.6144 	 12.38 	 977978.07
-55.5214 	 -1.8692 	 72.83 	 977976.71
-49.0797 	 -5.3017 	 62.22 	 978019.76
-49.2108 	 -5.3572 	 115.33 	 978008.44
-49.4783 	 -4.9031 	 63.34 	 978031.97
-48.2867 	 -4.8933 	 208.88 	 977999.42
-48.0167 	 -4.7261 	 283.28 	 977953.07
-49.6631 	 -6.0942 	 259.87 	 978033.67
-49.9778 	 -6.1003 	 383.16 	 978006.73
-49.3467 	 -6.1303 	 111.24 	 978040.85
-48.9397 	 -6.3147 	 148.15 	 977997.82
-48.7614 	 -5.3933 	 69.3 	 978011.71
-49.9456 	 -7.1047 	 227.2 	 978020.45
-50.1719 	 -6.9794 	 243.09 	 978025.64
-50.3633 	 -6.8153 	 291.97 	 978007.03
-47.2944 	 -3.54 	 166.92 	 977982.86
-47.5456 	 -4.4433 	 96.81 	 978030.56
-47.5444 	 -4.0569 	 224.84 	 977993.26
-48.1628 	 -1.2986 	 -0.64 	 978025.76
-47.19 	 -1.1242 	 20.09 	 978013.14
-47.2214 	 -0.8133 	 2.46 	 978023.18
-47.3008 	 -0.7106 	 10.29 	 978016.43
-46.8597 	 -1.3156 	 9.35 	 977994.84
-46.8692 	 -1.5569 	 48.95 	 978013.73
-47.2506 	 -1.0728 	 18.58 	 978023.86
-47.0231 	 -0.8128 	 -23.38 	 978031.55
-47.0753 	 -0.9736 	 11.23 	 978023.92
-47.3281 	 -1.795 	 4.81 	 978039.82
-48.145 	 -0.8556 	 -19.42 	 978013.34
-48.0733 	 -0.7931 	 -16.91 	 978018.78
-47.7014 	 -1.2967 	 29.35 	 978016.84
-47.6617 	 -1.1939 	 17.13 	 978023.83
-47.7961 	 -1.1536 	 23.5 	 978013.37
-47.9281 	 -1.2356 	 18.97 	 978001.83
-47.93 	 -1.0778 	 16.42 	 978011.82
-47.8617 	 -0.7289 	 -13.36 	 978029.05
-47.7964 	 -0.7703 	 -17.05 	 978034.45
-47.6464 	 -0.6244 	 -21.19 	 978018.56
-47.49 	 -0.9439 	 12.37 	 978015.37
-47.5947 	 -1.0133 	 13.46 	 978016.8
-55.625 	 -6.1136 	 290.06 	 977982.54
-55.8133 	 -5.5958 	 123.67 	 978017.6
-55.5192 	 -6.5764 	 218.46 	 977990.2
-55.4694 	 -6.8136 	 206.35 	 978010.85
-54.5064 	 -2.7189 	 132.92 	 978014.0
-54.5953 	 -2.6344 	 112.79 	 978015.61
-54.7461 	 -2.4403 	 -4.2 	 978041.79
-53.5639 	 -3.675 	 65.62 	 977965.13
-53.3261 	 -3.6158 	 95.3 	 977961.97
-53.1061 	 -3.4983 	 196.94 	 977935.96
-50.1197 	 -4.1592 	 96.28 	 978002.11
-49.9522 	 -4.3108 	 59.43 	 978015.97
-49.8469 	 -4.5136 	 74.73 	 978023.27
-49.6931 	 -4.6847 	 95.22 	 978022.98
-49.5378 	 -5.4589 	 128.23 	 978049.88
-49.7592 	 -5.4542 	 161.19 	 978047.62
-50.02 	 -8.2006 	 219.78 	 978031.79
-50.0439 	 -8.4058 	 169.15 	 978064.05
-49.8894 	 -8.5556 	 181.23 	 978057.56
-49.7003 	 -8.4639 	 189.93 	 978035.67
-49.9986 	 -7.5961 	 199.65 	 978044.92
-49.8047 	 -7.5764 	 191.38 	 978019.62
-49.5919 	 -7.6392 	 225.1 	 977998.31
-49.4347 	 -7.6175 	 159.54 	 978013.69
-50.2439 	 -8.6908 	 176.02 	 978077.31
-50.0586 	 -8.7781 	 158.3 	 978064.56
-49.8906 	 -8.87 	 165.28 	 978059.56
-47.6206 	 -4.3125 	 189.83 	 978011.24
-48.4111 	 -2.5072 	 7.31 	 977971.44
-46.4847 	 -1.7931 	 7.24 	 978031.38
-47.6556 	 -1.3258 	 16.08 	 978020.63
-54.9089 	 -4.1 	 123.01 	 977974.38
-55.9053 	 -4.3958 	 29.7 	 978003.1
-55.4442 	 -4.1867 	 51.01 	 977986.31
-56.0428 	 -5.1969 	 84.07 	 978019.59
-50.2789 	 -3.9561 	 70.63 	 978012.33
-50.2622 	 -3.9772 	 72.54 	 978011.41
-50.2261 	 -4.1422 	 94.54 	 978004.71
-55.4625 	 -1.7411 	 50.3 	 977976.82
-55.43 	 -1.69 	 35.2 	 977977.4
-55.3731 	 -1.6497 	 44.43 	 977973.92
-55.2747 	 -1.5764 	 22.44 	 977975.16
-55.2172 	 -1.5397 	 2.85 	 977976.32
-55.5289 	 -1.8692 	 70.31 	 977977.58
-55.5081 	 -1.8675 	 69.32 	 977978.13
-55.5169 	 -1.8736 	 60.88 	 977980.21
-55.5325 	 -1.8525 	 50.52 	 977981.57
-55.6122 	 -1.8164 	 24.55 	 977988.69
-55.6011 	 -1.7942 	 50.36 	 977981.9
-48.4781 	 -1.3028 	 -11.85 	 978019.6
-48.1361 	 -1.2169 	 0.58 	 978028.81
-48.1269 	 -1.0731 	 10.95 	 978018.89
-48.11 	 -1.0036 	 9.77 	 978004.78
-48.0961 	 -0.9356 	 -5.21 	 978008.55
-48.0917 	 -0.87 	 -11.06 	 978010.63
-48.0667 	 -0.8058 	 -8.15 	 978016.47
-48.0233 	 -0.7536 	 -15.78 	 978023.43
-48.0633 	 -0.9497 	 1.71 	 978006.77
-47.985 	 -0.9539 	 -10.23 	 978019.45
-55.0936 	 -8.3158 	 238.42 	 978047.13
-55.5933 	 -1.6492 	 40.6 	 977983.09
-55.6342 	 -1.6108 	 84.89 	 977973.13
-55.6461 	 -1.8411 	 -7.39 	 977996.89
-49.0836 	 -3.8825 	 102.52 	 977957.71
-49.0622 	 -4.04 	 93.51 	 977949.92
-49.06 	 -4.2558 	 71.44 	 977952.28
-49.0964 	 -4.3367 	 66.57 	 977960.65
-48.3583 	 -2.7097 	 19.87 	 977980.99
-49.0694 	 -4.2792 	 61.68 	 977956.75
-49.1794 	 -3.7958 	 72.06 	 977967.18
-49.4183 	 -3.7725 	 43.96 	 978001.12
-49.4842 	 -3.7586 	 56.9 	 978002.09
-49.5464 	 -3.7486 	 60.28 	 978000.73
-48.8119 	 -2.2075 	 -11.36 	 977994.48
-48.79 	 -2.2647 	 -10.41 	 977988.92
-48.7697 	 -2.3267 	 -4.04 	 977982.36
-48.7508 	 -2.3889 	 -5.31 	 977979.39
-48.9536 	 -3.1456 	 27.67 	 978052.41
-48.9394 	 -3.4208 	 42.69 	 978010.73
-49.0036 	 -3.5411 	 48.57 	 978015.26
-53.7347 	 -3.7167 	 124.73 	 977963.21
-55.9592 	 -4.3761 	 71.78 	 977991.93
-55.8622 	 -4.375 	 51.03 	 977994.13
-50.3244 	 -9.3214 	 172.66 	 978096.78
-48.5922 	 -1.4928 	 -18.31 	 978018.46
-48.5583 	 -1.6042 	 -9.45 	 978018.77
-48.7711 	 -1.9247 	 -7.75 	 978060.71
-55.7625 	 -4.3314 	 58.47 	 977988.19
-55.6372 	 -4.2453 	 61.91 	 977983.23
-55.5047 	 -4.1986 	 51.01 	 977990.05
-55.2628 	 -7.515 	 210.17 	 978024.75
-55.2464 	 -7.5664 	 206.5 	 978024.35
-55.2389 	 -7.5925 	 237.89 	 978015.33
-55.1978 	 -7.7733 	 225.89 	 978024.85
-55.1514 	 -8.0308 	 296.12 	 978025.76
-55.1247 	 -8.1881 	 235.09 	 978050.38
-48.7172 	 -1.5619 	 -11.23 	 978029.68
-48.6708 	 -1.6372 	 -5.73 	 978032.15
-48.7636 	 -1.7608 	 -6.35 	 978055.33
-48.6744 	 -1.7019 	 -0.97 	 978038.55
-48.4931 	 -2.5 	 7.59 	 977972.77
-48.6392 	 -2.4219 	 1.39 	 977973.19
-48.5856 	 -2.4431 	 -0.22 	 977973.04
-48.2939 	 -1.9464 	 6.86 	 978028.09
-48.5692 	 -1.9722 	 5.39 	 978044.94
-48.6217 	 -1.9961 	 -2.49 	 978052.1
-48.7286 	 -2.0878 	 -18.57 	 978017.69
-48.1464 	 -2.3753 	 0.17 	 977995.43
-48.1058 	 -2.3208 	 2.86 	 977996.11
-47.4456 	 -2.9442 	 104.71 	 977983.69
-47.4381 	 -2.8706 	 47.59 	 978000.38
-47.4508 	 -2.7958 	 67.87 	 977994.53
-47.4803 	 -2.7217 	 57.24 	 977993.25
-47.4775 	 -2.6478 	 72.83 	 977989.91
-47.4906 	 -2.575 	 33.83 	 977998.59
-47.5031 	 -2.5264 	 33.41 	 977999.66
-47.5094 	 -2.4553 	 41.15 	 978000.86
-47.5544 	 -2.3669 	 39.19 	 978002.7
-47.5642 	 -2.2881 	 2.04 	 978013.3
-47.5628 	 -2.2608 	 22.47 	 978009.43
-47.5606 	 -2.1783 	 13.05 	 978013.59
-47.56 	 -2.1025 	 31.56 	 978007.71
-47.4097 	 -2.9889 	 94.99 	 977982.44
-47.46 	 -3.0039 	 88.45 	 977986.34
-47.4753 	 -3.07 	 116.53 	 977978.76
-47.4903 	 -3.1339 	 90.27 	 977985.82
-47.4947 	 -3.2028 	 95.6 	 977991.2
-47.4711 	 -3.2653 	 95.49 	 977995.41
-47.4592 	 -3.3278 	 165.51 	 977980.45
-47.4444 	 -3.3964 	 102.07 	 977994.42
-47.4794 	 -3.4575 	 83.31 	 978000.55
-47.4869 	 -3.5292 	 86.69 	 977999.59
-47.4903 	 -3.5878 	 153.31 	 977984.21
-47.4883 	 -3.6536 	 156.94 	 977987.48
-47.4894 	 -3.7175 	 88.04 	 978008.35
-47.5947 	 -2.9736 	 46.43 	 977992.05
-47.7917 	 -2.9514 	 5.48 	 977992.09
-47.8442 	 -2.9389 	 23.45 	 977985.75
-47.9953 	 -2.9178 	 36.03 	 977993.63
-48.0864 	 -2.8758 	 35.72 	 977990.25
-47.33 	 -3.0514 	 114.52 	 977979.28
-47.3167 	 -3.1086 	 74.3 	 977988.59
-47.3008 	 -3.1806 	 141.04 	 977971.5
-47.2844 	 -3.2392 	 156.06 	 977969.37
-47.5514 	 -4.2942 	 236.53 	 978004.11
-47.5556 	 -4.2989 	 240.83 	 978003.59
-48.1522 	 -2.42 	 -9.7 	 977990.19
-49.0967 	 -3.8431 	 75.97 	 977968.41
-54.9678 	 -8.7611 	 428.79 	 978012.61
-55.0383 	 -8.6364 	 253.95 	 978047.56
-55.3819 	 -7.1419 	 208.95 	 978013.27
-55.3136 	 -7.2808 	 222.5 	 978019.68
-50.8061 	 -6.7247 	 310.01 	 978003.73
-50.8628 	 -6.7614 	 286.16 	 978006.26
-49.8389 	 -7.0306 	 191.79 	 978023.49
-49.7781 	 -7.0008 	 195.97 	 978023.44
-49.7247 	 -6.9664 	 197.98 	 978028.69
-49.5458 	 -6.7575 	 177.46 	 978004.48
-49.4603 	 -6.6275 	 127.51 	 978025.33
-49.4075 	 -6.5383 	 123.64 	 978028.65
-49.4011 	 -6.4606 	 110.23 	 978038.95
-49.4072 	 -6.3875 	 126.02 	 978033.36
-49.3794 	 -6.2422 	 100.25 	 978037.72
-49.3803 	 -6.1675 	 102.81 	 978045.0
-50.0389 	 -7.4139 	 229.78 	 978034.38
-50.0428 	 -7.5422 	 226.78 	 978035.75
-50.0203 	 -7.6303 	 199.61 	 978040.91
-49.5853 	 -6.8744 	 199.7 	 978002.2
-49.5139 	 -6.8817 	 149.97 	 978012.28
-47.7564 	 -2.0272 	 -13.58 	 978015.83
-47.51 	 -1.5567 	 2.14 	 978037.81
-47.4878 	 -1.64 	 -18.49 	 978037.58
-47.2631 	 -1.7758 	 34.63 	 978036.3
-47.1894 	 -1.7639 	 31.73 	 978033.29
-47.1175 	 -1.7483 	 54.74 	 978012.31
-47.0778 	 -1.7614 	 55.3 	 978009.44
-47.0747 	 -1.835 	 31.38 	 978021.93
-47.0392 	 -1.8897 	 52.56 	 978024.27
-47.0525 	 -1.9347 	 21.41 	 978041.07
-47.0639 	 -1.6978 	 51.2 	 978013.43
-47.0606 	 -1.6267 	 50.38 	 978013.37
-47.1122 	 -1.5731 	 19.11 	 978023.53
-48.375 	 -1.3669 	 -5.75 	 978012.73
-48.3286 	 -1.3672 	 -1.34 	 978018.53
-48.2603 	 -1.3578 	 11.38 	 978018.87
-48.2194 	 -1.3111 	 4.83 	 978023.08
-48.2236 	 -1.3444 	 -5.33 	 978023.05
-48.0736 	 -1.4353 	 5.87 	 978006.19
-48.0242 	 -1.4686 	 -17.69 	 978006.75
-48.0942 	 -1.3867 	 5.22 	 978012.06
-48.1619 	 -1.3064 	 4.85 	 978024.2
-48.245 	 -1.3375 	 6.69 	 978016.85
-48.2925 	 -1.2261 	 -14.36 	 978023.33
-48.2669 	 -1.2222 	 -7.47 	 978023.16
-48.24 	 -1.1856 	 -11.79 	 978029.05
-48.2625 	 -1.1328 	 -9.7 	 978023.84
-48.3292 	 -1.1753 	 -20.22 	 978025.74
-48.3789 	 -1.1294 	 -13.73 	 978030.32
-48.4103 	 -1.0944 	 -13.04 	 978031.85
-48.3278 	 -1.0742 	 -19.23 	 978028.1
-48.4525 	 -1.1297 	 -17.7 	 978032.07
-48.3917 	 -1.1192 	 -13.74 	 978032.31
-48.4381 	 -1.3433 	 -15.83 	 978018.13
-47.1567 	 -1.1289 	 20.64 	 978012.35
-47.2075 	 -1.0792 	 28.01 	 978017.3
-47.2742 	 -1.0536 	 17.82 	 978023.91
-47.1875 	 -0.9828 	 1.11 	 978028.96
-47.1406 	 -0.9617 	 -1.43 	 978027.78
-47.0056 	 -0.8506 	 -23.7 	 978027.75
-47.0064 	 -0.8969 	 -22.63 	 978030.15
-47.0522 	 -0.9086 	 -14.95 	 978030.25
-47.0947 	 -0.9328 	 -18.94 	 978031.82
-47.045 	 -0.9906 	 -16.76 	 978028.07
-47.44 	 -1.7683 	 -9.16 	 978035.65
-47.3972 	 -1.7847 	 2.91 	 978036.82
-48.595 	 -6.1936 	 173.5 	 978002.35
-48.5969 	 -6.2661 	 142.63 	 978012.74
-48.5631 	 -6.3931 	 113.88 	 978035.33
-49.4175 	 -6.0981 	 112.95 	 978040.11
-49.4883 	 -6.0689 	 127.26 	 978036.46
-49.5525 	 -6.0567 	 169.17 	 978032.21
-49.5969 	 -6.0986 	 178.06 	 978032.85
-49.7386 	 -6.0892 	 193.34 	 978041.21
-49.8081 	 -6.0842 	 184.11 	 978038.83
-50.0286 	 -6.1019 	 598.23 	 977965.01
-50.0597 	 -6.0661 	 644.59 	 977946.61
-50.1133 	 -6.0406 	 665.13 	 977942.21
-49.2969 	 -6.1089 	 115.03 	 978034.07
-49.2617 	 -6.1367 	 164.7 	 978017.71
-55.6889 	 -6.0025 	 166.48 	 978016.59
-55.7056 	 -5.9467 	 134.08 	 978026.54
-55.7278 	 -5.8133 	 121.29 	 978025.99
-55.7417 	 -5.7339 	 158.91 	 978014.33
-55.7739 	 -5.6681 	 213.35 	 978000.17
-55.5772 	 -6.3447 	 188.79 	 978006.49
-55.5631 	 -6.4158 	 172.58 	 978009.43
-55.5122 	 -6.6514 	 200.72 	 977996.97
-55.4794 	 -6.73 	 193.07 	 978000.19
-48.0422 	 -2.1911 	 -4.44 	 978004.0
-47.945 	 -1.9964 	 22.94 	 978000.81
-55.6331 	 -6.1739 	 212.84 	 977998.38
-56.3058 	 -4.5486 	 65.4 	 978006.36
-56.3189 	 -4.6022 	 46.57 	 978014.74
-56.3794 	 -4.6253 	 48.01 	 978017.87
-56.4419 	 -4.6625 	 60.22 	 978015.84
-56.5039 	 -4.68 	 57.07 	 978012.76
-56.5575 	 -4.6381 	 58.47 	 978007.41
-56.6358 	 -4.6664 	 49.78 	 978010.29
-56.7239 	 -4.6733 	 40.35 	 978008.64
-56.1464 	 -4.2306 	 64.65 	 977990.97
-56.1861 	 -4.2183 	 33.66 	 977995.44
-48.3775 	 -5.6842 	 161.35 	 978024.35
-48.3289 	 -5.6903 	 125.3 	 978039.88
-48.2547 	 -5.6758 	 144.19 	 978021.75
-48.1761 	 -5.7067 	 69.67 	 978023.72
-48.7394 	 -5.4908 	 100.71 	 978004.26
-48.7469 	 -5.5575 	 130.88 	 977992.55
-48.7294 	 -5.6164 	 139.35 	 977990.93
-48.7003 	 -5.6764 	 139.35 	 977993.32
-48.6967 	 -5.7356 	 136.06 	 977990.37
-49.6519 	 -5.7933 	 151.44 	 977984.45
-48.6181 	 -5.845 	 170.61 	 977988.2
-48.625 	 -5.9122 	 187.33 	 977985.65
-48.6458 	 -5.9842 	 171.51 	 977992.35
-48.6286 	 -6.0475 	 163.08 	 977995.29
-48.5936 	 -6.115 	 176.5 	 977998.75
-50.2611 	 -6.8842 	 318.52 	 978000.79
-50.32 	 -6.8514 	 269.13 	 978008.0
-50.4303 	 -6.8047 	 316.12 	 978005.73
-50.4942 	 -6.8036 	 278.14 	 978010.22
-50.5733 	 -6.8172 	 301.77 	 978013.96
-50.6742 	 -6.7414 	 321.41 	 978004.11
-50.4803 	 -4.3936 	 115.79 	 978018.87
-50.4786 	 -4.4558 	 112.38 	 978019.65
-50.4394 	 -4.4861 	 109.7 	 978022.01
-55.9953 	 -4.7008 	 115.18 	 978000.78
-56.0389 	 -4.2256 	 40.04 	 977995.69
-56.0186 	 -4.1756 	 -2.54 	 977999.18
-55.9675 	 -4.1628 	 29.89 	 977986.43
-55.9436 	 -4.115 	 45.11 	 977981.21
-55.8867 	 -4.0736 	 56.46 	 977979.54
-55.8394 	 -4.0519 	 46.76 	 977982.89
-55.7947 	 -4.0419 	 46.18 	 977984.49
-55.7367 	 -4.0278 	 38.89 	 977987.73
-55.7244 	 -4.0575 	 -8.6 	 977998.77
-55.6883 	 -4.0922 	 -3.89 	 977998.63
-55.9236 	 -4.0572 	 32.18 	 977983.15
-56.0133 	 -4.1375 	 45.14 	 977982.44
-56.0767 	 -4.2186 	 45.9 	 977994.54
-56.1058 	 -4.2167 	 13.95 	 978004.91
-56.0461 	 -4.2522 	 4.93 	 978006.99
-56.1033 	 -4.3119 	 15.7 	 978005.74
-56.1517 	 -4.3472 	 13.63 	 978007.48
-56.2125 	 -4.3428 	 19.46 	 978006.86
-56.2683 	 -4.3764 	 -1.27 	 978008.62
-56.2858 	 -4.4364 	 47.88 	 978000.48
-56.2764 	 -4.4992 	 52.23 	 978006.46
-49.6164 	 -8.3064 	 161.18 	 978027.67
-49.5742 	 -8.2578 	 146.73 	 978026.52
-49.9383 	 -7.5922 	 184.71 	 978041.59
-49.9033 	 -7.6239 	 174.73 	 978035.07
-55.9364 	 -5.3189 	 96.36 	 978020.87
-55.8756 	 -5.4508 	 92.93 	 978023.15
-50.2039 	 -4.1539 	 113.73 	 978000.75
-50.1511 	 -4.1589 	 143.56 	 977993.15
-50.0914 	 -4.1617 	 104.92 	 977998.18
-50.0097 	 -4.1969 	 97.29 	 978001.07
-49.9386 	 -4.3733 	 93.52 	 978013.24
-49.9278 	 -4.4311 	 51.94 	 978023.59
-49.8886 	 -4.4847 	 83.07 	 978018.86
-49.8103 	 -4.5678 	 79.26 	 978024.88
-49.7686 	 -4.6147 	 70.99 	 978026.54
-49.7414 	 -4.6506 	 70.98 	 978026.69
-49.6553 	 -4.7217 	 86.86 	 978024.89
-49.61 	 -4.7658 	 78.5 	 978026.62
-49.5689 	 -4.8072 	 95.43 	 978024.3
-49.5411 	 -4.8556 	 89.15 	 978027.19
-50.1144 	 -4.2028 	 111.84 	 977997.69
-50.1669 	 -4.2708 	 90.1 	 978008.07
-50.1497 	 -4.3331 	 127.23 	 978004.43
-50.1339 	 -4.3894 	 130.87 	 978007.26
-50.1769 	 -4.4236 	 130.83 	 978009.3
-50.1942 	 -4.4714 	 103.41 	 978020.35
-50.2175 	 -4.5119 	 149.55 	 978013.93
-50.2614 	 -4.5181 	 131.01 	 978018.42
-50.2783 	 -4.4936 	 122.35 	 978018.12
-50.27 	 -4.565 	 148.35 	 978017.3
-50.3281 	 -4.5572 	 135.57 	 978019.59
-50.09 	 -4.3861 	 79.74 	 978015.27
-50.0278 	 -4.3697 	 120.93 	 978004.26
-50.2514 	 -4.1842 	 87.43 	 978006.08
-50.2717 	 -4.2364 	 84.85 	 978008.54
-50.3017 	 -4.2875 	 93.95 	 978009.85
-50.3078 	 -4.3461 	 121.96 	 978008.82
-50.3331 	 -4.4011 	 132.71 	 978011.74
-50.3272 	 -4.4517 	 131.2 	 978015.78
-50.3322 	 -4.5003 	 144.41 	 978015.0
-50.3281 	 -4.5572 	 128.87 	 978019.62
-50.3792 	 -4.5744 	 109.28 	 978025.96
-50.4131 	 -4.6164 	 134.35 	 978021.16
-50.4572 	 -4.6558 	 172.14 	 978013.51
-50.3706 	 -4.3539 	 122.23 	 978011.5
-50.4317 	 -4.3608 	 154.84 	 978007.7
-50.4897 	 -4.365 	 139.26 	 978011.6
-50.5167 	 -4.3364 	 136.72 	 978011.08
-50.4822 	 -4.3406 	 120.13 	 978014.18
-49.2125 	 -6.1456 	 169.92 	 978012.33
-49.1408 	 -6.1522 	 175.76 	 978005.53
-49.0447 	 -6.2819 	 136.05 	 978003.57
-48.9839 	 -6.3044 	 147.25 	 977999.83
-48.8939 	 -6.3019 	 137.63 	 978000.04
-48.8628 	 -6.3414 	 148.18 	 977997.76
-48.7367 	 -5.4567 	 92.11 	 978004.04
-48.7892 	 -5.3553 	 73.66 	 978012.71
-48.8014 	 -5.4128 	 109.97 	 978004.56
-48.8006 	 -5.4725 	 106.43 	 978004.9
-50.0042 	 -7.0758 	 239.78 	 978022.24
-50.0783 	 -7.0508 	 242.83 	 978029.46
-50.1267 	 -7.0244 	 228.9 	 978034.7
-50.2303 	 -6.92 	 260.23 	 978018.12
-50.4431 	 -4.4044 	 94.61 	 978024.25
-50.4458 	 -4.3306 	 118.26 	 978014.45
-50.41 	 -4.3294 	 84.05 	 978019.54
-49.1022 	 -5.3489 	 114.09 	 978010.26
-49.3214 	 -5.4083 	 103.9 	 978029.72
-49.3681 	 -5.4225 	 110.05 	 978034.68
-49.4208 	 -5.4483 	 159.08 	 978033.68
-49.4806 	 -5.4575 	 158.29 	 978039.94
-49.5914 	 -5.4433 	 115.94 	 978052.51
-49.6553 	 -5.4414 	 163.24 	 978043.66
-49.8017 	 -5.4353 	 156.94 	 978049.59
-49.8486 	 -5.4181 	 162.39 	 978049.19
-50.0261 	 -8.0769 	 194.55 	 978027.12
-50.0314 	 -8.1375 	 214.28 	 978025.51
-50.0056 	 -8.2572 	 205.19 	 978049.48
-50.0361 	 -8.2978 	 174.98 	 978055.54
-50.0217 	 -8.4469 	 180.1 	 978061.38
-49.9906 	 -8.4953 	 161.36 	 978064.84
-49.8458 	 -8.5403 	 170.04 	 978060.82
-49.7953 	 -8.515 	 172.22 	 978061.71
-49.7331 	 -8.5142 	 180.65 	 978046.35
-49.6539 	 -8.3558 	 192.99 	 978026.59
-56.1544 	 -4.1975 	 22.59 	 977995.98
-56.0569 	 -4.1725 	 43.91 	 977988.57
-56.0781 	 -4.1247 	 28.6 	 977986.99
-56.0931 	 -4.2025 	 45.83 	 977992.69
-56.1244 	 -4.145 	 50.62 	 977985.37
-56.1553 	 -4.1011 	 92.14 	 977974.95
-56.1772 	 -4.0814 	 80.4 	 977978.29
-56.0064 	 -4.245 	 14.52 	 978001.18
-55.5256 	 -1.6906 	 95.7 	 977968.57
-55.5483 	 -1.6731 	 68.39 	 977976.05
-55.5169 	 -1.9 	 23.76 	 977989.63
-57.8125 	 -6.1747 	 112.59 	 978053.77
-57.8006 	 -6.1128 	 155.36 	 978046.24
-50.5942 	 -3.8392 	 62.51 	 978003.88
-50.6483 	 -3.8342 	 57.92 	 978004.53
-51.1756 	 -3.5933 	 39.56 	 978007.5
-51.1822 	 -3.6558 	 58.18 	 977997.95
-51.2011 	 -3.7108 	 53.42 	 977995.0
-51.2267 	 -3.7606 	 56.82 	 977996.44
-51.2347 	 -3.8203 	 73.02 	 978003.97
-51.2389 	 -3.8522 	 73.09 	 977997.23
-47.3575 	 -0.6147 	 -3.76 	 978012.43
-47.3125 	 -0.595 	 -23.78 	 978016.1
-47.2306 	 -0.9267 	 14.82 	 978024.44
-46.8167 	 -1.1231 	 10.43 	 977993.41
-46.8558 	 -1.1847 	 22.49 	 977996.36
-46.8861 	 -1.2525 	 7.25 	 978000.92
-46.8636 	 -1.3783 	 19.69 	 977992.15
-46.8258 	 -1.4453 	 48.12 	 977988.04
-46.82 	 -1.5175 	 48.32 	 978001.83
-47.1878 	 -1.1492 	 34.46 	 978009.71
-46.7586 	 -0.9933 	 -16.01 	 977995.53
-46.7292 	 -0.9356 	 -22.21 	 978019.21
-46.65 	 -0.8736 	 -22.68 	 978026.28
-47.2003 	 -1.0461 	 22.75 	 978021.33
-47.1728 	 -0.7683 	 -9.57 	 978025.53
-47.2753 	 -0.7839 	 1.69 	 978021.62
-58.0514 	 -6.3381 	 102.74 	 978065.26
-52.3622 	 -3.2614 	 100.29 	 977959.97
-51.7853 	 -3.1247 	 -11.45 	 978023.61
-51.5139 	 -3.22 	 30.52 	 978017.57
-51.3222 	 -3.3708 	 35.89 	 978010.99
-51.2336 	 -3.4389 	 40.87 	 978009.76
-51.1733 	 -3.4994 	 44.16 	 978010.76
-51.1194 	 -3.5439 	 71.27 	 978007.75
-51.0328 	 -3.6061 	 70.36 	 977999.71
-47.2972 	 -1.2786 	 1.07 	 978023.14
-47.2422 	 -1.2914 	 33.06 	 978018.69
-47.2019 	 -1.3417 	 30.9 	 978018.28
-47.1878 	 -1.3936 	 15.68 	 978022.16
-47.1564 	 -1.4372 	 52.44 	 978013.6
-47.1344 	 -1.495 	 51.47 	 978016.61
-47.1294 	 -1.5503 	 -6.3 	 978030.18
-47.1042 	 -1.5239 	 45.64 	 978017.54
-47.0947 	 -1.4703 	 54.9 	 978012.45
-47.085 	 -1.4175 	 46.82 	 978008.6
-47.0506 	 -1.3631 	 10.79 	 977994.43
-47.2364 	 -1.2431 	 2.86 	 978024.16
-47.5072 	 -1.3122 	 15.1 	 978028.0
-47.4586 	 -1.2756 	 -12.11 	 978026.59
-47.4069 	 -1.2569 	 24.04 	 978013.88
-47.3783 	 -1.2825 	 3.63 	 978020.01
-47.3839 	 -1.2189 	 12.81 	 978018.13
-47.41 	 -1.1944 	 20.25 	 978014.9
-47.4694 	 -1.1622 	 -16.22 	 978020.06
-47.3758 	 -1.145 	 24.78 	 978012.79
-47.3739 	 -1.0797 	 15.49 	 978015.34
-47.3519 	 -1.0219 	 -19.51 	 978027.68
-47.3125 	 -0.9719 	 4.53 	 978026.94
-47.3628 	 -0.9394 	 -12.41 	 978030.27
-47.3919 	 -0.9308 	 -1.71 	 978027.45
-47.2381 	 -0.9 	 11.9 	 978024.84
-47.3389 	 -1.1964 	 8.33 	 978016.85
-47.28 	 -1.19 	 6.15 	 978016.86
-47.2269 	 -1.2156 	 -3.68 	 978025.45
-47.1697 	 -1.2033 	 -7.42 	 978017.66
-47.1464 	 -1.2108 	 -7.86 	 978016.43
-46.6347 	 -1.0775 	 -21.11 	 977983.91
-46.6114 	 -1.1322 	 0.97 	 977975.45
-46.5958 	 -1.2008 	 25.58 	 977969.36
-46.5858 	 -1.2761 	 36.83 	 977967.09
-46.5614 	 -1.335 	 7.44 	 977975.15
-47.7539 	 -1.3272 	 20.27 	 978012.57
-47.7208 	 -1.3794 	 20.32 	 978013.54
-47.4456 	 -1.3122 	 7.3 	 978022.71
-49.4022 	 -7.7417 	 173.17 	 978011.62
-49.4519 	 -7.7028 	 136.18 	 978018.17
-54.7208 	 -2.5697 	 104.87 	 978022.52
-54.8514 	 -2.68 	 124.45 	 978022.6
-54.6044 	 -2.6728 	 59.4 	 978030.86
-54.55 	 -2.6653 	 62.86 	 978027.11
-54.4669 	 -2.77 	 126.2 	 978018.28
-54.3858 	 -2.765 	 46.79 	 978034.23
-54.3286 	 -2.7992 	 62.44 	 978035.86
-54.6369 	 -2.5761 	 122.02 	 978015.87
-54.7039 	 -2.4422 	 30.92 	 978033.65
-54.9536 	 -3.2044 	 135.26 	 978049.5
-54.9389 	 -3.1317 	 99.33 	 978052.09
-54.9464 	 -3.0047 	 126.52 	 978037.9
-54.9253 	 -2.9142 	 97.07 	 978042.32
-53.4669 	 -3.6439 	 65.39 	 977966.4
-53.4119 	 -3.6281 	 105.65 	 977958.92
-53.2636 	 -3.6036 	 152.19 	 977947.48
-47.8047 	 -1.3022 	 23.08 	 978006.92
-48.0119 	 -1.3056 	 12.03 	 978010.53
-48.0519 	 -1.2953 	 16.81 	 978014.82
-48.1261 	 -1.2803 	 4.51 	 978026.14
-54.6514 	 -3.9803 	 100.06 	 977980.99
-54.6019 	 -3.9339 	 61.79 	 977988.07
-54.5289 	 -3.9036 	 108.63 	 977980.87
-54.4597 	 -3.8925 	 81.91 	 977983.52
-54.3783 	 -3.8819 	 87.57 	 977981.95
-54.3286 	 -3.8894 	 51.75 	 977992.62
-54.2194 	 -3.8694 	 80.62 	 977987.36
-54.9089 	 -4.0833 	 123.03 	 977974.39
-54.8875 	 -3.9872 	 93.27 	 977979.96
-53.2294 	 -3.5703 	 158.91 	 977941.98
-53.17 	 -3.5358 	 223.57 	 977933.78
-53.0381 	 -3.5022 	 102.75 	 977952.79
-52.9928 	 -3.5006 	 174.31 	 977936.65
-53.8053 	 -3.7361 	 123.33 	 977972.98
-50.4806 	 -7.8897 	 238.63 	 978045.44
-50.5436 	 -7.8697 	 253.49 	 978040.69
-50.5969 	 -7.8572 	 271.46 	 978036.07
-50.7267 	 -7.8339 	 283.76 	 978051.82
-49.5906 	 -8.2364 	 146.53 	 978025.49
-49.5031 	 -8.2422 	 183.22 	 978016.32
-49.3589 	 -8.2656 	 211.25 	 978016.06
-49.3122 	 -8.2192 	 142.87 	 978027.12
-49.2833 	 -8.1028 	 152.54 	 978018.03
-49.2928 	 -8.035 	 192.82 	 978004.74
-49.2969 	 -7.9686 	 153.44 	 978010.0
-49.2942 	 -7.8217 	 161.49 	 978005.62
-49.3467 	 -7.7736 	 193.25 	 978003.6
-50.2447 	 -8.1689 	 194.16 	 978053.78
-47.7258 	 -1.3131 	 27.23 	 978012.37
-47.735 	 -1.3117 	 14.69 	 978014.7
-49.6833 	 -8.1714 	 188.33 	 978019.19
-50.2139 	 -8.0078 	 197.01 	 978042.93
-50.2614 	 -8.0117 	 198.53 	 978050.26
-50.3303 	 -7.9819 	 226.09 	 978046.22
-50.3714 	 -7.9503 	 236.63 	 978044.96
-50.4469 	 -7.9183 	 224.35 	 978048.91
-50.9564 	 -8.5503 	 289.27 	 978057.42
-49.9203 	 -6.9747 	 226.6 	 978021.88
-49.9694 	 -8.0558 	 171.88 	 978036.92
-49.8919 	 -8.1286 	 198.31 	 978035.05
-49.8694 	 -8.1364 	 200.95 	 978032.63
-47.2553 	 -3.3572 	 59.49 	 977996.12
-47.2781 	 -3.43 	 76.15 	 978001.06
-47.2756 	 -3.4864 	 82.93 	 977998.01
-47.3839 	 -3.6228 	 104.77 	 978005.68
-47.5375 	 -4.3722 	 135.85 	 978023.66
-47.5456 	 -4.2203 	 216.79 	 978009.08
-47.5464 	 -4.1406 	 145.39 	 978020.46
-47.5236 	 -3.8806 	 127.85 	 978004.57
-47.5131 	 -3.8139 	 180.6 	 977991.27
-47.6947 	 -4.3236 	 195.1 	 977997.08
-47.7611 	 -4.3372 	 253.09 	 977969.26
-47.8133 	 -4.3897 	 259.77 	 977962.19
-46.8614 	 -1.5658 	 52.38 	 978013.1
-46.3411 	 -1.8169 	 8.25 	 978029.69
-47.1808 	 -1.1947 	 -0.61 	 978016.29
-55.7483 	 -1.5258 	 71.85 	 977973.07
-55.7353 	 -1.5814 	 53.82 	 977978.83
-55.8628 	 -1.7586 	 35.47 	 977994.98
-55.7747 	 -1.6628 	 39.65 	 977984.63
-55.5183 	 -1.7072 	 51.22 	 977978.03
-47.5861 	 -0.9547 	 14.5 	 978014.83
-47.5928 	 -0.9164 	 8.23 	 978014.53
-47.5869 	 -0.8828 	 -6.56 	 978017.41
-48.1 	 -1.1875 	 -11.52 	 978030.31
-48.0447 	 -1.2033 	 18.85 	 978008.17
-47.9739 	 -1.1633 	 12.64 	 977999.2
-47.9283 	 -1.2058 	 9.44 	 978000.39
-47.8542 	 -1.1069 	 19.63 	 978009.51
-47.8125 	 -0.8786 	 -7.65 	 978026.33
-47.8956 	 -0.8656 	 -0.8 	 978017.21
-47.82 	 -0.9581 	 13.54 	 978016.84
-47.9464 	 -1.0353 	 -3.33 	 978018.5
-47.9972 	 -1.0664 	 13.99 	 978004.07
-48.0572 	 -1.0781 	 12.55 	 978005.59
-48.1103 	 -1.0775 	 11.88 	 978018.45
-55.3028 	 -4.1497 	 69.7 	 977988.61
-55.3681 	 -4.1786 	 37.41 	 977994.12
-54.8447 	 -4.0858 	 109.2 	 977976.18
-54.7956 	 -4.0694 	 125.95 	 977973.17
-54.7122 	 -4.0383 	 92.89 	 977980.9
-49.4417 	 -6.8881 	 137.02 	 978011.94
-49.3756 	 -6.9219 	 205.89 	 977999.19
-49.3169 	 -6.9206 	 179.64 	 978000.96
-49.2725 	 -6.8892 	 157.4 	 978003.74
-49.2239 	 -6.8572 	 121.18 	 978009.71
-49.1781 	 -6.8553 	 134.98 	 978004.05
-49.1172 	 -6.8589 	 107.12 	 978006.71
-49.2203 	 -6.79 	 146.62 	 978003.03
-49.2511 	 -6.7414 	 158.5 	 978001.41
-49.8964 	 -7.0119 	 197.75 	 978022.19
-47.5875 	 -1.2814 	 28.72 	 978024.42
-47.6211 	 -1.1286 	 16.11 	 978028.57
-47.6894 	 -1.1228 	 0.9 	 978027.39
-47.7386 	 -1.1133 	 21.36 	 978018.39
-47.8197 	 -1.1925 	 1.64 	 978011.81
-47.8667 	 -1.2375 	 11.39 	 978005.33
-47.9044 	 -1.2761 	 21.13 	 978003.34
-47.9231 	 -1.1706 	 8.03 	 978002.56
-47.9269 	 -1.2261 	 11.17 	 978001.81
-47.9211 	 -1.1503 	 8.03 	 978003.9
-47.8806 	 -0.9392 	 14.54 	 978014.29
-47.8569 	 -0.8669 	 13.44 	 978016.82
-47.8544 	 -0.7964 	 4.19 	 978022.47
-47.8969 	 -0.7731 	 5.23 	 978016.42
-47.9614 	 -0.785 	 -19.39 	 978022.03
-47.9128 	 -0.8314 	 -6.25 	 978019.59
-47.7586 	 -0.7094 	 -13.32 	 978035.45
-47.6969 	 -0.7075 	 -21.52 	 978032.04
-47.6783 	 -0.6428 	 -14.51 	 978018.14
-47.61 	 -1.0711 	 26.53 	 978024.39
-47.5667 	 -1.0236 	 23.21 	 978016.12
-47.5258 	 -0.9856 	 11.22 	 978013.02
-47.4772 	 -0.8892 	 14.46 	 978016.32
-47.4503 	 -0.8347 	 -0.84 	 978022.12
-47.4511 	 -0.7722 	 -4.78 	 978022.42
-47.4292 	 -0.8389 	 5.53 	 978021.52
-55.4386 	 -6.8786 	 182.62 	 978022.61
-55.4531 	 -6.9536 	 199.06 	 978018.12
-55.4139 	 -7.0578 	 197.09 	 978011.76
-55.0211 	 -4.1086 	 64.3 	 977992.1
-55.1042 	 -4.1256 	 58.39 	 977991.14
-55.1186 	 -4.1225 	 42.92 	 977995.03
-55.2269 	 -4.13 	 39.97 	 977993.74
-50.7328 	 -8.6133 	 213.1 	 978064.03
-50.7889 	 -8.605 	 216.36 	 978065.85
-50.8428 	 -8.6111 	 225.05 	 978066.51
-50.8806 	 -8.5975 	 236.71 	 978066.1
-47.5233 	 -1.9292 	 3.55 	 978017.66
-47.5511 	 -2.0492 	 15.77 	 978011.91
-46.9689 	 -1.4456 	 29.35 	 978014.62
-49.8614 	 -7.5869 	 176.02 	 978028.97
-49.7419 	 -7.5733 	 169.66 	 978023.98
-49.6883 	 -7.5711 	 153.25 	 978022.54
-49.6386 	 -7.61 	 177.15 	 978012.22
-49.5406 	 -7.6669 	 169.5 	 978009.77
-49.4897 	 -7.6725 	 139.34 	 978015.22
-49.4658 	 -7.6603 	 142.84 	 978015.16
-50.4092 	 -8.7631 	 203.72 	 978086.39
-50.3489 	 -8.7428 	 178.64 	 978099.24
-50.3042 	 -8.7128 	 171.52 	 978091.28
-50.2122 	 -8.7408 	 200.17 	 978084.62
-50.2439 	 -8.7472 	 219.26 	 978085.87
-50.175 	 -8.7319 	 207.45 	 978081.19
-50.1106 	 -8.7436 	 160.97 	 978075.99
-50.0153 	 -8.7942 	 173.16 	 978061.83
-49.9708 	 -8.7975 	 158.49 	 978062.21
-49.8325 	 -8.8633 	 155.92 	 978062.11
-49.7706 	 -8.8686 	 135.28 	 978066.34
-50.5508 	 -8.8003 	 209.37 	 978058.9
-50.5856 	 -8.7633 	 199.55 	 978060.38
-50.5678 	 -8.7086 	 202.09 	 978062.45
-50.5844 	 -8.6664 	 202.77 	 978068.6
-50.6406 	 -8.6603 	 241.87 	 978062.73
-50.6964 	 -8.6442 	 205.77 	 978068.22
-48.1453 	 -0.9908 	 -12.03 	 978010.12
-48.1928 	 -0.995 	 -19.66 	 978015.14
-47.6628 	 -1.255 	 17.48 	 978021.72
-47.6267 	 -1.2719 	 25.03 	 978020.55
-58.1181 	 -6.3553 	 106.96 	 978068.48
-58.1783 	 -6.3767 	 107.93 	 978068.67
-49.6125 	 -3.8161 	 54.94 	 978001.13
-49.6772 	 -3.8208 	 79.07 	 978000.17
-49.6756 	 -3.8817 	 203.87 	 977972.19
-49.0444 	 -5.2117 	 78.72 	 978008.38
-48.3411 	 -4.9228 	 185.63 	 978013.79
-48.7711 	 -5.4789 	 106.09 	 978006.95
-48.6572 	 -5.5358 	 108.94 	 978000.64
-48.5922 	 -5.5403 	 95.99 	 978012.4
-48.5422 	 -5.5664 	 136.17 	 978019.35
-48.4756 	 -5.5942 	 119.37 	 978035.02
-48.4169 	 -5.6314 	 170.46 	 978026.58
-49.6906 	 -3.94 	 188.06 	 977978.31
-49.7364 	 -3.9722 	 80.54 	 978003.6
-49.7789 	 -4.0081 	 61.31 	 978003.37
-49.8094 	 -4.0647 	 53.77 	 978011.77
-49.8547 	 -4.1067 	 68.62 	 978010.87
-49.8925 	 -4.1578 	 76.96 	 978006.26
-49.9186 	 -4.2158 	 85.4 	 978004.67
-49.9436 	 -4.2539 	 76.89 	 978009.95
-49.8961 	 -4.2928 	 59.27 	 978009.14
-49.6878 	 -3.7328 	 25.65 	 978010.39
-49.685 	 -3.6636 	 -2.52 	 978013.59
-49.7119 	 -3.5933 	 -7.71 	 978017.24
-49.7775 	 -3.4906 	 24.61 	 978010.0
-49.7961 	 -3.4275 	 26.42 	 978005.39
-49.805 	 -3.3572 	 40.63 	 978011.96
-49.7789 	 -3.305 	 -9.94 	 978023.83
-49.7536 	 -3.2433 	 -8.55 	 978030.24
-49.7889 	 -3.2092 	 -8.66 	 978031.01
-49.8211 	 -3.1508 	 -8.79 	 978033.32
-49.805 	 -3.0831 	 -13.36 	 978034.92
-49.7969 	 -3.0203 	 -13.32 	 978037.25
-49.0964 	 -5.3428 	 75.14 	 978018.62
-49.0069 	 -5.1917 	 90.82 	 978001.1
-48.9206 	 -5.1664 	 116.37 	 977983.47
-48.8558 	 -5.1419 	 109.95 	 977990.36
-48.7283 	 -5.0939 	 123.7 	 977995.8
-48.6519 	 -5.065 	 135.64 	 978027.88
-48.4628 	 -4.9906 	 184.81 	 978021.84
-48.4008 	 -4.9558 	 170.29 	 978024.67
-49.1519 	 -5.3756 	 94.38 	 978016.3
-49.2614 	 -5.3117 	 79.86 	 978013.02
-49.2878 	 -5.2883 	 72.69 	 978017.38
-49.3353 	 -5.2344 	 72.88 	 978028.09
-49.3714 	 -5.1472 	 71.8 	 978032.25
-49.4444 	 -4.9714 	 58.33 	 978034.39
-49.5208 	 -4.865 	 69.14 	 978032.22
-48.2294 	 -4.8606 	 194.67 	 977993.6
-48.1767 	 -4.8294 	 197.65 	 977987.25
-49.0794 	 -5.3889 	 83.12 	 978017.3
-49.0739 	 -5.4956 	 103.76 	 978012.39
-49.0789 	 -5.5814 	 95.58 	 978013.31
-51.0516 	 -9.7779 	 340.66 	 978119.67
-51.0022 	 -9.7308 	 354.76 	 978116.92
-49.11 	 -5.6497 	 85.31 	 978013.97
-49.1633 	 -5.7417 	 116.06 	 978011.25
-49.1864 	 -5.8067 	 99.52 	 978020.03
-49.2022 	 -5.8756 	 97.08 	 978022.05
-49.2197 	 -5.9475 	 96.38 	 978026.32
-49.2589 	 -6.0097 	 115.17 	 978028.24
-49.3044 	 -6.0661 	 103.4 	 978034.15
-49.0697 	 -5.3639 	 81.71 	 978016.86
-49.0025 	 -5.3794 	 70.79 	 978121.57
-48.9436 	 -5.4122 	 100.28 	 978008.99
-48.8925 	 -5.4533 	 100.76 	 978008.75
-48.8447 	 -5.4772 	 101.72 	 978007.96
-48.9628 	 -1.9839 	 -20.78 	 978024.33
-48.9969 	 -2.2158 	 -18.61 	 978019.61
-49.0533 	 -2.1208 	 -19.08 	 978027.22
-49.1028 	 -2.1575 	 -17.17 	 978036.43
-49.1597 	 -2.1828 	 -15.09 	 978038.2
-49.2125 	 -2.2364 	 -14.12 	 978031.94
-49.2189 	 -2.2906 	 -14.14 	 978025.77
-49.2789 	 -2.3264 	 -12.22 	 978024.93
-49.3619 	 -2.4261 	 -6.26 	 978035.03
-49.3722 	 -2.4864 	 -7.9 	 978036.41
-49.4175 	 -2.5322 	 -8.9 	 978013.43
-49.51 	 -2.5831 	 -11.74 	 978035.95
-48.9281 	 -1.9419 	 -17.68 	 978035.37
-48.8958 	 -1.8847 	 -12.41 	 978055.53
-49.1223 	 -5.362379 	 79.817 	 978018.35
-49.13606 	 -5.371648 	 82.461 	 978019.19
-50.76516 	 -9.530472 	 194.365 	 978106.52
-50.43792 	 -8.622302 	 204.115 	 978066.95
-52.59873 	 -0.884744 	 182.444 	 977963.21
-52.60167 	 -1.013663 	 4.197 	 978025.86
-52.58609 	 -1.139707 	 20.349 	 978026.22
-52.60259 	 -1.272685 	 35.51 	 978005.88
-52.57187 	 -1.402484 	 2.511 	 977998.3
-52.57516 	 -1.531153 	 1.453 	 977997.28
-52.24018 	 -1.753994 	 -18.79 	 978007.28
-52.21499 	 -1.622477 	 -20.397 	 978000.56
-52.33118 	 -1.563071 	 -20.062 	 977998.55
-52.46793 	 -1.591278 	 -19.879 	 978003.59
-51.94838 	 -2.586858 	 -4.399 	 978033.9
-51.99132 	 -2.46009 	 -12.04 	 978034.71
-52.03749 	 -2.322217 	 -13.127 	 978031.83
-52.10975 	 -2.211044 	 -15.87 	 978028.26
-52.17219 	 -2.096895 	 -18.376 	 978029.94
-52.1779 	 -1.970489 	 -17.683 	 978026.71
-52.19413 	 -1.864899 	 -15.986 	 978018.41
-51.84044 	 -2.66545 	 32.626 	 978032.32
-51.77364 	 -2.780934 	 53.362 	 978024.06
-51.71151 	 -2.899512 	 23.102 	 978031.81
-51.68096 	 -3.026729 	 39.082 	 978028.26
-51.77136 	 -3.138994 	 98.439 	 977999.54
-48.74074 	 -2.455118 	 -3.874 	 977976.54
-54.96508 	 -8.737 	 365.336 	 978025.27
-56.04932 	 -4.267674 	 7.956 	 978008.23
-49.92511 	 -4.272153 	 65.849 	 978010.36
-57.90111 	 -6.276413 	 77.618 	 978073.06
-54.95177 	 -4.124723 	 97.655 	 977978.87
-49.06092 	 -5.250446 	 71.622 	 978013.24
