        generated_by     ICGEM (hosted at GFZ-Potsdam)
     generating_date     2019/08/30
----------------------------------------------------------------------
           modelname     EIGEN-6C4
     max_used_degree          2190
----------------------------------------------------------------------
         tide_system     tide_free
    zero_degree_term     included
----------------------------------------------------------------------
          refsysname     WGS84
   max_degree_refpot             8
            gmrefpot      3.98600441800E+14[m**3/s**2]
        radiusrefpot     6378137.000 m
          flatrefpot      3.352810664747480E-03   (1/298.25722356300)
         omegarefpot      7.29211500000E-05 1/s
----------------------------------------------------------------------
    number_of_points           129
      latlimit_north      -6.5282000000000    
      latlimit_south      -8.2911000000000    
      longlimit_west      -38.672800000000    
      longlimit_east      -34.839470000000    
----------------------------------------------------------------------
description of columns -----------------------------------------------
 1 identifier (from input)
 2 longitude  (from input)    [degree]
 3 latitude   (from input)    [degree]
 4 h_over_ell (from input)     [meter]
 -------------------------------------
 5 gravity                      [mGal]  gravity(h)                        
----------------------------------------------------------------------

end_of_head ================================================================
1            -37.12280000   -7.70290000  5.941900E+02  9.779693559205E+05
2            -37.04460000   -7.71320000  5.736000E+02  9.779727989714E+05
3            -37.12070000   -7.54090000  6.623900E+02  9.779496072837E+05
4            -37.12490000   -7.62950000  5.738200E+02  9.779767502915E+05
5            -37.04330000   -7.87390000  5.810000E+02  9.779657915839E+05
6            -36.95890000   -7.87590000  5.467500E+02  9.779739664203E+05
7            -36.70950000   -7.96110000  5.686300E+02  9.779683178117E+05
8            -36.62970000   -7.96450000  6.737500E+02  9.779408041279E+05
9            -36.62580000   -7.87440000  5.247500E+02  9.779794059711E+05
10           -36.54110000   -7.87550000  5.233100E+02  9.779793397033E+05
11           -36.45520000   -7.87510000  5.778300E+02  9.779665189392E+05
12           -36.63250000   -8.04200000  8.652900E+02  9.779015116622E+05
13           -36.70710000   -7.87700000  5.231800E+02  9.779769347750E+05
14           -37.20860000   -7.86970000  6.448300E+02  9.779613686946E+05
15           -37.29100000   -7.95770000  7.127800E+02  9.779538209081E+05
16           -37.04620000   -7.78270000  5.825900E+02  9.779731150096E+05
17           -37.04130000   -7.96290000  5.892000E+02  9.779670000809E+05
18           -36.95620000   -7.95950000  5.721000E+02  9.779676815602E+05
19           -36.95070000   -8.04100000  5.813800E+02  9.779690934667E+05
20           -36.86920000   -7.87740000  5.286400E+02  9.779781706417E+05
21           -36.87310000   -7.79190000  5.667800E+02  9.779714940393E+05
22           -36.95660000   -7.71100000  5.437900E+02  9.779788796543E+05
23           -36.96500000   -7.77590000  5.742100E+02  9.779714160252E+05
24           -37.12500000   -7.78950000  6.774000E+02  9.779502297032E+05
25           -36.04140000   -7.62470000  4.218600E+02  9.780030017421E+05
26           -36.12770000   -7.70640000  4.726700E+02  9.779992951498E+05
27           -36.20770000   -7.71040000  4.598000E+02  9.780032736041E+05
28           -36.20860000   -7.62580000  4.829500E+02  9.779916370542E+05
29           -36.20260000   -7.55160000  7.040500E+02  9.779206609391E+05
30           -36.12560000   -7.54210000  4.308400E+02  9.780057900271E+05
31           -36.03970000   -7.54180000  4.014400E+02  9.780134817513E+05
32           -35.96000000   -7.53950000  3.586800E+02  9.780338295595E+05
33           -35.87500000   -7.45880000  3.296200E+02  9.780408444979E+05
34           -35.79000000   -7.54120000  4.065800E+02  9.780347150502E+05
35           -35.78970000   -7.62210000  3.002200E+02  9.780545805702E+05
36           -35.87540000   -7.62610000  3.407600E+02  9.780397233907E+05
37           -35.96060000   -7.61470000  3.187400E+02  9.780369759308E+05
38           -35.95730000   -7.45910000  3.594300E+02  9.780306908015E+05
39           -35.87470000   -7.54030000  4.018500E+02  9.780309557463E+05
40           -35.71140000   -7.62030000  4.181700E+02  9.780191844808E+05
41           -35.79270000   -7.70880000  3.960900E+02  9.780330284453E+05
42           -35.70570000   -7.54330000  3.311000E+02  9.780601374209E+05
43           -35.62500000   -7.54150000  2.561700E+02  9.780708018464E+05
44           -35.54280000   -7.54220000  4.262100E+02  9.780410776014E+05
45           -35.54340000   -7.62420000  5.502900E+02  9.779984423245E+05
46           -35.62250000   -7.62540000  3.221600E+02  9.780534369556E+05
47           -36.96130000   -8.29110000  7.517200E+02  9.779409914297E+05
48           -36.96040000   -8.21070000  6.386400E+02  9.779628557291E+05
49           -37.02930000   -8.21640000  6.982800E+02  9.779465468049E+05
50           -36.87240000   -8.20990000  7.569900E+02  9.779364907113E+05
51           -36.70820000   -8.11640000  6.811600E+02  9.779704256646E+05
52           -36.79280000   -8.12540000  6.112200E+02  9.779691344923E+05
53           -36.79090000   -8.04220000  5.875200E+02  9.779580990299E+05
54           -36.71080000   -8.04120000  6.186600E+02  9.779608181326E+05
55           -37.12500000   -8.12510000  6.242700E+02  9.779719629182E+05
56           -36.12170000   -7.62440000  4.051600E+02  9.780131534022E+05
57           -36.04150000   -7.70640000  4.092400E+02  9.780150949627E+05
58           -35.95270000   -7.70960000  3.748300E+02  9.780260882139E+05
59           -35.88150000   -7.71030000  5.435500E+02  9.779843058790E+05
60           -36.31570000   -7.73240000  4.714200E+02  9.780001430782E+05
61           -36.73880000   -7.82820000  5.116700E+02  9.779811475605E+05
62           -36.77930000   -7.84730000  4.997500E+02  9.779857123801E+05
63           -36.79320000   -7.88970000  5.426800E+02  9.779724107601E+05
64           -37.12000000   -7.91490000  6.158000E+02  9.779622138570E+05
65           -37.11990000   -7.93730000  6.066700E+02  9.779669676363E+05
66           -37.10880000   -7.96680000  6.316000E+02  9.779615309399E+05
67           -37.09910000   -7.99190000  6.241700E+02  9.779649813351E+05
68           -37.09920000   -8.01730000  6.278400E+02  9.779651565492E+05
69           -37.00510000   -8.04580000  6.495600E+02  9.779495106847E+05
70           -37.07450000   -8.09400000  6.140000E+02  9.779677093065E+05
71           -37.05660000   -8.11590000  6.185600E+02  9.779644866248E+05
72           -37.03980000   -8.13300000  6.089700E+02  9.779663134660E+05
73           -36.95610000   -8.14470000  6.083600E+02  9.779655971163E+05
74           -36.93090000   -8.14020000  6.043700E+02  9.779675486778E+05
75           -36.83960000   -7.98640000  5.377000E+02  9.779787919240E+05
76           -36.78800000   -7.93760000  5.151300E+02  9.779838850099E+05
77           -36.84810000   -8.07890000  5.719400E+02  9.779658986139E+05
78           -36.21530000   -7.46140000  4.238200E+02  9.780064581010E+05
79           -36.24040000   -7.46630000  4.567600E+02  9.779952151639E+05
80           -36.26700000   -7.47520000  3.852700E+02  9.780157015889E+05
81           -36.33290000   -7.55860000  4.284500E+02  9.780011062515E+05
82           -36.33540000   -7.58310000  4.178200E+02  9.780041535472E+05
83           -36.33560000   -7.60220000  3.769000E+02  9.780176054697E+05
84           -36.50440000   -7.73530000  4.570600E+02  9.779910602439E+05
85           -36.52610000   -7.75170000  4.656900E+02  9.779887817638E+05
86           -36.63710000   -7.78780000  4.971000E+02  9.779821685274E+05
87           -36.61650000   -7.77060000  4.869200E+02  9.779854415016E+05
88           -36.71330000   -7.80580000  5.238300E+02  9.779768572515E+05
89           -36.76330000   -7.83220000  5.099300E+02  9.779829323084E+05
90           -36.79560000   -7.86500000  4.963500E+02  9.779864653016E+05
91           -36.85370000   -8.01010000  5.750100E+02  9.779665750666E+05
92           -36.31800000   -7.63570000  4.116900E+02  9.780122445444E+05
93           -36.29080000   -7.50190000  4.517000E+02  9.779945286148E+05
94           -35.91040000   -7.36890000  4.367600E+02  9.780147205666E+05
95           -35.98770000   -7.39540000  4.303100E+02  9.780104349459E+05
96           -36.01610000   -7.40510000  4.016800E+02  9.780194344723E+05
97           -36.03990000   -7.41830000  4.216300E+02  9.780129902253E+05
98           -36.11000000   -7.46590000  3.752000E+02  9.780228894387E+05
99           -36.15990000   -7.44590000  4.061500E+02  9.780131899190E+05
100          -34.95030000   -7.47970000  6.150000E+01  9.781231732840E+05
101          -34.99310000   -7.14250000  6.580000E+01  9.781246728932E+05
102          -34.91250000   -7.43390000  4.734000E+01  9.781238312150E+05
103          -35.02400000   -7.05830000  1.237700E+02  9.781072633911E+05
104          -35.03050000   -7.16740000  7.948000E+01  9.781236183092E+05
105          -35.07290000   -7.19780000  8.829000E+01  9.781231192836E+05
106          -35.11370000   -7.20270000  9.658000E+01  9.781194429742E+05
107          -35.19800000   -7.18500000  5.442000E+01  9.781267796142E+05
108          -35.23150000   -7.09620000  1.190500E+02  9.781042575201E+05
109          -35.22720000   -7.05370000  1.245700E+02  9.781048027521E+05
110          -35.17680000   -6.96420000  1.142800E+02  9.781109978010E+05
111          -35.17240000   -6.91630000  9.700000E+01  9.781099031893E+05
112          -34.91330000   -7.21870000  1.013000E+01  9.781418427744E+05
113          -34.94710000   -7.32480000  1.158500E+02  9.781121998933E+05
114          -34.93230000   -7.37820000  9.263000E+01  9.781152956097E+05
115          -34.92170000   -7.46440000  1.818000E+01  9.781341378046E+05
116          -35.11960000   -6.65550000  3.473000E+01  9.781094979175E+05
117          -35.13390000   -6.86060000  2.356000E+01  9.781274946457E+05
118          -35.11910000   -6.90330000  9.124000E+01  9.781151514596E+05
119          -34.95080000   -7.11610000  1.290000E+01  9.781365827601E+05
120          -35.11480000   -6.52820000  8.403000E+01  9.780910659074E+05
121          -34.98470000   -7.08060000  6.318000E+01  9.781219625879E+05
122          -35.15630000   -7.20290000  9.652000E+01  9.781172691726E+05
123          -35.19780000   -7.00580000  7.153000E+01  9.781244068558E+05
124          -34.93750000   -7.26920000  6.669000E+01  9.781273833073E+05
125          -38.67280000   -6.92780000  3.098400E+02  9.780157191360E+05
126          -36.35042000   -7.76343800  5.135150E+02  9.779864283249E+05
127          -36.68588000   -7.80412100  4.991290E+02  9.779825474214E+05
128          -34.83947000   -7.26735100  6.199300E+01  9.781287313159E+05
129          -34.85111000   -7.14094300  3.873000E+01  9.781316430457E+05
