        generated_by     ICGEM (hosted at GFZ-Potsdam)
     generating_date     2019/08/30
----------------------------------------------------------------------
           modelname     EIGEN-6C4
     max_used_degree          2190
----------------------------------------------------------------------
         tide_system     tide_free
    zero_degree_term     included
----------------------------------------------------------------------
          refsysname     WGS84
   max_degree_refpot             8
            gmrefpot      3.98600441800E+14[m**3/s**2]
        radiusrefpot     6378137.000 m
          flatrefpot      3.352810664747480E-03   (1/298.25722356300)
         omegarefpot      7.29211500000E-05 1/s
----------------------------------------------------------------------
    number_of_points          1263
      latlimit_north      -7.3581000000000    
      latlimit_south      -9.3969000000000    
      longlimit_west      -41.013300000000    
      longlimit_east      -34.641800000000    
----------------------------------------------------------------------
description of columns -----------------------------------------------
 1 identifier (from input)
 2 longitude  (from input)    [degree]
 3 latitude   (from input)    [degree]
 4 h_over_ell (from input)     [meter]
 -------------------------------------
 5 gravity                      [mGal]  gravity(h)                        
----------------------------------------------------------------------

end_of_head ================================================================
1            -40.64670000   -9.34750000  3.921100E+02  9.780304058555E+05
2            -39.92600000   -8.36730000  3.713800E+02  9.780292687185E+05
3            -35.86050000   -8.29800000  5.323700E+02  9.779995338347E+05
4            -40.63370000   -9.19590000  4.256800E+02  9.780204604548E+05
5            -35.23810000   -8.36280000  1.038800E+02  9.781308386013E+05
6            -35.25250000   -8.31140000  9.121000E+01  9.781337482933E+05
7            -35.26300000   -8.25890000  1.693100E+02  9.781142749408E+05
8            -35.26490000   -8.20440000  2.945300E+02  9.780777881051E+05
9            -35.26380000   -8.15230000  3.214600E+02  9.780635973865E+05
10           -35.14520000   -8.89910000 -3.640000E+00  9.781868646799E+05
11           -40.96050000   -8.67660000  4.632700E+02  9.780068569513E+05
12           -40.88180000   -8.77810000  4.156400E+02  9.780169150632E+05
13           -40.82440000   -8.82520000  4.032400E+02  9.780204126780E+05
14           -35.17320000   -8.74350000  2.462000E+01  9.781892169036E+05
15           -35.06370000   -8.40020000  4.160000E+00  9.781533109436E+05
16           -35.09650000   -8.46390000  2.616000E+01  9.781533147301E+05
17           -35.12430000   -8.51330000  1.828000E+01  9.781617912237E+05
18           -35.01490000   -8.34340000  1.142000E+01  9.781470980306E+05
19           -34.98390000   -8.23870000  5.810000E+00  9.781407414320E+05
20           -34.93980000   -8.17330000  3.790000E+00  9.781377698113E+05
21           -34.99460000   -8.15900000  1.348000E+01  9.781451309002E+05
22           -35.14140000   -8.17510000  1.049400E+02  9.781339784765E+05
23           -35.13320000   -8.27750000  4.438000E+01  9.781489751516E+05
24           -35.14330000   -8.34010000  8.443000E+01  9.781375308540E+05
25           -35.08740000   -8.30860000  6.831000E+01  9.781360108008E+05
26           -35.20780000   -8.36010000  9.724000E+01  9.781351170363E+05
27           -40.72030000   -8.96510000  4.044700E+02  9.780174356022E+05
28           -35.99350000   -8.29980000  5.444600E+02  9.779941007391E+05
29           -35.63250000   -8.21480000  4.498900E+02  9.780235336738E+05
30           -36.28320000   -8.33430000  6.162900E+02  9.779712927866E+05
31           -34.92420000   -8.12000000  3.000000E+00  9.781402575512E+05
32           -34.88580000   -8.05970000 -2.600000E+00  9.781508633203E+05
33           -34.91330000   -8.05470000 -1.370000E+00  9.781495437181E+05
34           -34.92060000   -8.05080000 -4.700000E-01  9.781498359779E+05
35           -34.91830000   -8.14310000  2.740000E+00  9.781377272933E+05
36           -34.91810000   -8.13890000  2.900000E+00  9.781380587819E+05
37           -34.92810000   -8.10220000 -6.500000E-01  9.781432441788E+05
38           -34.94310000   -8.09310000  1.201000E+01  9.781412890012E+05
39           -34.93390000   -8.08970000  3.350000E+00  9.781435738827E+05
40           -34.93080000   -8.08670000  3.250000E+00  9.781437478948E+05
41           -34.92250000   -8.12640000  2.770000E+00  9.781396247389E+05
42           -34.92810000   -8.11140000 -5.100000E-01  9.781423773991E+05
43           -34.92000000   -8.13000000  2.670000E+00  9.781391254637E+05
44           -34.91750000   -8.13170000  3.180000E+00  9.781386146530E+05
45           -34.91750000   -8.13220000  3.220000E+00  9.781385540677E+05
46           -34.91750000   -8.13250000  3.140000E+00  9.781385496185E+05
47           -34.91780000   -8.13060000  3.180000E+00  9.781387431480E+05
48           -34.92110000   -8.15440000  6.120000E+00  9.781359392121E+05
49           -34.93060000   -8.16330000  4.070000E+00  9.781370437959E+05
50           -40.29810000   -7.35810000  8.089900E+02  9.779044463068E+05
51           -40.50560000   -9.39690000  3.617000E+02  9.780386031954E+05
52           -36.23580000   -8.48780000  5.307800E+02  9.779918969324E+05
53           -36.23670000   -8.48970000  5.357000E+02  9.779904272875E+05
54           -34.91830000   -8.13420000  2.420000E+00  9.781386702178E+05
55           -34.95750000   -8.19570000  2.150000E+00  9.781396968738E+05
56           -34.94310000   -8.06780000 -2.000000E-01  9.781477575914E+05
57           -36.13670000   -8.32330000  5.472600E+02  9.780007282278E+05
58           -36.26390000   -8.53160000  5.441000E+02  9.779893278260E+05
59           -36.27420000   -8.55580000  5.441100E+02  9.779908297264E+05
60           -36.28530000   -8.57580000  5.655400E+02  9.779845723587E+05
61           -36.29920000   -8.61580000  6.057000E+02  9.779730734139E+05
62           -36.31070000   -8.64050000  6.146000E+02  9.779719131252E+05
63           -36.35820000   -8.66480000  6.586600E+02  9.779636835192E+05
64           -36.38670000   -8.67110000  6.892000E+02  9.779573867350E+05
65           -36.42890000   -8.73700000  7.366600E+02  9.779487845977E+05
66           -36.42890000   -8.76280000  7.074800E+02  9.779563021888E+05
67           -36.44110000   -8.78870000  7.130900E+02  9.779556933612E+05
68           -36.45420000   -8.80680000  6.771500E+02  9.779701797716E+05
69           -36.45980000   -8.83210000  7.058900E+02  9.779670925304E+05
70           -36.46440000   -8.85990000  7.839500E+02  9.779499258726E+05
71           -36.36580000   -8.87140000  6.787100E+02  9.779738481110E+05
72           -36.35920000   -8.86810000  6.818100E+02  9.779715703461E+05
73           -36.33150000   -8.86940000  6.443800E+02  9.779815111977E+05
74           -36.32700000   -8.69410000  7.105100E+02  9.779494446843E+05
75           -36.38220000   -8.74360000  7.377200E+02  9.779459923537E+05
76           -36.33860000   -8.78750000  6.435800E+02  9.779727864798E+05
77           -36.35770000   -8.83000000  6.695900E+02  9.779673490271E+05
78           -34.98960000   -7.51370000  1.250800E+02  9.781027027547E+05
79           -37.68160000   -8.08150000  5.729500E+02  9.779764247974E+05
80           -41.01330000   -8.46220000  5.490400E+02  9.780004437436E+05
81           -37.15230000   -8.40990000  5.985900E+02  9.779699913861E+05
82           -37.32180000   -8.33540000  5.108200E+02  9.779989817199E+05
83           -37.71140000   -8.08790000  5.971300E+02  9.779703155654E+05
84           -37.87710000   -8.04480000  5.730900E+02  9.779608667143E+05
85           -35.79990000   -8.27050000  5.342600E+02  9.779989833769E+05
86           -35.82460000   -8.29250000  5.482700E+02  9.779969671310E+05
87           -35.89390000   -8.29630000  5.487000E+02  9.779919599848E+05
88           -35.93130000   -8.30480000  5.831700E+02  9.779808022835E+05
89           -35.96270000   -8.30620000  5.678500E+02  9.779860673997E+05
90           -36.02470000   -8.30870000  5.671500E+02  9.779920377508E+05
91           -36.05840000   -8.31810000  5.960900E+02  9.779885969768E+05
92           -36.11140000   -8.32240000  5.500500E+02  9.780028455689E+05
93           -36.17590000   -8.32660000  5.745900E+02  9.779872750488E+05
94           -36.22540000   -8.32950000  5.833500E+02  9.779818552261E+05
95           -36.25790000   -8.33210000  6.077500E+02  9.779742910239E+05
96           -36.31880000   -8.33930000  6.393900E+02  9.779624367355E+05
97           -35.71880000   -8.23480000  4.988400E+02  9.780128323744E+05
98           -35.69150000   -8.22520000  4.898100E+02  9.780142809716E+05
99           -35.66250000   -8.21830000  4.908000E+02  9.780118658879E+05
100          -35.53750000   -8.19520000  4.673400E+02  9.780127560264E+05
101          -35.50620000   -8.18930000  4.989400E+02  9.780001590755E+05
102          -35.43190000   -8.15990000  2.615300E+02  9.780629497777E+05
103          -35.35240000   -8.12870000  1.772800E+02  9.780873505819E+05
104          -35.30920000   -8.14350000  1.473500E+02  9.781075754811E+05
105          -36.30500000   -8.87430000  6.527300E+02  9.779779132243E+05
106          -36.21210000   -8.87820000  5.373700E+02  9.780079204675E+05
107          -36.21080000   -8.84860000  6.211500E+02  9.779813746183E+05
108          -36.24480000   -8.79020000  6.413500E+02  9.779750654688E+05
109          -36.25470000   -8.74000000  6.316800E+02  9.779755893356E+05
110          -36.27190000   -8.69220000  5.977900E+02  9.779796304709E+05
111          -36.29610000   -8.68070000  6.395400E+02  9.779672132524E+05
112          -36.42380000   -8.54680000  6.053900E+02  9.779653533978E+05
113          -36.44540000   -8.51970000  6.069300E+02  9.779698602105E+05
114          -36.44460000   -8.44230000  6.550200E+02  9.779607827654E+05
115          -36.43290000   -8.41710000  6.627500E+02  9.779561938099E+05
116          -36.42310000   -8.38720000  5.929900E+02  9.779745651987E+05
117          -36.21420000   -8.61030000  5.902200E+02  9.779770710579E+05
118          -36.15900000   -8.56840000  6.585800E+02  9.779578842090E+05
119          -36.12390000   -8.53620000  4.719600E+02  9.780123390090E+05
120          -36.02500000   -8.47830000  4.319000E+02  9.780140985247E+05
121          -36.60140000   -8.69670000  8.315700E+02  9.779363867874E+05
122          -36.57350000   -8.65880000  7.707100E+02  9.779484955160E+05
123          -36.54250000   -8.62280000  7.011500E+02  9.779599835479E+05
124          -36.51770000   -8.58270000  6.427200E+02  9.779669801115E+05
125          -36.48200000   -8.55090000  6.358800E+02  9.779628506494E+05
126          -36.18330000   -8.86410000  5.520800E+02  9.780027996529E+05
127          -36.13060000   -8.84730000  5.548900E+02  9.780027091676E+05
128          -36.07890000   -8.86470000  5.007900E+02  9.780170433264E+05
129          -36.01440000   -8.78830000  5.934100E+02  9.779898595244E+05
130          -36.02220000   -8.74160000  6.778600E+02  9.779729415737E+05
131          -36.02510000   -8.70190000  6.944000E+02  9.779669874728E+05
132          -36.00530000   -8.66390000  5.266700E+02  9.780094659392E+05
133          -36.00570000   -8.62690000  4.415300E+02  9.780261926085E+05
134          -36.05200000   -8.63710000  6.233500E+02  9.779771753026E+05
135          -36.09350000   -8.65490000  6.828900E+02  9.779625606043E+05
136          -36.11880000   -8.69060000  7.373100E+02  9.779512763343E+05
137          -36.48730000   -8.70580000  8.071500E+02  9.779348085560E+05
138          -36.45230000   -8.71470000  7.506200E+02  9.779478967042E+05
139          -36.15610000   -8.72410000  6.998200E+02  9.779649180836E+05
140          -36.17370000   -8.73650000  6.899000E+02  9.779671799830E+05
141          -36.23130000   -8.73200000  6.265300E+02  9.779775715312E+05
142          -36.29910000   -8.75170000  6.520800E+02  9.779700301233E+05
143          -36.33470000   -8.74310000  6.299500E+02  9.779779021058E+05
144          -36.33420000   -8.71980000  7.371400E+02  9.779440146532E+05
145          -36.21850000   -8.46760000  5.549800E+02  9.779854571381E+05
146          -36.25010000   -8.50720000  5.348300E+02  9.779908356741E+05
147          -35.15860000   -8.22730000  9.717000E+01  9.781372534424E+05
148          -38.22960000   -8.01240000  4.601000E+02  9.779971461067E+05
149          -38.44510000   -8.00230000  4.322500E+02  9.779922463353E+05
150          -38.48360000   -8.00340000  4.609200E+02  9.779849988595E+05
151          -38.57250000   -8.01320000  4.328200E+02  9.779975848330E+05
152          -38.84060000   -8.02030000  5.788200E+02  9.779639707259E+05
153          -38.76330000   -8.02520000  4.983300E+02  9.779846216038E+05
154          -38.67700000   -8.00550000  5.117200E+02  9.779753331297E+05
155          -39.25440000   -8.06780000  4.360800E+02  9.779880817355E+05
156          -39.30210000   -8.07380000  4.100200E+02  9.779946701775E+05
157          -39.39040000   -8.07840000  3.828800E+02  9.780050900318E+05
158          -39.49550000   -8.08630000  4.296000E+02  9.780021620581E+05
159          -39.63020000   -8.10370000  3.796600E+02  9.780243299958E+05
160          -39.68460000   -8.14410000  3.917600E+02  9.780190409226E+05
161          -39.71220000   -8.16470000  3.882900E+02  9.780203479168E+05
162          -39.76920000   -8.20740000  3.831600E+02  9.780262630748E+05
163          -39.80590000   -8.23500000  3.984400E+02  9.780209014196E+05
164          -39.88160000   -8.29180000  3.768000E+02  9.780256568287E+05
165          -39.90680000   -8.32970000  3.888600E+02  9.780236747749E+05
166          -39.94790000   -8.41000000  4.062000E+02  9.780187684146E+05
167          -40.54090000   -9.36980000  3.678400E+02  9.780366934006E+05
168          -40.56540000   -9.32810000  3.808200E+02  9.780324042740E+05
169          -40.59050000   -9.28530000  3.924300E+02  9.780309018320E+05
170          -40.61570000   -9.24220000  4.075600E+02  9.780282828118E+05
171          -40.63630000   -9.14700000  4.305800E+02  9.780149016633E+05
172          -40.65380000   -9.09510000  4.145600E+02  9.780177173251E+05
173          -40.67710000   -9.04980000  4.167900E+02  9.780157167184E+05
174          -40.92690000   -8.70320000  4.450200E+02  9.780099900707E+05
175          -40.90450000   -8.74030000  4.553400E+02  9.780048122603E+05
176          -40.84740000   -8.80590000  4.263900E+02  9.780139589775E+05
177          -40.78790000   -8.85330000  4.171500E+02  9.780147252490E+05
178          -40.75790000   -8.88330000  4.098600E+02  9.780169909912E+05
179          -40.73970000   -8.92420000  4.310300E+02  9.780102976072E+05
180          -40.97620000   -8.64350000  4.813100E+02  9.780051448842E+05
181          -40.99430000   -8.56110000  5.273000E+02  9.779990664132E+05
182          -34.93760000   -7.74660000  2.530000E+01  9.781553674512E+05
183          -34.92210000   -7.69980000  4.986000E+01  9.781389584336E+05
184          -34.97620000   -7.60870000  8.222000E+01  9.781195201571E+05
185          -34.90340000   -7.89120000  1.452000E+01  9.781678167676E+05
186          -35.22090000   -8.11600000  1.620500E+02  9.781101207083E+05
187          -35.13670000   -8.11160000  1.032300E+02  9.781293279411E+05
188          -35.06230000   -8.10860000  7.204000E+01  9.781357043346E+05
189          -34.97910000   -8.10700000  2.429000E+01  9.781411401773E+05
190          -36.36410000   -8.33890000  5.843700E+02  9.779759393933E+05
191          -36.40870000   -8.34890000  6.082000E+02  9.779686831161E+05
192          -36.46680000   -8.35130000  6.324900E+02  9.779664523833E+05
193          -36.51130000   -8.35550000  6.799700E+02  9.779546487872E+05
194          -36.61050000   -8.37050000  6.748500E+02  9.779520029836E+05
195          -36.73080000   -8.38040000  6.253200E+02  9.779688380616E+05
196          -35.77170000   -8.25440000  4.952300E+02  9.780115979336E+05
197          -35.60240000   -8.20520000  4.639800E+02  9.780162827703E+05
198          -35.26850000   -8.12230000  1.452300E+02  9.781102491784E+05
199          -37.02020000   -8.42100000  7.091700E+02  9.779544240125E+05
200          -37.48700000   -8.13510000  4.898200E+02  9.780046858814E+05
201          -38.07770000   -8.03990000  4.961000E+02  9.779892704305E+05
202          -38.25560000   -7.98840000  4.166500E+02  9.780034323687E+05
203          -39.84570000   -8.26490000  3.602000E+02  9.780302204140E+05
204          -40.70140000   -9.00240000  4.407800E+02  9.780063756560E+05
205          -34.94520000   -7.65320000  8.110000E+01  9.781247874280E+05
206          -36.77200000   -8.39710000  6.071100E+02  9.779717726379E+05
207          -36.88880000   -8.40230000  6.275000E+02  9.779758813426E+05
208          -36.97650000   -8.41530000  7.358100E+02  9.779522447920E+05
209          -40.62660000   -7.46400000  7.548200E+02  9.779288095944E+05
210          -36.94720000   -8.50000000  5.727600E+02  9.779822183806E+05
211          -36.91470000   -8.53430000  5.337000E+02  9.779855094554E+05
212          -36.87190000   -8.58160000  5.173900E+02  9.779928588987E+05
213          -36.73160000   -8.40680000  6.697700E+02  9.779516586924E+05
214          -36.79420000   -8.48390000  6.562400E+02  9.779499208630E+05
215          -36.81810000   -8.52750000  5.783500E+02  9.779757276860E+05
216          -36.83920000   -8.54420000  5.472400E+02  9.779839174863E+05
217          -36.86700000   -8.52540000  5.041900E+02  9.779938832298E+05
218          -36.90420000   -8.61140000  4.810000E+02  9.780059865125E+05
219          -36.87430000   -8.65220000  5.016100E+02  9.780017801567E+05
220          -36.91110000   -8.68230000  4.787800E+02  9.780135163054E+05
221          -36.94830000   -8.70690000  4.672800E+02  9.780189010115E+05
222          -36.90240000   -8.72020000  4.918200E+02  9.780089586891E+05
223          -36.85860000   -8.73770000  4.836000E+02  9.780083593803E+05
224          -36.87970000   -8.78010000  4.887300E+02  9.780093303807E+05
225          -36.91460000   -8.81280000  4.384700E+02  9.780282020257E+05
226          -36.93980000   -8.86210000  4.281300E+02  9.780362657714E+05
227          -36.83640000   -8.70350000  5.160200E+02  9.779972189472E+05
228          -36.84720000   -8.62170000  5.671100E+02  9.779807779493E+05
229          -36.82800000   -8.65010000  5.500200E+02  9.779867050577E+05
230          -36.80830000   -8.67440000  5.217900E+02  9.779983407757E+05
231          -36.80360000   -8.68000000  5.434100E+02  9.779931076533E+05
232          -36.78920000   -8.69210000  5.646400E+02  9.779920635213E+05
233          -36.78520000   -8.71120000  7.067700E+02  9.779525469171E+05
234          -36.77000000   -8.72070000  8.361100E+02  9.779205543238E+05
235          -36.74670000   -8.73140000  9.159700E+02  9.779074463125E+05
236          -36.72550000   -8.73640000  8.999800E+02  9.779205417131E+05
237          -36.66170000   -8.75560000  9.000000E+02  9.779258716180E+05
238          -36.62490000   -8.77530000  8.410100E+02  9.779366089912E+05
239          -36.60750000   -8.78790000  8.162400E+02  9.779407221651E+05
240          -36.56500000   -8.81770000  7.838400E+02  9.779490840199E+05
241          -36.51790000   -8.84890000  8.095300E+02  9.779460299773E+05
242          -36.50730000   -8.87590000  9.297700E+02  9.779126583255E+05
243          -36.58480000   -8.88450000  8.236600E+02  9.779487002753E+05
244          -36.55630000   -8.87740000  9.177500E+02  9.779185125218E+05
245          -36.53600000   -8.87160000  9.400100E+02  9.779105122307E+05
246          -36.17100000   -8.35190000  6.103600E+02  9.779773396912E+05
247          -36.17240000   -8.37540000  6.151200E+02  9.779761352349E+05
248          -36.18430000   -8.40190000  5.744300E+02  9.779862927719E+05
249          -36.19380000   -8.41930000  5.652900E+02  9.779868579087E+05
250          -36.20750000   -8.44380000  5.563100E+02  9.779866192716E+05
251          -35.07340000   -8.01740000  1.324800E+02  9.781173490257E+05
252          -35.09160000   -8.01480000  1.482200E+02  9.781106743861E+05
253          -35.09000000   -8.03380000  1.094300E+02  9.781230926263E+05
254          -35.10670000   -8.03390000  1.108400E+02  9.781212270751E+05
255          -35.10670000   -8.01720000  9.230000E+01  9.781262634199E+05
256          -35.05720000   -8.00120000  4.083000E+01  9.781477693474E+05
257          -35.05540000   -8.01720000  1.099500E+02  9.781256408758E+05
258          -35.05750000   -8.03320000  1.354700E+02  9.781168877698E+05
259          -35.07350000   -8.03470000  1.359700E+02  9.781159951422E+05
260          -35.10690000   -8.05070000  1.278700E+02  9.781167994146E+05
261          -35.12390000   -8.06730000  1.515200E+02  9.781097652661E+05
262          -34.92390000   -7.94930000  6.978000E+01  9.781483459153E+05
263          -34.93850000   -7.96520000  2.571000E+01  9.781601365136E+05
264          -34.94000000   -7.95070000  8.485000E+01  9.781442871084E+05
265          -34.97270000   -7.96750000  9.547000E+01  9.781388777892E+05
266          -34.93910000   -7.98590000  2.378000E+01  9.781565287735E+05
267          -34.96210000   -7.98320000  8.921000E+01  9.781376687910E+05
268          -34.95920000   -7.96480000  9.175000E+01  9.781403606343E+05
269          -34.95840000   -7.99980000  3.929000E+01  9.781494357059E+05
270          -34.92380000   -8.03480000  7.700000E-01  9.781524744570E+05
271          -34.90820000   -8.03470000 -9.300000E-01  9.781532202696E+05
272          -34.87310000   -8.03420000 -1.420000E+00  9.781558682866E+05
273          -34.87420000   -8.05090000 -3.090000E+00  9.781537256497E+05
274          -34.89030000   -8.05020000 -1.360000E+00  9.781516312256E+05
275          -34.90600000   -8.05080000 -2.810000E+00  9.781509238258E+05
276          -34.90720000   -8.08420000 -3.010000E+00  9.781457133300E+05
277          -34.90810000   -8.06680000 -2.870000E+00  9.781481945699E+05
278          -34.92360000   -8.06770000  6.000000E-02  9.781469442068E+05
279          -37.83540000   -8.04850000  5.535100E+02  9.779710048349E+05
280          -40.01860000   -8.55950000  3.887800E+02  9.780226550088E+05
281          -40.26540000   -7.76120000  5.079000E+02  9.779744690229E+05
282          -40.63200000   -7.57860000  7.857900E+02  9.779270640250E+05
283          -40.60170000   -7.57480000  7.790400E+02  9.779251103305E+05
284          -36.84830000   -8.48120000  5.178800E+02  9.779898425202E+05
285          -36.05940000   -8.49000000  4.490200E+02  9.780113463065E+05
286          -35.01950000   -8.10990000  7.057000E+01  9.781322760633E+05
287          -36.81760000   -8.40580000  5.929600E+02  9.779745524785E+05
288          -37.19900000   -8.40640000  6.070800E+02  9.779663127999E+05
289          -37.52840000   -8.12680000  4.933400E+02  9.780017115318E+05
290          -37.53400000   -8.11440000  5.012900E+02  9.779987169971E+05
291          -37.57200000   -8.09410000  5.083100E+02  9.779939924254E+05
292          -34.95400000   -8.06670000  1.410000E+00  9.781482309768E+05
293          -34.98990000   -8.06700000  2.167000E+01  9.781458023701E+05
294          -35.00700000   -8.08390000  4.413000E+01  9.781397091882E+05
295          -35.02340000   -8.08340000  6.730000E+01  9.781343537497E+05
296          -35.05820000   -8.10030000  7.590000E+01  9.781341856736E+05
297          -35.04070000   -8.08390000  7.844000E+01  9.781323619577E+05
298          -35.03980000   -8.06990000  1.153200E+02  9.781213068870E+05
299          -34.99030000   -8.08350000  2.542000E+01  9.781434250278E+05
300          -34.97420000   -8.08240000  4.516000E+01  9.781353675044E+05
301          -34.97280000   -8.03450000  2.883000E+01  9.781463825362E+05
302          -34.99050000   -8.03350000  3.427000E+01  9.781462610847E+05
303          -34.92330000   -8.08470000 -3.350000E+00  9.781457259341E+05
304          -34.93990000   -8.08430000  1.710000E+00  9.781450235369E+05
305          -34.88910000   -8.08500000 -8.600000E-01  9.781459744143E+05
306          -34.90760000   -8.10050000 -4.050000E+00  9.781438945211E+05
307          -34.92360000   -8.10120000 -3.830000E+00  9.781440752324E+05
308          -34.93960000   -8.10030000 -1.560000E+00  9.781445531513E+05
309          -34.94020000   -8.11730000  5.870000E+00  9.781411016632E+05
310          -34.95670000   -8.08350000  1.342000E+01  9.781430060287E+05
311          -34.95490000   -8.10320000  7.578000E+01  9.781222056863E+05
312          -34.97340000   -8.10060000  5.823000E+01  9.781301500245E+05
313          -34.90670000   -8.13400000 -3.140000E+00  9.781396650314E+05
314          -34.92210000   -8.13760000  4.470000E+00  9.781380655233E+05
315          -34.93960000   -8.13380000  5.287000E+01  9.781255095058E+05
316          -34.95630000   -8.11660000  7.876000E+01  9.781207467573E+05
317          -34.97260000   -8.11740000  1.685000E+01  9.781421106837E+05
318          -34.95680000   -8.13430000  1.572000E+01  9.781393677972E+05
319          -34.97420000   -8.13310000  3.331000E+01  9.781367543206E+05
320          -34.97380000   -8.15080000  1.090000E+00  9.781458888944E+05
321          -34.95690000   -8.15060000 -8.100000E-01  9.781436127729E+05
322          -34.92470000   -8.15080000  1.545000E+01  9.781338194672E+05
323          -34.94090000   -8.15120000  1.828000E+01  9.781351362423E+05
324          -34.95690000   -8.16710000 -3.000000E+00  9.781432369783E+05
325          -34.94000000   -8.16620000  2.010000E+00  9.781388887858E+05
326          -34.95600000   -8.18420000 -3.380000E+00  9.781419560772E+05
327          -34.95620000   -8.20100000 -3.380000E+00  9.781408180654E+05
328          -34.95710000   -8.21700000 -4.120000E+00  9.781403694123E+05
329          -34.95610000   -8.23380000 -4.130000E+00  9.781399626538E+05
330          -34.94170000   -8.23390000 -4.080000E+00  9.781381064298E+05
331          -34.93950000   -8.18510000 -4.730000E+00  9.781394574900E+05
332          -34.93770000   -8.19940000 -4.330000E+00  9.781381330386E+05
333          -34.93970000   -8.21680000 -4.580000E+00  9.781378726837E+05
334          -34.92400000   -8.21780000 -2.360000E+00  9.781351510155E+05
335          -35.15780000   -7.96820000  9.685000E+01  9.781156729566E+05
336          -35.13940000   -7.96760000  8.183000E+01  9.781231156808E+05
337          -35.10740000   -7.98180000  5.566000E+01  9.781366566069E+05
338          -35.09130000   -7.96860000  5.228000E+01  9.781405634626E+05
339          -35.13980000   -8.03410000  1.352500E+02  9.781103962014E+05
340          -35.15650000   -8.03410000  7.940000E+01  9.781258352875E+05
341          -35.15580000   -8.01740000  7.439000E+01  9.781257478848E+05
342          -35.14010000   -8.01720000  9.176000E+01  9.781223173561E+05
343          -35.12320000   -8.01690000  6.496000E+01  9.781326724464E+05
344          -35.15840000   -7.98340000  1.126700E+02  9.781112453641E+05
345          -35.15950000   -7.99910000  1.212000E+02  9.781093794242E+05
346          -35.14000000   -8.00010000  6.110000E+01  9.781306029867E+05
347          -35.14030000   -7.98310000  1.082000E+02  9.781152302681E+05
348          -35.12190000   -7.96820000  6.457000E+01  9.781313790158E+05
349          -35.10850000   -7.97060000  4.163000E+01  9.781407921042E+05
350          -35.12340000   -7.98370000  9.376000E+01  9.781223304761E+05
351          -35.12390000   -8.00070000  6.081000E+01  9.781330101710E+05
352          -35.08980000   -7.98380000  5.362000E+01  9.781401366688E+05
353          -35.10660000   -8.00040000  4.344000E+01  9.781408511826E+05
354          -35.09000000   -8.00050000  4.813000E+01  9.781417212752E+05
355          -35.07520000   -8.00020000  6.382000E+01  9.781387656623E+05
356          -35.04040000   -7.86760000  8.794000E+01  9.781436324547E+05
357          -35.04020000   -7.85070000  7.007000E+01  9.781497154232E+05
358          -35.07310000   -7.85030000  9.108000E+01  9.781399616305E+05
359          -35.05790000   -7.85090000  5.672000E+01  9.781522475080E+05
360          -35.05600000   -7.86750000  7.376000E+01  9.781463719523E+05
361          -34.94010000   -8.03410000  6.800000E-01  9.781530331702E+05
362          -35.05700000   -7.88470000  6.719000E+01  9.781472241164E+05
363          -35.00680000   -7.93440000  1.101200E+02  9.781369213030E+05
364          -35.10760000   -7.90120000  1.130400E+02  9.781230695040E+05
365          -35.12360000   -7.90110000  8.478000E+01  9.781287100007E+05
366          -35.12170000   -7.91710000  1.177100E+02  9.781172969939E+05
367          -35.14010000   -7.91770000  1.299400E+02  9.781099389235E+05
368          -35.14250000   -7.93340000  1.466500E+02  9.781032897268E+05
369          -35.15510000   -7.93220000  9.561000E+01  9.781168756982E+05
370          -35.10920000   -7.95220000  1.259000E+02  9.781150257547E+05
371          -35.00620000   -7.91810000  1.111300E+02  9.781377966618E+05
372          -34.98980000   -7.91770000  1.026200E+02  9.781417347103E+05
373          -34.97430000   -7.91700000  9.992000E+01  9.781433448830E+05
374          -34.95760000   -7.91910000  9.396000E+01  9.781453060924E+05
375          -34.94050000   -7.91770000  8.245000E+01  9.781486113889E+05
376          -34.92380000   -7.91760000  7.781000E+01  9.781491460288E+05
377          -35.13880000   -8.06760000  1.164900E+02  9.781198716408E+05
378          -35.15710000   -8.08380000  1.993800E+02  9.780956200401E+05
379          -35.20550000   -8.11780000  2.353900E+02  9.780889975141E+05
380          -35.19010000   -8.11710000  2.323500E+02  9.780904744029E+05
381          -35.19000000   -8.10050000  1.552000E+02  9.781109413003E+05
382          -35.17280000   -8.08420000  1.725100E+02  9.781032596636E+05
383          -35.18820000   -8.08440000  1.581300E+02  9.781067415333E+05
384          -35.17320000   -8.10020000  1.421500E+02  9.781156179701E+05
385          -35.10790000   -8.10060000  1.058500E+02  9.781268118113E+05
386          -35.12310000   -8.10160000  1.672200E+02  9.781081771901E+05
387          -35.13920000   -8.10090000  1.402900E+02  9.781166156912E+05
388          -35.15560000   -8.10120000  1.588700E+02  9.781109081876E+05
389          -35.20790000   -8.10090000  1.243300E+02  9.781193225004E+05
390          -35.20360000   -8.08370000  1.614000E+02  9.781042279000E+05
391          -35.19250000   -8.06580000  1.478800E+02  9.781057843433E+05
392          -35.08950000   -8.08430000  8.430000E+01  9.781323442463E+05
393          -35.10630000   -8.08440000  7.731000E+01  9.781345270623E+05
394          -35.17350000   -8.11710000  2.073000E+02  9.780984774595E+05
395          -35.15670000   -8.06730000  1.230600E+02  9.781167155619E+05
396          -35.17180000   -8.06620000  1.977700E+02  9.780923481142E+05
397          -35.17160000   -8.05410000  1.130600E+02  9.781165720381E+05
398          -35.15660000   -8.05030000  1.731300E+02  9.780988860801E+05
399          -35.14080000   -8.05030000  1.500900E+02  9.781073725151E+05
400          -35.12350000   -8.03400000  1.295900E+02  9.781138137046E+05
401          -35.12360000   -8.05080000  1.625800E+02  9.781049199421E+05
402          -35.13990000   -8.08380000  1.428200E+02  9.781136760334E+05
403          -35.12440000   -8.08470000  1.131600E+02  9.781232730593E+05
404          -35.12320000   -8.11580000  9.074000E+01  9.781331595205E+05
405          -35.10720000   -8.11730000  8.045000E+01  9.781357533858E+05
406          -35.09230000   -8.09820000  9.825000E+01  9.781286638572E+05
407          -35.07200000   -8.10030000  8.020000E+01  9.781335930561E+05
408          -35.04290000   -8.09950000  5.908000E+01  9.781382997188E+05
409          -35.08920000   -8.05010000  8.924000E+01  9.781297269169E+05
410          -35.07300000   -8.05110000  1.233600E+02  9.781197916947E+05
411          -35.05610000   -8.05330000  1.054400E+02  9.781254672871E+05
412          -35.05860000   -8.06760000  8.431000E+01  9.781317191283E+05
413          -35.07250000   -8.06760000  9.888000E+01  9.781273857476E+05
414          -35.05560000   -8.08120000  6.931000E+01  9.781360978779E+05
415          -35.07260000   -8.08360000  8.328000E+01  9.781323745029E+05
416          -35.09030000   -8.06730000  9.450000E+01  9.781285623864E+05
417          -35.10450000   -8.06590000  1.037500E+02  9.781252341446E+05
418          -35.04210000   -8.01630000  6.136000E+01  9.781413673666E+05
419          -35.00760000   -8.04940000  4.792000E+01  9.781412837516E+05
420          -35.07330000   -7.98410000  4.290000E+01  9.781459404386E+05
421          -35.05650000   -7.98460000  3.786000E+01  9.781497063855E+05
422          -35.02360000   -8.00140000  2.423000E+01  9.781549649904E+05
423          -35.09060000   -7.95140000  5.093000E+01  9.781416946479E+05
424          -35.09030000   -7.93370000  8.924000E+01  9.781309037099E+05
425          -35.10580000   -7.93360000  8.175000E+01  9.781302219298E+05
426          -35.12510000   -7.93380000  1.362500E+02  9.781096762794E+05
427          -35.10710000   -7.91740000  8.858000E+01  9.781291186512E+05
428          -35.15970000   -7.94970000  1.218100E+02  9.781075890331E+05
429          -35.14020000   -7.94920000  1.440600E+02  9.781039103005E+05
430          -35.12050000   -7.95070000  8.784000E+01  9.781247082828E+05
431          -34.89170000   -7.77160000  6.300000E-01  9.781601236537E+05
432          -34.89240000   -7.78070000  1.440000E+00  9.781611616620E+05
433          -34.92390000   -7.78430000  6.378000E+01  9.781457283140E+05
434          -34.90810000   -7.75020000  8.520000E+00  9.781566905403E+05
435          -34.89110000   -7.73400000 -2.520000E+00  9.781558594396E+05
436          -34.92530000   -7.74920000  2.978000E+01  9.781524112329E+05
437          -34.92330000   -7.65390000  8.580000E+00  9.781447834759E+05
438          -34.94060000   -7.70090000  7.510000E+00  9.781551773313E+05
439          -34.95530000   -7.70060000  5.726000E+01  9.781421769720E+05
440          -34.93940000   -7.71800000  7.513000E+01  9.781366045164E+05
441          -35.00670000   -8.03410000  2.566000E+01  9.781499462981E+05
442          -35.00670000   -8.01730000  4.391000E+01  9.781466835452E+05
443          -34.99070000   -8.00220000  7.404000E+01  9.781394052474E+05
444          -35.00720000   -7.99970000  1.182000E+02  9.781263367354E+05
445          -35.02320000   -8.01730000  3.200000E+01  9.781506604428E+05
446          -35.02230000   -8.03460000  6.313000E+01  9.781390692460E+05
447          -35.03970000   -8.00110000  3.249000E+01  9.781517098458E+05
448          -35.03950000   -8.03350000  1.248600E+02  9.781204156236E+05
449          -34.99260000   -8.05360000  9.430000E+00  9.781513014015E+05
450          -35.00800000   -8.06760000  4.353000E+01  9.781410060454E+05
451          -35.02330000   -8.05280000  5.982000E+01  9.781384417513E+05
452          -35.03820000   -8.05130000  1.043900E+02  9.781255138540E+05
453          -35.02310000   -8.06740000  1.118100E+02  9.781213405123E+05
454          -35.04130000   -7.83410000  7.396000E+01  9.781486762473E+05
455          -35.10650000   -7.88390000  1.174700E+02  9.781238344681E+05
456          -35.08940000   -7.86880000  8.240000E+01  9.781391343145E+05
457          -35.09280000   -7.88800000  1.356200E+02  9.781201902341E+05
458          -35.07150000   -7.90020000  1.327000E+02  9.781235392860E+05
459          -35.08730000   -7.90120000  1.302100E+02  9.781215144211E+05
460          -35.05720000   -7.90120000  1.308200E+02  9.781262959950E+05
461          -35.07410000   -7.91480000  8.337000E+01  9.781371639918E+05
462          -35.05960000   -7.91580000  1.289400E+02  9.781254390303E+05
463          -35.03980000   -7.91910000  1.197900E+02  9.781310806784E+05
464          -35.02410000   -7.93340000  1.155700E+02  9.781334917846E+05
465          -35.02240000   -7.90080000  1.170400E+02  9.781351601470E+05
466          -35.03940000   -7.93710000  1.211900E+02  9.781294774922E+05
467          -35.02130000   -7.91630000  1.180600E+02  9.781341764397E+05
468          -35.02390000   -7.95050000  1.217800E+02  9.781301952617E+05
469          -35.00770000   -7.96740000  1.064900E+02  9.781345139206E+05
470          -35.00620000   -7.78480000  5.385000E+01  9.781554442685E+05
471          -35.02460000   -7.85040000  1.183300E+02  9.781358606729E+05
472          -35.00680000   -7.86740000  1.097600E+02  9.781395460138E+05
473          -35.02220000   -7.86760000  1.174900E+02  9.781360696743E+05
474          -35.02360000   -7.88400000  8.792000E+01  9.781447254929E+05
475          -35.04120000   -7.88430000  1.268800E+02  9.781307157695E+05
476          -35.00730000   -7.95090000  1.100700E+02  9.781353500640E+05
477          -34.99050000   -7.96870000  9.863000E+01  9.781374976253E+05
478          -34.98990000   -7.98450000  1.027700E+02  9.781336397161E+05
479          -34.97430000   -7.98270000  9.574000E+01  9.781360276867E+05
480          -34.97390000   -8.00150000  9.171000E+01  9.781335084205E+05
481          -34.99070000   -8.01800000  3.870000E+01  9.781475082409E+05
482          -34.97240000   -8.01790000  1.609000E+01  9.781534655176E+05
483          -34.95590000   -8.01760000  3.220000E+01  9.781475839003E+05
484          -35.00700000   -7.85120000  1.098800E+02  9.781394404277E+05
485          -34.99080000   -7.81770000  1.010000E+02  9.781416906936E+05
486          -34.99060000   -7.83430000  1.037600E+02  9.781413929594E+05
487          -34.97440000   -7.83440000  7.069000E+01  9.781515511096E+05
488          -35.00750000   -7.83370000  1.060300E+02  9.781403948703E+05
489          -35.02530000   -7.83120000  4.751000E+01  9.781578625749E+05
490          -35.02190000   -7.81760000  2.684000E+01  9.781643065138E+05
491          -35.00800000   -7.80110000  1.084500E+02  9.781389293590E+05
492          -35.00710000   -7.76730000  1.376300E+02  9.781287928988E+05
493          -34.99060000   -7.76760000  1.178700E+02  9.781344476482E+05
494          -35.00730000   -7.81780000  2.515000E+01  9.781652304784E+05
495          -34.87230000   -7.75490000 -2.260000E+00  9.781571399819E+05
496          -34.89040000   -7.75130000 -3.110000E+00  9.781583725804E+05
497          -35.00940000   -7.75320000  3.878000E+01  9.781589622607E+05
498          -34.97460000   -7.76780000  8.190000E+01  9.781444907553E+05
499          -34.98740000   -7.75230000  3.387000E+01  9.781595177514E+05
500          -34.93970000   -7.75270000  1.031000E+01  9.781610130279E+05
501          -34.93970000   -7.73430000  7.159000E+01  9.781398976218E+05
502          -34.95840000   -7.71570000  6.572000E+01  9.781423362688E+05
503          -34.97340000   -7.71800000  6.988000E+01  9.781436154569E+05
504          -34.95680000   -7.73450000  4.440000E+01  9.781510592034E+05
505          -34.95740000   -7.75130000  8.039000E+01  9.781417021057E+05
506          -34.97370000   -7.75060000  1.045400E+02  9.781361615676E+05
507          -34.99150000   -7.73550000  9.496000E+01  9.781396199824E+05
508          -34.97270000   -7.73590000  7.615000E+01  9.781435767056E+05
509          -34.95770000   -7.76690000  7.706000E+01  9.781441302253E+05
510          -34.90600000   -7.93420000  5.548000E+01  9.781532889659E+05
511          -34.92290000   -7.93620000  1.919000E+01  9.781656999383E+05
512          -34.94020000   -7.93420000  4.073000E+01  9.781601771428E+05
513          -34.95860000   -7.93370000  8.780000E+01  9.781460049406E+05
514          -34.96980000   -7.93440000  9.618000E+01  9.781432572320E+05
515          -34.99020000   -7.93430000  8.202000E+01  9.781469002430E+05
516          -35.03810000   -7.89720000  1.045000E+02  9.781373707754E+05
517          -34.99040000   -7.86770000  1.037500E+02  9.781422214648E+05
518          -34.97760000   -7.86760000  9.391000E+01  9.781456345658E+05
519          -34.95700000   -7.86760000  1.778000E+01  9.781693219883E+05
520          -34.94090000   -7.87030000  1.073000E+01  9.781711302909E+05
521          -34.94010000   -7.88430000  1.622000E+01  9.781698580944E+05
522          -34.95490000   -7.88630000  2.574000E+01  9.781673357384E+05
523          -34.97450000   -7.88280000  9.978000E+01  9.781441387605E+05
524          -34.99050000   -7.88400000  1.051800E+02  9.781418617851E+05
525          -35.00530000   -7.88470000  1.091500E+02  9.781396873136E+05
526          -35.00440000   -7.89920000  1.022400E+02  9.781415641829E+05
527          -34.99030000   -7.94680000  1.004700E+02  9.781398769395E+05
528          -34.97320000   -7.94820000  9.993000E+01  9.781404299142E+05
529          -34.95660000   -7.95180000  9.396000E+01  9.781417681539E+05
530          -34.92340000   -7.90370000  6.779000E+01  9.781528357261E+05
531          -34.94010000   -7.90130000  8.515000E+01  9.781484167534E+05
532          -34.95850000   -7.89800000  9.442000E+01  9.781459718153E+05
533          -34.97350000   -7.90100000  1.008900E+02  9.781437028887E+05
534          -34.99030000   -7.90310000  1.038000E+02  9.781419796516E+05
535          -35.08880000   -7.91810000  5.383000E+01  9.781433303499E+05
536          -35.05660000   -7.93400000  1.184400E+02  9.781279062816E+05
537          -35.04010000   -7.95110000  1.273500E+02  9.781264387975E+05
538          -35.05680000   -7.96740000  4.700000E+01  9.781478617397E+05
539          -35.07350000   -7.96750000  5.015000E+01  9.781442902154E+05
540          -35.02390000   -7.96760000  1.232700E+02  9.781280838537E+05
541          -35.00830000   -7.98340000  7.143000E+01  9.781432099829E+05
542          -35.02320000   -7.98500000  1.047100E+02  9.781319811928E+05
543          -35.04040000   -7.98420000  3.612000E+01  9.781520067336E+05
544          -35.07310000   -7.93450000  6.334000E+01  9.781420774006E+05
545          -35.07340000   -7.95120000  5.846000E+01  9.781425196565E+05
546          -35.05710000   -7.95100000  5.874000E+01  9.781452000362E+05
547          -35.04060000   -7.96690000  5.722000E+01  9.781468864094E+05
548          -34.87800000   -7.65130000  1.525000E+01  9.781372633227E+05
549          -34.88970000   -7.65040000  5.410000E+01  9.781265783194E+05
550          -34.90550000   -7.66820000  9.210000E+00  9.781445966962E+05
551          -34.87950000   -7.61440000 -1.610000E+00  9.781379479815E+05
552          -34.97400000   -7.78390000  9.060000E+00  9.781680247469E+05
553          -34.99220000   -7.79980000  1.798000E+01  9.781668826040E+05
554          -34.98950000   -7.78240000  1.016600E+02  9.781401024709E+05
555          -35.02270000   -7.78450000  1.280600E+02  9.781321129993E+05
556          -35.02270000   -7.80090000  8.854000E+01  9.781448021572E+05
557          -34.97630000   -7.79900000  4.419000E+01  9.781580658198E+05
558          -34.83980000   -7.85120000 -2.860000E+00  9.781673241954E+05
559          -34.83850000   -7.86700000 -1.600000E+00  9.781670879132E+05
560          -34.85500000   -7.88200000  6.770000E+00  9.781654145223E+05
561          -34.83810000   -7.88440000 -3.570000E+00  9.781673334394E+05
562          -34.84000000   -7.90110000 -7.000000E-02  9.781656958570E+05
563          -34.84230000   -7.91870000 -1.380000E+00  9.781653955522E+05
564          -34.82390000   -7.91780000 -9.200000E-01  9.781636686922E+05
565          -34.82350000   -7.93450000 -2.900000E+00  9.781633037924E+05
566          -34.89040000   -7.88410000  7.250000E+00  9.781686989294E+05
567          -34.87210000   -7.88530000  5.210000E+00  9.781674625105E+05
568          -34.85600000   -7.86740000  1.362000E+01  9.781633163766E+05
569          -34.87490000   -7.86840000  8.910000E+00  9.781662859993E+05
570          -34.88950000   -7.86530000  3.124000E+01  9.781605468556E+05
571          -34.93920000   -7.83580000  8.868000E+01  9.781444905141E+05
572          -34.92430000   -7.88240000  7.603000E+01  9.781503119386E+05
573          -34.90710000   -7.88450000  2.037000E+01  9.781662716818E+05
574          -34.90720000   -7.90110000  5.778000E+01  9.781546554209E+05
575          -34.87290000   -7.95110000  2.758000E+01  9.781572295150E+05
576          -34.85670000   -7.93440000 -5.600000E-01  9.781656934773E+05
577          -34.85780000   -7.91800000  3.630000E+00  9.781654672212E+05
578          -34.87420000   -7.93260000 -6.200000E-01  9.781676597860E+05
579          -34.88990000   -7.93440000  7.460000E+00  9.781666425756E+05
580          -34.85690000   -7.95040000 -1.100000E-01  9.781645100387E+05
581          -34.89030000   -7.70130000  2.960000E+00  9.781494556245E+05
582          -34.90640000   -7.70110000  2.812000E+01  9.781436279678E+05
583          -34.92470000   -7.71640000  5.369000E+01  9.781406181472E+05
584          -34.90770000   -7.71630000  1.418000E+01  9.781502857760E+05
585          -34.90690000   -7.73440000  1.594000E+01  9.781521373189E+05
586          -34.89040000   -7.72020000 -2.620000E+00  9.781538745100E+05
587          -34.87320000   -7.71740000 -2.140000E+00  9.781517125340E+05
588          -34.87880000   -7.73000000 -1.880000E+00  9.781539095227E+05
589          -34.92340000   -7.73410000  1.277000E+01  9.781554833364E+05
590          -34.93920000   -7.76830000  8.310000E+00  9.781631854708E+05
591          -34.95780000   -7.78360000  6.480000E+01  9.781492401074E+05
592          -34.94040000   -7.78440000  3.422000E+01  9.781568675130E+05
593          -34.92380000   -7.83420000  1.406000E+01  9.781663726317E+05
594          -34.90670000   -7.81800000  2.017000E+01  9.781613008964E+05
595          -34.89040000   -7.81810000 -2.960000E+00  9.781671031464E+05
596          -34.89110000   -7.80600000 -4.840000E+00  9.781662801614E+05
597          -34.88980000   -7.85120000  1.980000E+00  9.781687624346E+05
598          -34.87090000   -7.82090000 -3.250000E+00  9.781662481258E+05
599          -34.85790000   -7.82030000 -1.810000E+00  9.781652294067E+05
600          -34.85740000   -7.83440000  5.541000E+01  9.781488091799E+05
601          -34.87320000   -7.85420000  2.264000E+01  9.781612243936E+05
602          -34.87410000   -7.83390000  1.397000E+01  9.781624149123E+05
603          -34.88970000   -7.83350000  3.100000E-01  9.781677087093E+05
604          -34.85660000   -7.85040000  4.923000E+01  9.781517427986E+05
605          -34.92290000   -7.86780000  9.570000E+00  9.781702966280E+05
606          -34.90660000   -7.86730000  2.390000E+01  9.781644915096E+05
607          -34.92340000   -7.85220000  1.031000E+01  9.781690675252E+05
608          -34.94120000   -7.85120000  5.601000E+01  9.781559401309E+05
609          -34.95880000   -7.85000000  3.225000E+01  9.781639740573E+05
610          -34.97310000   -7.85130000  1.005400E+02  9.781430401906E+05
611          -34.99070000   -7.85070000  1.073200E+02  9.781407616722E+05
612          -34.92310000   -7.70070000  5.191000E+01  9.781386127020E+05
613          -34.92370000   -7.68390000  4.250000E+01  9.781390101008E+05
614          -34.90640000   -7.65100000  3.770000E+01  9.781335873866E+05
615          -34.89120000   -7.66590000  4.600000E-01  9.781453378894E+05
616          -34.85930000   -7.68620000 -2.980000E+00  9.781462635734E+05
617          -34.87040000   -7.68420000 -2.120000E+00  9.781465908441E+05
618          -34.87360000   -7.70160000 -1.500000E-01  9.781488264178E+05
619          -34.88990000   -7.68430000  5.810000E+00  9.781461108334E+05
620          -34.87870000   -7.67320000 -3.500000E-01  9.781452415601E+05
621          -34.87410000   -7.76900000  2.550000E+00  9.781578004940E+05
622          -34.85600000   -7.76700000  5.360000E+00  9.781558740417E+05
623          -34.83860000   -7.76750000  1.203000E+01  9.781537699580E+05
624          -34.84070000   -7.78450000  0.000000E+00  9.781600402663E+05
625          -34.84000000   -7.80100000 -2.330000E+00  9.781630356258E+05
626          -34.85720000   -7.75000000  1.685000E+01  9.781497955941E+05
627          -34.92360000   -7.81740000  5.035000E+01  9.781534229757E+05
628          -34.93970000   -7.81850000  8.346000E+01  9.781446555339E+05
629          -34.95700000   -7.83450000  8.616000E+01  9.781461777637E+05
630          -34.90540000   -7.85180000  2.338000E+01  9.781635134382E+05
631          -34.94130000   -7.80060000  7.962000E+01  9.781443786853E+05
632          -34.95770000   -7.80110000  7.773000E+01  9.781464921819E+05
633          -34.97390000   -7.81770000  9.882000E+01  9.781419450618E+05
634          -34.95850000   -7.81500000  6.657000E+01  9.781510007610E+05
635          -34.92350000   -7.79890000  6.356000E+01  9.781473518927E+05
636          -34.90800000   -7.80010000  9.310000E+00  9.781626941215E+05
637          -34.90770000   -7.78420000  2.172000E+01  9.781568782524E+05
638          -34.90720000   -7.76760000  9.530000E+00  9.781585063443E+05
639          -34.92260000   -7.76780000  5.012000E+01  9.781479289415E+05
640          -34.88900000   -8.10130000 -3.170000E+00  9.781442120252E+05
641          -34.90850000   -8.11720000 -3.480000E+00  9.781417394311E+05
642          -34.90790000   -8.15150000 -1.910000E+00  9.781374383567E+05
643          -34.92330000   -8.16820000 -1.330000E+00  9.781372829610E+05
644          -34.92370000   -8.18400000 -3.230000E+00  9.781366717874E+05
645          -34.92370000   -8.20060000 -9.400000E-01  9.781350098945E+05
646          -34.95680000   -8.05060000  3.290000E+00  9.781501996672E+05
647          -34.95680000   -8.03450000  5.400000E-01  9.781539156568E+05
648          -34.94010000   -8.05070000  2.080000E+00  9.781494932664E+05
649          -34.94080000   -8.03470000  1.480000E+00  9.781526949830E+05
650          -34.92380000   -8.05080000 -1.000000E-01  9.781497221607E+05
651          -34.84050000   -7.71740000  2.890000E+00  9.781486060590E+05
652          -34.83860000   -7.70090000  2.490000E+00  9.781459834101E+05
653          -34.85130000   -7.74030000  5.030000E+01  9.781378217223E+05
654          -34.83970000   -7.75150000  2.426000E+01  9.781474627128E+05
655          -34.83610000   -7.73530000  1.390000E+00  9.781519185975E+05
656          -34.85800000   -7.78510000  4.996000E+01  9.781447881997E+05
657          -34.85760000   -7.80390000  4.691000E+01  9.781482453218E+05
658          -34.87520000   -7.78500000  3.460000E+00  9.781598407645E+05
659          -34.86920000   -7.79780000  5.948000E+01  9.781439517313E+05
660          -34.85220000   -8.01830000  1.817000E+01  9.781535965765E+05
661          -34.89110000   -7.61310000  9.400000E-01  9.781389615250E+05
662          -34.86010000   -7.60020000  2.610000E+01  9.781231573864E+05
663          -34.84000000   -7.59960000  5.088000E+01  9.781104359590E+05
664          -34.83740000   -7.66380000 -3.240000E+00  9.781409833318E+05
665          -34.83630000   -7.65040000 -3.370000E+00  9.781381863102E+05
666          -34.82340000   -7.65020000 -1.800000E+00  9.781369750735E+05
667          -34.82470000   -7.63250000  3.897000E+01  9.781201529002E+05
668          -34.83970000   -7.63740000 -3.890000E+00  9.781358403069E+05
669          -34.82350000   -7.61620000  3.216000E+01  9.781177829397E+05
670          -34.84120000   -7.61720000  1.582000E+01  9.781254719536E+05
671          -34.85440000   -7.66630000 -3.700000E-01  9.781418211972E+05
672          -34.85250000   -7.65070000 -1.310000E+00  9.781391774448E+05
673          -34.87100000   -7.63530000  3.000000E-01  9.781386650617E+05
674          -34.85780000   -7.61650000 -4.420000E+00  9.781347808842E+05
675          -34.85570000   -7.63360000  2.220000E+00  9.781354153985E+05
676          -35.02370000   -8.25120000  8.810000E+00  9.781451638940E+05
677          -35.03870000   -8.25150000  1.089000E+01  9.781467333644E+05
678          -35.03910000   -8.23350000  2.373000E+01  9.781436389721E+05
679          -35.05550000   -8.24800000  2.330000E+01  9.781455935444E+05
680          -35.05830000   -8.23600000  8.052000E+01  9.781289026796E+05
681          -35.07650000   -8.23550000  7.224000E+01  9.781341964484E+05
682          -35.07470000   -8.25030000  6.307000E+01  9.781361790110E+05
683          -35.08970000   -8.23480000  7.275000E+01  9.781359901493E+05
684          -35.09000000   -8.21770000  7.330000E+01  9.781366047401E+05
685          -35.00560000   -8.25080000  9.390000E+00  9.781424460409E+05
686          -35.10710000   -8.23370000  1.242300E+02  9.781225436623E+05
687          -35.12230000   -8.23410000  8.659000E+01  9.781361567453E+05
688          -35.14010000   -8.23380000  8.517000E+01  9.781387293683E+05
689          -35.14050000   -8.20070000  8.726000E+01  9.781393551502E+05
690          -35.12380000   -8.21740000  1.061000E+02  9.781309659588E+05
691          -35.19000000   -8.13420000  1.422100E+02  9.781216708930E+05
692          -35.20330000   -8.13290000  1.996300E+02  9.781033493020E+05
693          -35.20390000   -8.14990000  2.358300E+02  9.780949783144E+05
694          -35.18980000   -8.15060000  1.913000E+02  9.781088815002E+05
695          -35.19000000   -8.16640000  3.393300E+02  9.780644798187E+05
696          -35.17560000   -8.16580000  2.057000E+02  9.781052984623E+05
697          -35.17330000   -8.13450000  9.923000E+01  9.781348273972E+05
698          -34.64180000   -8.06920000  1.574000E+01  9.781726142043E+05
699          -34.84030000   -7.96770000 -5.000000E-02  9.781623564038E+05
700          -34.85590000   -7.96540000  1.857000E+01  9.781575948896E+05
701          -34.87330000   -7.96660000  3.220000E+00  9.781632353296E+05
702          -34.85650000   -7.98410000  1.010000E+00  9.781616408457E+05
703          -34.84050000   -7.98390000 -3.110000E+00  9.781626571955E+05
704          -34.89010000   -7.91670000  1.081000E+01  9.781669029913E+05
705          -34.87280000   -7.90030000  5.853000E+01  9.781508035544E+05
706          -34.89020000   -7.90000000  1.175000E+01  9.781672404118E+05
707          -34.90680000   -7.91730000  1.258000E+01  9.781680416415E+05
708          -34.86910000   -7.91690000  1.317000E+01  9.781638089871E+05
709          -34.84370000   -7.93380000  3.120000E+00  9.781633069355E+05
710          -34.85690000   -7.99850000  1.554000E+01  9.781559427648E+05
711          -34.85670000   -8.01770000 -3.010000E+00  9.781598795505E+05
712          -34.84060000   -7.99960000 -1.730000E+00  9.781615614652E+05
713          -34.83830000   -7.95130000 -3.200000E+00  9.781638938542E+05
714          -34.87440000   -8.01710000 -3.060000E+00  9.781587542974E+05
715          -34.89060000   -8.01690000  9.900000E-01  9.781566685770E+05
716          -34.89090000   -8.03370000 -2.350000E+00  9.781547262536E+05
717          -34.85540000   -7.90410000 -1.630000E+00  9.781674873440E+05
718          -34.88910000   -7.95060000  3.317000E+01  9.781569180275E+05
719          -34.90850000   -7.95040000  4.864000E+01  9.781536956533E+05
720          -34.87360000   -8.00020000  1.034000E+01  9.781569737528E+05
721          -34.89030000   -8.00060000  1.730000E+00  9.781592864312E+05
722          -34.90660000   -8.00050000  3.890000E+01  9.781477905260E+05
723          -34.88970000   -7.98390000  5.311000E+01  9.781461483862E+05
724          -34.89000000   -7.96750000  4.366000E+01  9.781515474442E+05
725          -34.90530000   -7.96860000  6.239000E+01  9.781464296171E+05
726          -34.92480000   -7.96580000  6.631000E+01  9.781467673513E+05
727          -34.92330000   -7.98410000  7.272000E+01  9.781411272791E+05
728          -34.90740000   -7.98400000  5.899000E+01  9.781448211237E+05
729          -34.93880000   -8.00110000  3.384000E+01  9.781499982152E+05
730          -34.94020000   -8.01540000  1.019000E+01  9.781541166446E+05
731          -34.87400000   -7.98510000  4.052000E+01  9.781495676863E+05
732          -34.90730000   -8.01520000  1.251000E+01  9.781529692403E+05
733          -34.92410000   -7.99960000  2.757000E+01  9.781517890734E+05
734          -34.92340000   -8.01740000  3.954000E+01  9.781441699040E+05
735          -34.90780000   -7.63520000  6.275000E+01  9.781240959466E+05
736          -34.89230000   -7.63550000  6.880000E+00  9.781396312283E+05
737          -34.90770000   -7.68280000  1.412000E+01  9.781454483525E+05
738          -34.92420000   -7.66780000  7.395000E+01  9.781268382804E+05
739          -35.05610000   -8.20100000  9.038000E+01  9.781275690457E+05
740          -35.05690000   -8.21770000  8.204000E+01  9.781292421999E+05
741          -35.03950000   -8.21660000  1.037500E+02  9.781200944441E+05
742          -35.02400000   -8.23420000  4.444000E+01  9.781349401474E+05
743          -35.02310000   -8.21730000  7.382000E+01  9.781268373501E+05
744          -35.00650000   -8.21630000  8.091000E+01  9.781221854576E+05
745          -35.00700000   -8.23410000  2.369000E+01  9.781387781132E+05
746          -34.98910000   -8.21850000 -1.100000E-01  9.781442140466E+05
747          -35.08980000   -8.20060000  1.111200E+02  9.781255927765E+05
748          -35.08960000   -8.18400000  1.289800E+02  9.781205616346E+05
749          -35.07300000   -8.16670000  1.035900E+02  9.781269406177E+05
750          -35.07300000   -8.18350000  1.027900E+02  9.781267203991E+05
751          -35.05760000   -8.16600000  8.758000E+01  9.781302590989E+05
752          -35.03980000   -8.16710000  8.960000E+01  9.781275491222E+05
753          -35.05710000   -8.18430000  9.188000E+01  9.781281472406E+05
754          -35.03840000   -8.18510000  1.071400E+02  9.781210167161E+05
755          -35.02300000   -8.18390000  8.140000E+01  9.781269447559E+05
756          -35.02330000   -8.20030000  8.387000E+01  9.781250398969E+05
757          -35.03990000   -8.20080000  9.955000E+01  9.781225383900E+05
758          -35.02270000   -8.13150000  6.863000E+01  9.781329576124E+05
759          -35.15800000   -8.11750000  1.054600E+02  9.781299512219E+05
760          -35.14000000   -8.11670000  1.111600E+02  9.781275612717E+05
761          -35.15770000   -8.13140000  1.099900E+02  9.781304580722E+05
762          -35.13900000   -8.13240000  1.047300E+02  9.781311862789E+05
763          -35.15790000   -8.15020000  2.196300E+02  9.780984927382E+05
764          -35.17210000   -8.15150000  2.229300E+02  9.780984822636E+05
765          -35.13950000   -8.15100000  1.492500E+02  9.781189485675E+05
766          -35.13950000   -8.16670000  1.349800E+02  9.781242011770E+05
767          -35.15700000   -8.16710000  9.681000E+01  9.781377745484E+05
768          -35.17400000   -8.18220000  1.094900E+02  9.781358778100E+05
769          -35.15670000   -8.18380000  9.655000E+01  9.781383586211E+05
770          -35.15620000   -8.20160000  8.943000E+01  9.781404236708E+05
771          -35.13990000   -8.18330000  9.669000E+01  9.781364931047E+05
772          -35.12420000   -8.16690000  1.023300E+02  9.781327326090E+05
773          -35.12320000   -8.15120000  8.734000E+01  9.781367099532E+05
774          -35.12210000   -8.13310000  1.437700E+02  9.781180522629E+05
775          -35.08950000   -8.11750000  8.665000E+01  9.781329538600E+05
776          -35.07490000   -8.11650000  7.800000E+01  9.781347709275E+05
777          -35.06000000   -8.11660000  4.696000E+01  9.781433817276E+05
778          -35.04090000   -8.11700000  5.683000E+01  9.781387298197E+05
779          -35.02350000   -8.11730000  3.850000E+01  9.781425545013E+05
780          -35.00590000   -8.11660000  3.664000E+01  9.781409082992E+05
781          -35.02340000   -8.10020000  1.072200E+02  9.781215625188E+05
782          -35.00470000   -8.10480000  6.168000E+01  9.781332682229E+05
783          -35.00740000   -8.13340000  9.163000E+01  9.781238097924E+05
784          -34.99000000   -8.13390000  5.166000E+01  9.781335689277E+05
785          -34.99010000   -8.11780000  6.629000E+01  9.781294832731E+05
786          -34.99050000   -8.10060000  5.793000E+01  9.781326215826E+05
787          -35.10730000   -8.13010000  1.354400E+02  9.781194708741E+05
788          -35.09140000   -8.13480000  1.149100E+02  9.781249209531E+05
789          -35.07530000   -8.13230000  1.253500E+02  9.781204438197E+05
790          -35.07350000   -8.15050000  9.895000E+01  9.781285928085E+05
791          -35.09270000   -8.14940000  1.164500E+02  9.781248943964E+05
792          -35.10710000   -8.15060000  1.220500E+02  9.781244714668E+05
793          -35.10660000   -8.16700000  9.946000E+01  9.781317480223E+05
794          -35.09360000   -8.16530000  1.892300E+02  9.781025838520E+05
795          -35.05620000   -8.15000000  8.831000E+01  9.781302380273E+05
796          -35.05540000   -8.13100000  9.768000E+01  9.781273855551E+05
797          -35.04000000   -8.13520000  6.886000E+01  9.781347974715E+05
798          -34.97330000   -8.16690000  9.800000E-01  9.781449281374E+05
799          -34.99050000   -8.15090000  3.818000E+01  9.781372219038E+05
800          -34.99210000   -8.16690000  4.589000E+01  9.781342909282E+05
801          -35.00540000   -8.16640000  6.330000E+00  9.781486382905E+05
802          -35.00790000   -8.15040000  5.804000E+01  9.781337736099E+05
803          -35.62510000   -7.87450000  4.358300E+02  9.780129478581E+05
804          -35.61970000   -7.95590000  1.782500E+02  9.780793021772E+05
805          -35.62190000   -8.12420000  2.397100E+02  9.780610216471E+05
806          -35.62530000   -8.03970000  2.775100E+02  9.780436991289E+05
807          -35.45820000   -7.87510000  2.512200E+02  9.780599909422E+05
808          -35.29120000   -7.95810000  1.434700E+02  9.780876150508E+05
809          -35.29230000   -7.87430000  8.188000E+01  9.781088066209E+05
810          -35.37490000   -7.87520000  1.320200E+02  9.780912720277E+05
811          -35.54160000   -7.79040000  2.790300E+02  9.780644536677E+05
812          -35.54540000   -7.95780000  1.633400E+02  9.780781451612E+05
813          -35.54370000   -8.04260000  1.872100E+02  9.780658560378E+05
814          -35.54080000   -8.12150000  2.157900E+02  9.780684934311E+05
815          -35.45830000   -8.04040000  1.803400E+02  9.780701073652E+05
816          -35.46160000   -7.95710000  2.248700E+02  9.780604968634E+05
817          -35.87800000   -7.79210000  4.534100E+02  9.780234662655E+05
818          -35.95880000   -7.79280000  4.914500E+02  9.779980896099E+05
819          -35.79040000   -7.79130000  4.709800E+02  9.780130324483E+05
820          -36.18530000   -7.78970000  5.296800E+02  9.779847204031E+05
821          -36.12870000   -7.79070000  5.579100E+02  9.779751938266E+05
822          -36.06030000   -7.79610000  4.534400E+02  9.780074113535E+05
823          -35.02310000   -8.30150000  1.548000E+01  9.781439903078E+05
824          -35.04140000   -8.26750000  3.319000E+01  9.781399696692E+05
825          -34.98930000   -8.21730000 -3.430000E+00  9.781453440252E+05
826          -34.97590000   -8.23480000 -3.490000E+00  9.781425283708E+05
827          -34.97080000   -8.21870000 -3.000000E+00  9.781421451236E+05
828          -34.94240000   -8.24950000 -2.250000E+00  9.781385596221E+05
829          -35.02380000   -8.33300000  8.540000E+00  9.781478598345E+05
830          -35.04360000   -8.33370000  2.078000E+01  9.781456438435E+05
831          -35.05710000   -8.33450000  1.059800E+02  9.781208658732E+05
832          -35.05720000   -8.31630000  4.961000E+01  9.781378282494E+05
833          -35.05780000   -8.29860000  7.480000E+01  9.781297496537E+05
834          -35.07050000   -8.31820000  1.243100E+02  9.781165806320E+05
835          -35.07170000   -8.33540000  7.283000E+01  9.781328905017E+05
836          -34.97320000   -8.40050000 -2.610000E+00  9.781549493921E+05
837          -36.12280000   -8.12370000  4.481700E+02  9.780086399774E+05
838          -36.04350000   -8.12040000  5.092300E+02  9.779899277894E+05
839          -35.95870000   -8.20830000  6.450000E+02  9.779604638726E+05
840          -35.95800000   -8.12590000  5.922500E+02  9.779705915781E+05
841          -36.04330000   -8.04250000  3.745900E+02  9.780166336372E+05
842          -36.12670000   -7.95870000  4.198400E+02  9.780124982174E+05
843          -36.12420000   -7.87330000  4.848500E+02  9.779973627906E+05
844          -36.03990000   -7.87390000  4.957700E+02  9.780047816425E+05
845          -36.04500000   -7.95890000  6.908100E+02  9.779400763848E+05
846          -35.95950000   -7.87530000  4.082800E+02  9.780225109845E+05
847          -35.87590000   -7.87080000  4.761200E+02  9.780039854950E+05
848          -35.79600000   -7.87400000  4.080400E+02  9.780180321930E+05
849          -35.87500000   -8.20860000  6.975200E+02  9.779382682213E+05
850          -35.87470000   -8.12360000  4.053900E+02  9.780169353892E+05
851          -35.79390000   -8.12420000  4.162500E+02  9.780134940107E+05
852          -35.02310000   -8.15140000  1.042300E+02  9.781215416231E+05
853          -35.03980000   -8.15070000  8.564000E+01  9.781293180652E+05
854          -35.02550000   -8.16770000  8.945000E+01  9.781257562379E+05
855          -35.00620000   -8.18410000  9.505000E+01  9.781202291168E+05
856          -34.99280000   -8.18350000  6.007000E+01  9.781289154927E+05
857          -34.99350000   -8.20250000  1.463000E+01  9.781415564651E+05
858          -35.00620000   -8.20040000  8.667000E+01  9.781215715475E+05
859          -34.97180000   -8.18460000  6.780000E+00  9.781416260847E+05
860          -35.12290000   -8.20040000  1.261500E+02  9.781251621649E+05
861          -35.12290000   -8.18430000  7.867000E+01  9.781400985227E+05
862          -35.10690000   -8.18410000  1.230900E+02  9.781244307535E+05
863          -35.10530000   -8.20030000  9.144000E+01  9.781336857577E+05
864          -35.10660000   -8.21730000  9.312000E+01  9.781327462948E+05
865          -35.07290000   -8.21730000  5.975000E+01  9.781384244688E+05
866          -35.07310000   -8.20460000  8.576000E+01  9.781310702617E+05
867          -35.07360000   -8.43400000  1.333000E+01  9.781526655737E+05
868          -35.09080000   -8.41780000  2.474000E+01  9.781507831440E+05
869          -35.07300000   -8.41710000  4.790000E+00  9.781545389536E+05
870          -35.05680000   -8.41720000  2.418000E+01  9.781467091044E+05
871          -35.04050000   -8.41710000 -2.050000E+00  9.781533305859E+05
872          -35.04000000   -8.36880000  4.210000E+00  9.781509965976E+05
873          -35.05440000   -8.35330000  5.498000E+01  9.781365527508E+05
874          -35.03960000   -8.35030000  8.770000E+00  9.781493771928E+05
875          -35.02330000   -8.35030000  3.700000E+00  9.781499831636E+05
876          -35.00670000   -8.33350000  5.130000E+00  9.781483226206E+05
877          -35.02070000   -8.31520000  1.599000E+01  9.781444132290E+05
878          -35.03980000   -8.30060000  8.690000E+00  9.781478290366E+05
879          -35.03630000   -8.31620000  4.416000E+01  9.781371277927E+05
880          -35.00640000   -8.26750000  7.380000E+00  9.781432627610E+05
881          -35.00810000   -8.35170000  2.385000E+01  9.781435610563E+05
882          -35.07330000   -8.40000000  1.170000E+00  9.781554151741E+05
883          -35.08980000   -8.40110000  3.031000E+01  9.781486933885E+05
884          -35.10670000   -8.40020000  1.988000E+01  9.781542900000E+05
885          -35.09030000   -8.38380000  4.010000E+01  9.781456824503E+05
886          -35.07400000   -8.38350000  5.711000E+01  9.781382434447E+05
887          -35.05700000   -8.40050000  2.130000E+00  9.781531906291E+05
888          -34.97450000   -8.38620000 -1.580000E+00  9.781543331716E+05
889          -35.05690000   -8.36610000  7.422000E+01  9.781309624842E+05
890          -35.03970000   -8.38430000  1.064000E+01  9.781490132849E+05
891          -35.02640000   -8.36770000  8.530000E+00  9.781489294549E+05
892          -35.04000000   -8.40100000  4.430000E+00  9.781509935738E+05
893          -35.02420000   -8.41670000 -4.260000E+00  9.781532000382E+05
894          -35.02230000   -8.40490000 -5.050000E+00  9.781531556944E+05
895          -34.85170000   -7.70050000 -1.640000E+00  9.781476574283E+05
896          -34.93220000   -8.09880000  2.220000E+00  9.781429405700E+05
897          -35.00330000   -8.49090000 -3.910000E+00  9.781627592645E+05
898          -34.99110000   -8.31710000  5.500000E+00  9.781466064734E+05
899          -34.99010000   -8.33340000  5.190000E+00  9.781483501093E+05
900          -34.97410000   -8.33730000  6.470000E+00  9.781489953039E+05
901          -34.97240000   -8.35200000  1.790000E+00  9.781519895855E+05
902          -34.95640000   -8.35080000  2.970000E+01  9.781447665782E+05
903          -34.95670000   -8.33330000  2.401000E+01  9.781442349327E+05
904          -34.96860000   -8.31920000  3.364000E+01  9.781385005197E+05
905          -34.95560000   -8.31740000  3.130000E+00  9.781481055574E+05
906          -34.97300000   -8.36740000 -1.260000E+00  9.781538549306E+05
907          -34.98610000   -8.34690000  2.260000E+00  9.781505306448E+05
908          -34.95690000   -8.30150000  1.543000E+01  9.781414212305E+05
909          -34.95590000   -8.28460000  9.440000E+00  9.781403440332E+05
910          -34.95420000   -8.26830000  2.730000E+00  9.781399717667E+05
911          -34.97340000   -8.29910000  8.400000E+00  9.781432553459E+05
912          -34.97330000   -8.28380000 -3.670000E+00  9.781449409647E+05
913          -35.79110000   -8.03830000  3.638700E+02  9.780170888948E+05
914          -35.70590000   -8.12260000  3.659600E+02  9.780296858232E+05
915          -35.96030000   -7.95840000  3.522600E+02  9.780328256184E+05
916          -35.95900000   -8.03710000  3.954600E+02  9.780102958417E+05
917          -35.87340000   -8.04030000  3.690100E+02  9.780157901243E+05
918          -35.87090000   -7.95800000  4.542300E+02  9.780010410502E+05
919          -35.79180000   -7.95670000  3.526500E+02  9.780304915577E+05
920          -35.70870000   -7.87570000  3.311600E+02  9.780387743649E+05
921          -35.70840000   -7.95720000  2.333300E+02  9.780647572316E+05
922          -35.71160000   -8.04480000  3.048400E+02  9.780378477061E+05
923          -36.48640000   -8.88700000  8.628300E+02  9.779326519782E+05
924          -35.37900000   -7.95890000  1.719500E+02  9.780765384806E+05
925          -35.29190000   -8.04090000  2.875500E+02  9.780461022451E+05
926          -35.37460000   -8.04160000  1.850300E+02  9.780737416469E+05
927          -35.20860000   -8.03870000  1.748000E+02  9.780909591535E+05
928          -35.20800000   -7.95870000  1.269000E+02  9.781000021275E+05
929          -35.20870000   -7.87480000  1.046500E+02  9.781099667228E+05
930          -35.54200000   -7.87610000  2.335200E+02  9.780737159877E+05
931          -35.95760000   -8.45780000  4.125200E+02  9.780170360737E+05
932          -35.96080000   -8.37470000  5.275200E+02  9.779970227470E+05
933          -36.04410000   -8.54100000  4.563000E+02  9.780132244769E+05
934          -35.95880000   -8.54280000  5.113900E+02  9.779939167973E+05
935          -35.95820000   -8.62580000  4.423000E+02  9.780221834481E+05
936          -35.95720000   -8.70590000  7.383800E+02  9.779562156794E+05
937          -36.79230000   -8.79110000  5.530800E+02  9.780065082989E+05
938          -36.87440000   -8.87300000  4.882300E+02  9.780150722693E+05
939          -36.87450000   -8.95780000  4.236500E+02  9.780440098455E+05
940          -36.79180000   -8.96200000  5.160500E+02  9.780412503472E+05
941          -37.54180000   -8.95880000  5.983800E+02  9.779766448761E+05
942          -37.45920000   -8.95930000  4.897600E+02  9.780058825736E+05
943          -37.20900000   -9.21020000  3.065500E+02  9.780707310581E+05
944          -37.12500000   -9.20820000  3.332100E+02  9.780674139348E+05
945          -37.28890000   -9.04420000  3.856200E+02  9.780417945342E+05
946          -37.20860000   -9.04170000  4.219400E+02  9.780346485206E+05
947          -37.04390000   -9.28830000  2.324600E+02  9.780900091045E+05
948          -36.96090000   -9.29240000  3.253700E+02  9.780775394321E+05
949          -36.70720000   -8.95780000  8.611100E+02  9.779508157837E+05
950          -36.62470000   -8.95750000  8.304200E+02  9.779523526682E+05
951          -36.53970000   -8.95750000  7.256100E+02  9.779782910405E+05
952          -36.45890000   -9.04330000  5.804700E+02  9.780101069280E+05
953          -36.37330000   -9.04330000  5.900600E+02  9.780023888693E+05
954          -36.62100000   -9.21080000  7.475700E+02  9.779883388253E+05
955          -36.54020000   -9.20160000  4.199700E+02  9.780708472010E+05
956          -36.62440000   -9.29420000  5.535500E+02  9.780476464895E+05
957          -36.70640000   -9.12330000  6.415700E+02  9.780038783552E+05
958          -36.62780000   -9.04310000  6.941600E+02  9.779902076882E+05
959          -36.70750000   -9.04310000  6.966200E+02  9.779885912687E+05
960          -36.79220000   -9.12390000  3.966400E+02  9.780660834094E+05
961          -36.78890000   -9.20830000  3.685500E+02  9.780765731175E+05
962          -36.70860000   -9.20720000  6.841800E+02  9.780101518873E+05
963          -36.54330000   -9.04110000  6.601000E+02  9.779984907456E+05
964          -36.78250000   -9.04080000  6.054900E+02  9.780140679663E+05
965          -36.87500000   -9.12470000  3.623000E+02  9.780680233920E+05
966          -36.87440000   -9.20610000  3.612300E+02  9.780689293662E+05
967          -36.95420000   -9.20860000  2.824000E+02  9.780857722039E+05
968          -36.95830000   -9.12780000  3.471600E+02  9.780705474482E+05
969          -36.87560000   -9.04080000  4.785100E+02  9.780350506224E+05
970          -36.46330000   -8.95500000  6.865300E+02  9.779854232656E+05
971          -36.37580000   -8.95860000  6.978200E+02  9.779827054780E+05
972          -36.29000000   -8.95890000  5.553600E+02  9.780186935071E+05
973          -36.12610000   -8.79140000  7.450500E+02  9.779524538699E+05
974          -35.05630000   -8.38380000  3.007000E+01  9.781444811160E+05
975          -34.97140000   -8.27100000  1.011000E+01  9.781392122948E+05
976          -34.99410000   -8.30010000  6.000000E-02  9.781465876012E+05
977          -35.00450000   -8.31710000  1.195000E+01  9.781449210650E+05
978          -35.00510000   -8.30070000  5.210000E+00  9.781456690855E+05
979          -35.00470000   -8.28160000  1.190000E+00  9.781455524658E+05
980          -35.02350000   -8.28410000  4.850000E+00  9.781465264769E+05
981          -35.00640000   -8.40180000 -3.060000E+00  9.781525882616E+05
982          -34.99040000   -8.39800000 -1.280000E+00  9.781528559414E+05
983          -35.00860000   -8.38400000  4.010000E+00  9.781502863275E+05
984          -35.00770000   -8.36720000  2.460000E+00  9.781506025416E+05
985          -34.99020000   -8.38000000 -1.840000E+00  9.781529026650E+05
986          -34.98960000   -8.28370000 -3.080000E+00  9.781457475243E+05
987          -34.99130000   -8.26650000 -2.640000E+00  9.781446245590E+05
988          -34.98980000   -8.25140000  1.650000E+01  9.781381814894E+05
989          -34.97360000   -8.25120000 -3.320000E+00  9.781422819651E+05
990          -34.95710000   -8.25030000 -3.510000E+00  9.781404561856E+05
991          -35.00670000   -8.44930000 -4.320000E+00  9.781554422010E+05
992          -35.02360000   -8.45070000 -3.670000E+00  9.781554413983E+05
993          -35.03980000   -8.43410000  1.187000E+01  9.781498674541E+05
994          -35.05670000   -8.43400000  1.070000E+01  9.781516266199E+05
995          -35.29400000   -8.62680000  9.531000E+01  9.781697651084E+05
996          -35.37790000   -8.62380000  9.400000E+01  9.781583086568E+05
997          -35.45780000   -8.54150000  1.293000E+02  9.781156414203E+05
998          -35.54090000   -8.62520000  1.621700E+02  9.781084639562E+05
999          -35.79540000   -8.79220000  2.930600E+02  9.780869741789E+05
1000         -35.70550000   -8.87600000  1.534300E+02  9.781257395962E+05
1001         -35.70630000   -8.78870000  1.872900E+02  9.781193727429E+05
1002         -35.62470000   -8.79210000  1.352400E+02  9.781246748327E+05
1003         -35.45820000   -8.79130000  8.340000E+01  9.781524119289E+05
1004         -35.37170000   -8.79040000  7.745000E+01  9.781705601321E+05
1005         -35.29140000   -8.79170000  4.419000E+01  9.781868615055E+05
1006         -35.29340000   -8.70940000  8.841000E+01  9.781818672810E+05
1007         -35.38120000   -8.72780000  6.993000E+01  9.781782611508E+05
1008         -35.54170000   -8.54190000  2.478800E+02  9.780821469801E+05
1009         -35.54640000   -8.78500000  1.449500E+02  9.781230149948E+05
1010         -35.45670000   -8.70750000  1.059500E+02  9.781460152522E+05
1011         -35.45860000   -8.62500000  1.434200E+02  9.781254768955E+05
1012         -35.95780000   -8.79160000  5.476300E+02  9.780042237727E+05
1013         -35.96060000   -8.87440000  5.656700E+02  9.780031051933E+05
1014         -35.87780000   -8.78590000  4.105900E+02  9.780492357349E+05
1015         -35.78190000   -8.71360000  1.652200E+02  9.781172776383E+05
1016         -35.70920000   -8.70390000  1.336400E+02  9.781267273454E+05
1017         -35.79090000   -8.62440000  3.401100E+02  9.780580283528E+05
1018         -35.87500000   -8.37480000  7.108500E+02  9.779424245305E+05
1019         -35.79060000   -8.45790000  7.112700E+02  9.779447163312E+05
1020         -35.87510000   -8.45610000  4.072400E+02  9.780217557149E+05
1021         -35.87820000   -8.54010000  4.265300E+02  9.780223670989E+05
1022         -35.87710000   -8.63130000  4.650900E+02  9.780194517607E+05
1023         -35.87470000   -8.70810000  6.787400E+02  9.779720289125E+05
1024         -35.78990000   -8.54320000  4.227200E+02  9.780367356286E+05
1025         -35.70790000   -8.62580000  2.733200E+02  9.780752287930E+05
1026         -35.62370000   -8.62250000  1.189100E+02  9.781149627486E+05
1027         -35.62590000   -8.54060000  3.208400E+02  9.780702117104E+05
1028         -35.71200000   -8.54700000  3.752900E+02  9.780627175559E+05
1029         -36.70810000   -8.87500000  8.322800E+02  9.779502596422E+05
1030         -36.78920000   -8.87690000  5.224900E+02  9.780213363061E+05
1031         -36.70850000   -8.79170000  8.593000E+02  9.779401019772E+05
1032         -36.37550000   -9.12290000  4.964800E+02  9.780350587378E+05
1033         -36.45890000   -9.12460000  5.242600E+02  9.780382821466E+05
1034         -36.54110000   -9.12620000  6.478500E+02  9.779974810736E+05
1035         -36.62750000   -9.12500000  5.679800E+02  9.780297367229E+05
1036         -36.62620000   -8.62870000  8.428000E+02  9.779205916203E+05
1037         -36.70750000   -8.62520000  7.545100E+02  9.779493488313E+05
1038         -36.62650000   -8.54170000  7.224900E+02  9.779526742620E+05
1039         -36.45780000   -8.62510000  6.471000E+02  9.779687470895E+05
1040         -36.54200000   -8.70800000  8.735300E+02  9.779189491445E+05
1041         -36.29370000   -9.12400000  3.672300E+02  9.780686337768E+05
1042         -36.20610000   -8.96310000  4.453800E+02  9.780424882066E+05
1043         -36.21610000   -9.02310000  4.572300E+02  9.780424621581E+05
1044         -36.29360000   -9.04110000  5.594400E+02  9.780140929561E+05
1045         -35.79180000   -8.37530000  6.104500E+02  9.779875366796E+05
1046         -35.70360000   -8.29130000  6.507600E+02  9.779790112036E+05
1047         -35.62430000   -8.29110000  7.024400E+02  9.779683224678E+05
1048         -35.62520000   -8.37370000  6.383000E+02  9.779838956978E+05
1049         -36.70380000   -8.46040000  7.484800E+02  9.779313882388E+05
1050         -36.70590000   -8.54240000  7.872900E+02  9.779358197602E+05
1051         -36.62330000   -8.45800000  7.002200E+02  9.779524525929E+05
1052         -36.55960000   -8.46030000  6.932300E+02  9.779562708536E+05
1053         -36.37500000   -8.45080000  5.952500E+02  9.779763877946E+05
1054         -36.29170000   -8.45700000  5.681500E+02  9.779768091790E+05
1055         -36.12150000   -8.45250000  5.614600E+02  9.779894684070E+05
1056         -36.12260000   -8.37420000  6.377200E+02  9.779785391148E+05
1057         -36.04360000   -8.37370000  8.333800E+02  9.779188028076E+05
1058         -35.26540000   -8.25600000  1.577600E+02  9.781180480035E+05
1059         -35.26730000   -8.22660000  1.966300E+02  9.781078867314E+05
1060         -34.99420000   -8.24520000  8.580000E+00  9.781412156267E+05
1061         -35.01330000   -8.25920000  3.670000E+00  9.781451778291E+05
1062         -35.02680000   -8.27470000  7.430000E+00  9.781459052870E+05
1063         -35.04310000   -8.29050000  8.860000E+00  9.781479048887E+05
1064         -35.70810000   -8.45840000  6.187000E+02  9.779930144193E+05
1065         -35.71170000   -8.37450000  5.877200E+02  9.780010072471E+05
1066         -35.62800000   -8.45750000  6.222900E+02  9.779876725798E+05
1067         -35.54170000   -8.45850000  3.384300E+02  9.780579819491E+05
1068         -35.45750000   -8.46010000  2.714500E+02  9.780640225506E+05
1069         -35.45900000   -8.37480000  2.618800E+02  9.780703933032E+05
1070         -35.52250000   -8.37500000  4.914700E+02  9.780114206778E+05
1071         -35.45710000   -8.29310000  5.550800E+02  9.779904873877E+05
1072         -35.62490000   -8.87510000  1.146800E+02  9.781315389081E+05
1073         -35.37760000   -8.20690000  4.360800E+02  9.780239549263E+05
1074         -35.21620000   -8.20830000  2.452600E+02  9.780953170848E+05
1075         -35.20890000   -8.29200000  7.262000E+01  9.781425664046E+05
1076         -35.29160000   -8.37480000  1.012900E+02  9.781245017731E+05
1077         -35.37370000   -8.37040000  1.306900E+02  9.781059707857E+05
1078         -35.37390000   -8.29150000  2.786700E+02  9.780755839131E+05
1079         -35.54130000   -8.29170000  5.050200E+02  9.780189998758E+05
1080         -35.20810000   -8.45790000  1.676600E+02  9.781228367967E+05
1081         -35.37430000   -8.45800000  1.145800E+02  9.781142908853E+05
1082         -35.29140000   -8.45860000  1.742900E+02  9.781183937364E+05
1083         -35.29310000   -8.54130000  1.008600E+02  9.781561432617E+05
1084         -35.12210000   -8.31720000  1.144600E+02  9.781260717673E+05
1085         -35.08930000   -8.31790000  4.906000E+01  9.781423247002E+05
1086         -35.08920000   -8.33380000  1.003600E+02  9.781266828687E+05
1087         -35.10600000   -8.33540000  7.299000E+01  9.781373030672E+05
1088         -35.12310000   -8.35010000  8.098000E+01  9.781369959374E+05
1089         -35.10440000   -8.35120000  1.003700E+02  9.781288252611E+05
1090         -35.09010000   -8.35040000  6.439000E+01  9.781380642418E+05
1091         -35.07440000   -8.35350000  7.381000E+01  9.781331134100E+05
1092         -35.07310000   -8.36600000  6.159000E+01  9.781367537667E+05
1093         -35.09000000   -8.36740000  9.560000E+01  9.781285024787E+05
1094         -34.97600000   -8.20040000 -2.110000E+00  9.781439061072E+05
1095         -35.02350000   -8.26930000  2.970000E+00  9.781467787804E+05
1096         -35.03990000   -8.28360000  9.030000E+00  9.781472877142E+05
1097         -35.08930000   -8.24720000  7.877000E+01  9.781336016948E+05
1098         -35.10450000   -8.24950000  5.517000E+01  9.781429635157E+05
1099         -35.12540000   -8.24970000  9.164000E+01  9.781343573880E+05
1100         -35.14050000   -8.25100000  6.954000E+01  9.781428191965E+05
1101         -35.15700000   -8.25110000  7.389000E+01  9.781429990829E+05
1102         -35.17140000   -8.26610000  9.444000E+01  9.781367554827E+05
1103         -35.26160000   -8.16890000  3.296400E+02  9.780642438342E+05
1104         -35.27610000   -8.13720000  2.118600E+02  9.780921466595E+05
1105         -35.22310000   -8.11660000  1.573600E+02  9.781115047800E+05
1106         -35.15100000   -8.11110000  1.089200E+02  9.781278206172E+05
1107         -35.07300000   -8.09590000  7.702000E+01  9.781345346081E+05
1108         -35.04230000   -8.09440000  5.380000E+01  9.781399317852E+05
1109         -34.95480000   -8.07140000  7.400000E-01  9.781479408597E+05
1110         -35.26490000   -8.19490000  3.346500E+02  9.780649226443E+05
1111         -35.24770000   -8.33890000  1.173500E+02  9.781249256664E+05
1112         -37.04180000   -8.96150000  4.085000E+02  9.780420329559E+05
1113         -37.12100000   -8.88350000  4.400500E+02  9.780269803659E+05
1114         -37.12410000   -8.95740000  3.801700E+02  9.780418352523E+05
1115         -36.96030000   -8.95730000  4.896300E+02  9.780221767592E+05
1116         -36.95910000   -9.04320000  3.925000E+02  9.780605809047E+05
1117         -37.12520000   -8.70720000  4.761700E+02  9.780218172353E+05
1118         -37.04340000   -8.70910000  4.525000E+02  9.780186053827E+05
1119         -36.96160000   -8.62310000  4.737500E+02  9.780081181421E+05
1120         -37.04110000   -8.29440000  8.391800E+02  9.779140705853E+05
1121         -37.12440000   -8.20780000  6.692400E+02  9.779561611942E+05
1122         -36.80180000   -8.20430000  9.139100E+02  9.778935359030E+05
1123         -36.70910000   -8.20890000  9.951500E+02  9.778758241047E+05
1124         -36.62500000   -8.20700000  7.526700E+02  9.779286728589E+05
1125         -36.54690000   -8.20440000  5.866300E+02  9.779725175925E+05
1126         -36.63250000   -8.12490000  9.601200E+02  9.778838795057E+05
1127         -37.11910000   -8.78720000  4.561900E+02  9.780242355939E+05
1128         -37.04010000   -8.79100000  4.355000E+02  9.780264263292E+05
1129         -36.96110000   -8.78920000  4.627800E+02  9.780195914031E+05
1130         -37.20540000   -8.11880000  6.023200E+02  9.779805833373E+05
1131         -37.29420000   -8.12610000  5.669200E+02  9.779879284518E+05
1132         -37.37370000   -8.12470000  5.289100E+02  9.779979050300E+05
1133         -37.37400000   -8.04370000  5.332600E+02  9.779941425006E+05
1134         -37.21260000   -8.04070000  5.854600E+02  9.779802877861E+05
1135         -37.20840000   -7.95510000  6.424300E+02  9.779626222696E+05
1136         -35.15670000   -8.26700000  6.784000E+01  9.781440416640E+05
1137         -35.13920000   -8.26740000  4.758000E+01  9.781488410507E+05
1138         -35.12410000   -8.26730000  6.190000E+01  9.781428391997E+05
1139         -35.10800000   -8.26600000  5.256000E+01  9.781437843263E+05
1140         -35.14010000   -8.28370000  7.174000E+01  9.781410110200E+05
1141         -35.12400000   -8.28390000  5.163000E+01  9.781456844282E+05
1142         -35.12350000   -8.30080000  1.003700E+02  9.781304713643E+05
1143         -35.13980000   -8.30080000  1.291400E+02  9.781230371160E+05
1144         -35.15710000   -8.30080000  1.237800E+02  9.781257845875E+05
1145         -35.15710000   -8.28300000  5.154000E+01  9.781484987670E+05
1146         -35.17320000   -8.28390000  1.229600E+02  9.781271228776E+05
1147         -35.17290000   -8.30030000  9.512000E+01  9.781352302568E+05
1148         -35.17380000   -8.31690000  9.213000E+01  9.781360283065E+05
1149         -35.15670000   -8.31730000  9.120000E+01  9.781358191195E+05
1150         -35.14040000   -8.31760000  1.350700E+02  9.781213008273E+05
1151         -35.14010000   -8.33430000  8.737000E+01  9.781362730390E+05
1152         -35.15690000   -8.33340000  9.397000E+01  9.781352042724E+05
1153         -35.10700000   -8.38360000  1.050000E+02  9.781279627822E+05
1154         -35.10530000   -8.36650000  1.008000E+02  9.781289326015E+05
1155         -35.12340000   -8.36710000  9.434000E+01  9.781331576154E+05
1156         -35.12370000   -8.38450000  7.209000E+01  9.781402992957E+05
1157         -35.13980000   -8.38410000  6.892000E+01  9.781431005801E+05
1158         -35.13970000   -8.36740000  5.877000E+01  9.781458381595E+05
1159         -35.15680000   -8.36660000  6.027000E+01  9.781466456746E+05
1160         -35.13980000   -8.35050000  9.545000E+01  9.781340962179E+05
1161         -35.15760000   -8.35030000  7.332000E+01  9.781420810177E+05
1162         -35.17280000   -8.35020000  8.839000E+01  9.781379085324E+05
1163         -35.17350000   -8.33390000  1.335500E+02  9.781234346398E+05
1164         -35.05390000   -8.26750000  3.638000E+01  9.781408383028E+05
1165         -35.07340000   -8.26760000  4.001000E+01  9.781426742463E+05
1166         -35.07040000   -8.28130000  7.567000E+01  9.781311245056E+05
1167         -35.05660000   -8.11680000  1.194000E+01  9.781539613616E+05
1168         -35.07420000   -8.29980000  5.291000E+01  9.781388133790E+05
1169         -35.08910000   -8.29980000  9.325000E+01  9.781284610015E+05
1170         -35.08980000   -8.28380000  1.298300E+02  9.781172250840E+05
1171         -35.09140000   -8.26860000  3.877000E+01  9.781457076185E+05
1172         -35.10770000   -8.28510000  5.676000E+01  9.781421809918E+05
1173         -35.10620000   -8.29670000  8.633000E+01  9.781328355698E+05
1174         -35.10610000   -8.31680000  6.029000E+01  9.781410121145E+05
1175         -35.12500000   -8.33360000  1.387200E+02  9.781190750318E+05
1176         -36.29200000   -8.12710000  4.784400E+02  9.779985813149E+05
1177         -36.21230000   -8.12840000  4.533100E+02  9.779977425745E+05
1178         -36.20440000   -8.20940000  4.715200E+02  9.780104926736E+05
1179         -36.29090000   -8.20540000  5.363700E+02  9.779854040689E+05
1180         -36.37480000   -8.12460000  5.991800E+02  9.779755243068E+05
1181         -37.20890000   -7.70750000  6.068600E+02  9.779657424939E+05
1182         -37.20940000   -7.54380000  5.901200E+02  9.779673989370E+05
1183         -37.20700000   -7.62400000  6.191800E+02  9.779620359972E+05
1184         -36.45840000   -7.95870000  4.874100E+02  9.779904363636E+05
1185         -36.53770000   -7.95450000  5.498700E+02  9.779701076157E+05
1186         -36.54280000   -8.03910000  7.174500E+02  9.779379247519E+05
1187         -36.45360000   -8.03680000  5.301800E+02  9.779818556051E+05
1188         -36.54210000   -8.12500000  5.820900E+02  9.779711090327E+05
1189         -36.37490000   -7.87480000  5.188200E+02  9.779858065489E+05
1190         -36.29290000   -7.87310000  5.039000E+02  9.779893668341E+05
1191         -36.20780000   -7.87420000  4.772700E+02  9.779940641728E+05
1192         -36.45560000   -8.12790000  5.715100E+02  9.779802109349E+05
1193         -36.37500000   -7.95830000  4.730500E+02  9.779932457924E+05
1194         -36.29140000   -7.95840000  4.695700E+02  9.779900257857E+05
1195         -36.20820000   -7.95800000  4.369000E+02  9.779981788824E+05
1196         -36.37440000   -8.20850000  1.098480E+03  9.778391407589E+05
1197         -36.37420000   -8.29320000  6.505800E+02  9.779604261452E+05
1198         -36.45850000   -8.28810000  8.766000E+02  9.779140417458E+05
1199         -36.53950000   -8.29550000  7.372600E+02  9.779486013929E+05
1200         -36.46030000   -8.20620000  6.677200E+02  9.779845373229E+05
1201         -36.37500000   -8.04170000  5.245200E+02  9.779814973725E+05
1202         -36.29300000   -8.03890000  5.113700E+02  9.779892470533E+05
1203         -36.20730000   -8.04360000  5.604900E+02  9.779709660081E+05
1204         -36.12490000   -8.04190000  4.317300E+02  9.780028344570E+05
1205         -36.04130000   -8.20840000  6.156600E+02  9.779710461815E+05
1206         -37.29080000   -7.87780000  6.347000E+02  9.779670417363E+05
1207         -37.20460000   -7.79010000  6.529600E+02  9.779599482188E+05
1208         -37.29280000   -7.79230000  5.835800E+02  9.779718513138E+05
1209         -37.29290000   -7.70720000  5.760400E+02  9.779714827305E+05
1210         -35.46100000   -7.79090000  1.748500E+02  9.780925436046E+05
1211         -35.37690000   -7.78880000  1.475500E+02  9.781051190009E+05
1212         -35.28620000   -7.79420000  6.820000E+01  9.781236239187E+05
1213         -35.20810000   -7.79290000  9.702000E+01  9.781211784455E+05
1214         -35.20450000   -7.62600000  9.832000E+01  9.781316353229E+05
1215         -35.20840000   -7.54170000  6.977000E+01  9.781384667950E+05
1216         -35.28920000   -7.53670000  1.267700E+02  9.781247748891E+05
1217         -35.37350000   -7.54960000  3.259100E+02  9.780666768842E+05
1218         -35.45950000   -7.54170000  4.417900E+02  9.780500510575E+05
1219         -35.46000000   -7.62500000  4.360600E+02  9.780348838900E+05
1220         -35.20880000   -7.70860000  7.565000E+01  9.781311364682E+05
1221         -35.29200000   -7.70830000  1.269700E+02  9.781115450275E+05
1222         -35.37600000   -7.70770000  2.125800E+02  9.780888084097E+05
1223         -35.28910000   -7.62550000  1.176400E+02  9.781291096276E+05
1224         -35.37570000   -7.62520000  1.342100E+02  9.781229860400E+05
1225         -35.45890000   -7.71040000  3.490800E+02  9.780439044053E+05
1226         -35.70840000   -7.79160000  3.800900E+02  9.780372959395E+05
1227         -35.70860000   -7.70790000  4.923600E+02  9.780073522445E+05
1228         -35.62880000   -7.71070000  3.772900E+02  9.780492484494E+05
1229         -35.54170000   -7.70850000  3.069800E+02  9.780656565713E+05
1230         -35.62180000   -7.79250000  4.104900E+02  9.780296711763E+05
1231         -34.85630000   -7.71690000  1.032000E+01  9.781467413117E+05
1232         -37.29370000   -8.87480000  6.365900E+02  9.779667249392E+05
1233         -37.37510000   -8.87540000  7.271900E+02  9.779454130727E+05
1234         -37.20780000   -8.79070000  5.564100E+02  9.779912492517E+05
1235         -37.20650000   -8.87270000  4.424100E+02  9.780287562402E+05
1236         -37.20760000   -8.95490000  4.262600E+02  9.780298675276E+05
1237         -37.29100000   -8.95870000  4.009100E+02  9.780311494198E+05
1238         -37.37500000   -8.95830000  4.439500E+02  9.780147994044E+05
1239         -37.01780000   -8.86640000  4.090100E+02  9.780388814007E+05
1240         -34.99460000   -8.44890000 -5.900000E-01  9.781547317671E+05
1241         -37.29050000   -8.79140000  6.610300E+02  9.779659009750E+05
1242         -35.02640000   -8.29150000  5.020000E+00  9.781470785538E+05
1243         -34.92790000   -7.79640000  7.184000E+01  9.781449890056E+05
1244         -36.12330000   -8.20440000  7.132000E+02  9.779494407992E+05
1245         -34.95152000   -8.05096400  2.018000E+01  9.781445513756E+05
1246         -34.87114000   -8.06316300 -2.269000E+00  9.781519408179E+05
1247         -40.56515000   -9.36503300  3.705050E+02  9.780358867408E+05
1248         -37.08832000   -8.40948100  6.372950E+02  9.779642937623E+05
1249         -38.29869000   -7.99188100  4.211950E+02  9.780004989705E+05
1250         -37.62568000   -8.08457400  5.520390E+02  9.779782149749E+05
1251         -36.24986000   -8.76802300  6.737640E+02  9.779647136511E+05
1252         -40.05089000   -8.60394900  3.836900E+02  9.780201858531E+05
1253         -40.99814000   -8.61397200  4.871630E+02  9.780063459638E+05
1254         -36.63847000   -8.37400300  6.990430E+02  9.779436054182E+05
1255         -39.57286000   -8.08845100  3.828870E+02  9.780200008886E+05
1256         -39.41411000   -8.08669300  4.048500E+02  9.780008402247E+05
1257         -40.22819000   -8.88596400  3.981560E+02  9.780159213326E+05
1258         -34.95229000   -8.05847000  3.938000E+00  9.781484377250E+05
1259         -35.07227000   -8.30714200  4.562100E+01  9.781408918440E+05
1260         -35.21513000   -8.36410700  9.024900E+01  9.781371361452E+05
1261         -35.26394000   -8.15434000  3.217720E+02  9.780638839473E+05
1262         -35.25559000   -8.30677900  9.019200E+01  9.781342431191E+05
1263         -35.11278000   -8.59390600  3.993100E+01  9.781641244353E+05
