LONG(deg) 	 LAT(deg) 	 ALT_GEOM(m) 	 GRAV(mGal)
-40.6467 	 -9.3475 	 392.11 	 978033.66
-39.926 	 -8.3673 	 371.38 	 978029.29
-35.8605 	 -8.298 	 532.37 	 977994.53
-40.6337 	 -9.1959 	 425.68 	 978021.55
-35.2381 	 -8.3628 	 103.88 	 978130.58
-35.2525 	 -8.3114 	 91.21 	 978127.12
-35.263 	 -8.2589 	 169.31 	 978106.84
-35.2649 	 -8.2044 	 294.53 	 978077.45
-35.2638 	 -8.1523 	 321.46 	 978065.58
-35.1452 	 -8.8991 	 -3.64 	 978193.77
-40.9605 	 -8.6766 	 463.27 	 978004.62
-40.8818 	 -8.7781 	 415.64 	 978010.67
-40.8244 	 -8.8252 	 403.24 	 978011.94
-35.1732 	 -8.7435 	 24.62 	 978179.01
-35.0637 	 -8.4002 	 4.16 	 978177.47
-35.0965 	 -8.4639 	 26.16 	 978180.1
-35.1243 	 -8.5133 	 18.28 	 978184.12
-35.0149 	 -8.3434 	 11.42 	 978162.13
-34.9839 	 -8.2387 	 5.81 	 978153.16
-34.9398 	 -8.1733 	 3.79 	 978147.19
-34.9946 	 -8.159 	 13.48 	 978161.33
-35.1414 	 -8.1751 	 104.94 	 978128.13
-35.1332 	 -8.2775 	 44.38 	 978151.55
-35.1433 	 -8.3401 	 84.43 	 978147.8
-35.0874 	 -8.3086 	 68.31 	 978155.3
-35.2078 	 -8.3601 	 97.24 	 978136.54
-40.7203 	 -8.9651 	 404.47 	 978009.75
-35.9935 	 -8.2998 	 544.46 	 977987.52
-35.6325 	 -8.2148 	 449.89 	 978017.18
-36.2832 	 -8.3343 	 616.29 	 977974.64
-34.9242 	 -8.12 	 3.0 	 978154.12
-34.8858 	 -8.0597 	 -2.6 	 978160.86
-34.9133 	 -8.0547 	 -1.37 	 978160.19
-34.9206 	 -8.0508 	 -0.47 	 978159.84
-34.9183 	 -8.1431 	 2.74 	 978149.68
-34.9181 	 -8.1389 	 2.9 	 978150.58
-34.9281 	 -8.1022 	 -0.65 	 978160.87
-34.9431 	 -8.0931 	 12.01 	 978161.16
-34.9339 	 -8.0897 	 3.35 	 978162.5
-34.9308 	 -8.0867 	 3.25 	 978161.97
-34.9225 	 -8.1264 	 2.77 	 978153.27
-34.9281 	 -8.1114 	 -0.51 	 978156.6
-34.92 	 -8.13 	 2.67 	 978152.38
-34.9175 	 -8.1317 	 3.18 	 978151.35
-34.9175 	 -8.1322 	 3.22 	 978151.27
-34.9175 	 -8.1325 	 3.14 	 978151.27
-34.9178 	 -8.1306 	 3.18 	 978151.49
-34.9211 	 -8.1544 	 6.12 	 978147.01
-34.9306 	 -8.1633 	 4.07 	 978147.25
-40.2981 	 -7.3581 	 808.99 	 977901.51
-40.5056 	 -9.3969 	 361.7 	 978041.33
-36.2358 	 -8.4878 	 530.78 	 978003.61
-36.2367 	 -8.4897 	 535.7 	 978002.63
-34.9183 	 -8.1342 	 2.42 	 978151.48
-34.9575 	 -8.1957 	 2.15 	 978150.28
-34.9431 	 -8.0678 	 -0.2 	 978161.2
-36.1367 	 -8.3233 	 547.26 	 977991.35
-36.2639 	 -8.5316 	 544.1 	 978010.41
-36.2742 	 -8.5558 	 544.11 	 978010.86
-36.2853 	 -8.5758 	 565.54 	 978007.07
-36.2992 	 -8.6158 	 605.7 	 977993.26
-36.3107 	 -8.6405 	 614.6 	 977990.15
-36.3582 	 -8.6648 	 658.66 	 977978.53
-36.3867 	 -8.6711 	 689.2 	 977970.96
-36.4289 	 -8.737 	 736.66 	 977967.34
-36.4289 	 -8.7628 	 707.48 	 977975.33
-36.4411 	 -8.7887 	 713.09 	 977976.09
-36.4542 	 -8.8068 	 677.15 	 977985.11
-36.4598 	 -8.8321 	 705.89 	 977980.34
-36.4644 	 -8.8599 	 783.95 	 977965.84
-36.3658 	 -8.8714 	 678.71 	 977987.31
-36.3592 	 -8.8681 	 681.81 	 977986.58
-36.3315 	 -8.8694 	 644.38 	 977992.34
-36.327 	 -8.6941 	 710.51 	 977970.48
-36.3822 	 -8.7436 	 737.72 	 977968.78
-36.3386 	 -8.7875 	 643.58 	 977989.72
-36.3577 	 -8.83 	 669.59 	 977985.85
-34.9896 	 -7.5137 	 125.08 	 978123.02
-37.6816 	 -8.0815 	 572.95 	 977968.08
-41.0133 	 -8.4622 	 549.04 	 977998.75
-37.1523 	 -8.4099 	 598.59 	 977964.18
-37.3218 	 -8.3354 	 510.82 	 977991.98
-37.7114 	 -8.0879 	 597.13 	 977965.33
-37.8771 	 -8.0448 	 573.09 	 977962.15
-35.7999 	 -8.2705 	 534.26 	 977994.64
-35.8246 	 -8.2925 	 548.27 	 977990.38
-35.8939 	 -8.2963 	 548.7 	 977989.53
-35.9313 	 -8.3048 	 583.17 	 977981.88
-35.9627 	 -8.3062 	 567.85 	 977983.19
-36.0247 	 -8.3087 	 567.15 	 977983.44
-36.0584 	 -8.3181 	 596.09 	 977978.56
-36.1114 	 -8.3224 	 550.05 	 977988.75
-36.1759 	 -8.3266 	 574.59 	 977986.37
-36.2254 	 -8.3295 	 583.35 	 977984.85
-36.2579 	 -8.3321 	 607.75 	 977977.79
-36.3188 	 -8.3393 	 639.39 	 977967.26
-35.7188 	 -8.2348 	 498.84 	 978003.8
-35.6915 	 -8.2252 	 489.81 	 978007.05
-35.6625 	 -8.2183 	 490.8 	 978008.65
-35.5375 	 -8.1952 	 467.34 	 978017.06
-35.5062 	 -8.1893 	 498.94 	 978011.41
-35.4319 	 -8.1599 	 261.53 	 978063.15
-35.3524 	 -8.1287 	 177.28 	 978090.32
-35.3092 	 -8.1435 	 147.35 	 978095.38
-36.305 	 -8.8743 	 652.73 	 977990.11
-36.2121 	 -8.8782 	 537.37 	 978015.97
-36.2108 	 -8.8486 	 621.15 	 977994.94
-36.2448 	 -8.7902 	 641.35 	 977990.35
-36.2547 	 -8.74 	 631.68 	 977990.91
-36.2719 	 -8.6922 	 597.79 	 977994.93
-36.2961 	 -8.6807 	 639.54 	 977984.18
-36.4238 	 -8.5468 	 605.39 	 977982.76
-36.4454 	 -8.5197 	 606.93 	 977980.42
-36.4446 	 -8.4423 	 655.02 	 977962.69
-36.4329 	 -8.4171 	 662.75 	 977959.17
-36.4231 	 -8.3872 	 592.99 	 977974.86
-36.2142 	 -8.6103 	 590.22 	 977994.88
-36.159 	 -8.5684 	 658.58 	 977977.14
-36.1239 	 -8.5362 	 471.96 	 978012.57
-36.025 	 -8.4783 	 431.9 	 978026.0
-36.6014 	 -8.6967 	 831.57 	 977936.21
-36.5735 	 -8.6588 	 770.71 	 977945.88
-36.5425 	 -8.6228 	 701.15 	 977958.28
-36.5177 	 -8.5827 	 642.72 	 977971.19
-36.482 	 -8.5509 	 635.88 	 977974.29
-36.1833 	 -8.8641 	 552.08 	 978011.18
-36.1306 	 -8.8473 	 554.89 	 978009.58
-36.0789 	 -8.8647 	 500.79 	 978027.19
-36.0144 	 -8.7883 	 593.41 	 977996.87
-36.0222 	 -8.7416 	 677.86 	 977978.99
-36.0251 	 -8.7019 	 694.4 	 977974.24
-36.0053 	 -8.6639 	 526.67 	 978005.49
-36.0057 	 -8.6269 	 441.53 	 978020.86
-36.052 	 -8.6371 	 623.35 	 977983.6
-36.0935 	 -8.6549 	 682.89 	 977971.53
-36.1188 	 -8.6906 	 737.31 	 977962.6
-36.4873 	 -8.7058 	 807.15 	 977947.57
-36.4523 	 -8.7147 	 750.62 	 977961.58
-36.1561 	 -8.7241 	 699.82 	 977974.71
-36.1737 	 -8.7365 	 689.9 	 977976.97
-36.2313 	 -8.732 	 626.53 	 977991.6
-36.2991 	 -8.7517 	 652.08 	 977987.36
-36.3347 	 -8.7431 	 629.95 	 977989.58
-36.3342 	 -8.7198 	 737.14 	 977966.46
-36.2185 	 -8.4676 	 554.98 	 977996.77
-36.2501 	 -8.5072 	 534.83 	 978009.56
-35.1586 	 -8.2273 	 97.17 	 978132.05
-38.2296 	 -8.0124 	 460.1 	 977988.95
-38.4451 	 -8.0023 	 432.25 	 977998.38
-38.4836 	 -8.0034 	 460.92 	 977989.6
-38.5725 	 -8.0132 	 432.82 	 977990.56
-38.8406 	 -8.0203 	 578.82 	 977969.79
-38.7633 	 -8.0252 	 498.33 	 977983.89
-38.677 	 -8.0055 	 511.72 	 977980.28
-39.2544 	 -8.0678 	 436.08 	 977992.15
-39.3021 	 -8.0738 	 410.02 	 977996.65
-39.3904 	 -8.0784 	 382.88 	 978007.84
-39.4955 	 -8.0863 	 429.6 	 977998.11
-39.6302 	 -8.1037 	 379.66 	 978024.29
-39.6846 	 -8.1441 	 391.76 	 978023.15
-39.7122 	 -8.1647 	 388.29 	 978021.45
-39.7692 	 -8.2074 	 383.16 	 978021.47
-39.8059 	 -8.235 	 398.44 	 978019.63
-39.8816 	 -8.2918 	 376.8 	 978029.58
-39.9068 	 -8.3297 	 388.86 	 978027.29
-39.9479 	 -8.41 	 406.2 	 978022.25
-40.5409 	 -9.3698 	 367.84 	 978039.65
-40.5654 	 -9.3281 	 380.82 	 978035.41
-40.5905 	 -9.2853 	 392.43 	 978033.27
-40.6157 	 -9.2422 	 407.56 	 978028.57
-40.6363 	 -9.147 	 430.58 	 978019.29
-40.6538 	 -9.0951 	 414.56 	 978018.84
-40.6771 	 -9.0498 	 416.79 	 978013.61
-40.9269 	 -8.7032 	 445.02 	 978007.72
-40.9045 	 -8.7403 	 455.34 	 978002.45
-40.8474 	 -8.8059 	 426.39 	 978008.89
-40.7879 	 -8.8533 	 417.15 	 978007.85
-40.7579 	 -8.8833 	 409.86 	 978008.91
-40.7397 	 -8.9242 	 431.03 	 978004.66
-40.9762 	 -8.6435 	 481.31 	 978000.32
-40.9943 	 -8.5611 	 527.3 	 977994.32
-34.9376 	 -7.7466 	 25.3 	 978155.55
-34.9221 	 -7.6998 	 49.86 	 978146.04
-34.9762 	 -7.6087 	 82.22 	 978138.17
-34.9034 	 -7.8912 	 14.52 	 978162.3
-35.2209 	 -8.116 	 162.05 	 978099.29
-35.1367 	 -8.1116 	 103.23 	 978123.86
-35.0623 	 -8.1086 	 72.04 	 978141.82
-34.9791 	 -8.107 	 24.29 	 978160.95
-36.3641 	 -8.3389 	 584.37 	 977977.1
-36.4087 	 -8.3489 	 608.2 	 977971.67
-36.4668 	 -8.3513 	 632.49 	 977961.44
-36.5113 	 -8.3555 	 679.97 	 977949.14
-36.6105 	 -8.3705 	 674.85 	 977943.63
-36.7308 	 -8.3804 	 625.32 	 977947.6
-35.7717 	 -8.2544 	 495.23 	 978002.34
-35.6024 	 -8.2052 	 463.98 	 978016.92
-35.2685 	 -8.1223 	 145.23 	 978100.07
-37.0202 	 -8.421 	 709.17 	 977933.03
-37.487 	 -8.1351 	 489.82 	 978005.35
-38.0777 	 -8.0399 	 496.1 	 977977.94
-38.2556 	 -7.9884 	 416.65 	 977998.77
-39.8457 	 -8.2649 	 360.2 	 978029.89
-40.7014 	 -9.0024 	 440.78 	 978005.05
-34.9452 	 -7.6532 	 81.1 	 978142.8
-36.772 	 -8.3971 	 607.11 	 977951.9
-36.8888 	 -8.4023 	 627.5 	 977945.61
-36.9765 	 -8.4153 	 735.81 	 977927.49
-40.6266 	 -7.464 	 754.82 	 977933.15
-36.9472 	 -8.5 	 572.76 	 977972.37
-36.9147 	 -8.5343 	 533.7 	 977991.71
-36.8719 	 -8.5816 	 517.39 	 978000.89
-36.7316 	 -8.4068 	 669.77 	 977944.79
-36.7942 	 -8.4839 	 656.24 	 977958.74
-36.8181 	 -8.5275 	 578.35 	 977979.99
-36.8392 	 -8.5442 	 547.24 	 977989.19
-36.867 	 -8.5254 	 504.19 	 977996.77
-36.9042 	 -8.6114 	 481.0 	 978012.13
-36.8743 	 -8.6522 	 501.61 	 978009.33
-36.9111 	 -8.6823 	 478.78 	 978018.18
-36.9483 	 -8.7069 	 467.28 	 978023.5
-36.9024 	 -8.7202 	 491.82 	 978018.28
-36.8586 	 -8.7377 	 483.6 	 978015.87
-36.8797 	 -8.7801 	 488.73 	 978018.05
-36.9146 	 -8.8128 	 438.47 	 978031.53
-36.9398 	 -8.8621 	 428.13 	 978040.12
-36.8364 	 -8.7035 	 516.02 	 978005.71
-36.8472 	 -8.6217 	 567.11 	 977991.61
-36.828 	 -8.6501 	 550.02 	 977994.47
-36.8083 	 -8.6744 	 521.79 	 977999.72
-36.8036 	 -8.68 	 543.41 	 977999.6
-36.7892 	 -8.6921 	 564.64 	 977990.94
-36.7852 	 -8.7112 	 706.77 	 977963.38
-36.77 	 -8.7207 	 836.11 	 977937.02
-36.7467 	 -8.7314 	 915.97 	 977921.37
-36.7255 	 -8.7364 	 899.98 	 977924.47
-36.6617 	 -8.7556 	 900.0 	 977926.03
-36.6249 	 -8.7753 	 841.01 	 977942.46
-36.6075 	 -8.7879 	 816.24 	 977949.23
-36.565 	 -8.8177 	 783.84 	 977959.33
-36.5179 	 -8.8489 	 809.53 	 977959.66
-36.5073 	 -8.8759 	 929.77 	 977935.35
-36.5848 	 -8.8845 	 823.66 	 977957.82
-36.5563 	 -8.8774 	 917.75 	 977937.96
-36.536 	 -8.8716 	 940.01 	 977932.57
-36.171 	 -8.3519 	 610.36 	 977973.85
-36.1724 	 -8.3754 	 615.12 	 977972.11
-36.1843 	 -8.4019 	 574.43 	 977982.78
-36.1938 	 -8.4193 	 565.29 	 977987.39
-36.2075 	 -8.4438 	 556.31 	 977993.89
-35.0734 	 -8.0174 	 132.48 	 978122.07
-35.0916 	 -8.0148 	 148.22 	 978116.32
-35.09 	 -8.0338 	 109.43 	 978125.64
-35.1067 	 -8.0339 	 110.84 	 978122.16
-35.1067 	 -8.0172 	 92.3 	 978124.98
-35.0572 	 -8.0012 	 40.83 	 978143.57
-35.0554 	 -8.0172 	 109.95 	 978128.89
-35.0575 	 -8.0332 	 135.47 	 978124.47
-35.0735 	 -8.0347 	 135.97 	 978122.16
-35.1069 	 -8.0507 	 127.87 	 978120.5
-35.1239 	 -8.0673 	 151.52 	 978113.42
-34.9239 	 -7.9493 	 69.78 	 978147.33
-34.9385 	 -7.9652 	 25.71 	 978156.44
-34.94 	 -7.9507 	 84.85 	 978144.21
-34.9727 	 -7.9675 	 95.47 	 978142.06
-34.9391 	 -7.9859 	 23.78 	 978153.58
-34.9621 	 -7.9832 	 89.21 	 978140.69
-34.9592 	 -7.9648 	 91.75 	 978142.43
-34.9584 	 -7.9998 	 39.29 	 978150.78
-34.9238 	 -8.0348 	 0.77 	 978157.5
-34.9082 	 -8.0347 	 -0.93 	 978157.84
-34.8731 	 -8.0342 	 -1.42 	 978159.99
-34.8742 	 -8.0509 	 -3.09 	 978161.05
-34.8903 	 -8.0502 	 -1.36 	 978159.3
-34.906 	 -8.0508 	 -2.81 	 978160.51
-34.9072 	 -8.0842 	 -3.01 	 978162.26
-34.9081 	 -8.0668 	 -2.87 	 978160.82
-34.9236 	 -8.0677 	 0.06 	 978159.8
-37.8354 	 -8.0485 	 553.51 	 977965.29
-40.0186 	 -8.5595 	 388.78 	 978021.1
-40.2654 	 -7.7612 	 507.9 	 977973.27
-40.632 	 -7.5786 	 785.79 	 977925.6
-40.6017 	 -7.5748 	 779.04 	 977924.09
-36.8483 	 -8.4812 	 517.88 	 977984.39
-36.0594 	 -8.49 	 449.02 	 978019.92
-35.0195 	 -8.1099 	 70.57 	 978146.92
-36.8176 	 -8.4058 	 592.96 	 977954.33
-37.199 	 -8.4064 	 607.08 	 977961.45
-37.5284 	 -8.1268 	 493.34 	 978002.29
-37.534 	 -8.1144 	 501.29 	 978000.12
-37.572 	 -8.0941 	 508.31 	 977996.61
-34.954 	 -8.0667 	 1.41 	 978160.46
-34.9899 	 -8.067 	 21.67 	 978156.83
-35.007 	 -8.0839 	 44.13 	 978152.91
-35.0234 	 -8.0834 	 67.3 	 978145.77
-35.0582 	 -8.1003 	 75.9 	 978141.15
-35.0407 	 -8.0839 	 78.44 	 978140.89
-35.0398 	 -8.0699 	 115.32 	 978130.87
-34.9903 	 -8.0835 	 25.42 	 978158.2
-34.9742 	 -8.0824 	 45.16 	 978154.58
-34.9728 	 -8.0345 	 28.83 	 978152.64
-34.9905 	 -8.0335 	 34.27 	 978150.68
-34.9233 	 -8.0847 	 -3.35 	 978163.41
-34.9399 	 -8.0843 	 1.71 	 978162.71
-34.8891 	 -8.085 	 -0.86 	 978161.32
-34.9076 	 -8.1005 	 -4.05 	 978157.26
-34.9236 	 -8.1012 	 -3.83 	 978160.07
-34.9396 	 -8.1003 	 -1.56 	 978163.47
-34.9402 	 -8.1173 	 5.87 	 978157.55
-34.9567 	 -8.0835 	 13.42 	 978159.68
-34.9549 	 -8.1032 	 75.78 	 978146.03
-34.9734 	 -8.1006 	 58.23 	 978152.73
-34.9067 	 -8.134 	 -3.14 	 978149.64
-34.9221 	 -8.1376 	 4.47 	 978151.61
-34.9396 	 -8.1338 	 52.87 	 978143.51
-34.9563 	 -8.1166 	 78.76 	 978144.1
-34.9726 	 -8.1174 	 16.85 	 978161.47
-34.9568 	 -8.1343 	 15.72 	 978156.88
-34.9742 	 -8.1331 	 33.31 	 978157.5
-34.9738 	 -8.1508 	 1.09 	 978163.42
-34.9569 	 -8.1506 	 -0.81 	 978158.41
-34.9247 	 -8.1508 	 15.45 	 978147.23
-34.9409 	 -8.1512 	 18.28 	 978150.02
-34.9569 	 -8.1671 	 -3.0 	 978156.2
-34.94 	 -8.1662 	 2.01 	 978149.86
-34.956 	 -8.1842 	 -3.38 	 978151.32
-34.9562 	 -8.201 	 -3.38 	 978150.2
-34.9571 	 -8.217 	 -4.12 	 978149.31
-34.9561 	 -8.2338 	 -4.13 	 978147.74
-34.9417 	 -8.2339 	 -4.08 	 978144.13
-34.9395 	 -8.1851 	 -4.73 	 978145.83
-34.9377 	 -8.1994 	 -4.33 	 978143.5
-34.9397 	 -8.2168 	 -4.58 	 978143.51
-34.924 	 -8.2178 	 -2.36 	 978139.46
-35.1578 	 -7.9682 	 96.85 	 978121.62
-35.1394 	 -7.9676 	 81.83 	 978125.22
-35.1074 	 -7.9818 	 55.66 	 978135.23
-35.0913 	 -7.9686 	 52.28 	 978136.96
-35.1398 	 -8.0341 	 135.25 	 978112.02
-35.1565 	 -8.0341 	 79.4 	 978121.99
-35.1558 	 -8.0174 	 74.39 	 978124.59
-35.1401 	 -8.0172 	 91.76 	 978124.56
-35.1232 	 -8.0169 	 64.96 	 978129.7
-35.1584 	 -7.9834 	 112.67 	 978117.02
-35.1595 	 -7.9991 	 121.2 	 978115.1
-35.14 	 -8.0001 	 61.1 	 978129.36
-35.1403 	 -7.9831 	 108.2 	 978119.29
-35.1219 	 -7.9682 	 64.57 	 978130.68
-35.1085 	 -7.9706 	 41.63 	 978137.43
-35.1234 	 -7.9837 	 93.76 	 978124.46
-35.1239 	 -8.0007 	 60.81 	 978132.43
-35.0898 	 -7.9838 	 53.62 	 978138.35
-35.1066 	 -8.0004 	 43.44 	 978139.15
-35.09 	 -8.0005 	 48.13 	 978138.95
-35.0752 	 -8.0002 	 63.82 	 978138.21
-35.0404 	 -7.8676 	 87.94 	 978134.34
-35.0402 	 -7.8507 	 70.07 	 978139.3
-35.0731 	 -7.8503 	 91.08 	 978130.98
-35.0579 	 -7.8509 	 56.72 	 978139.78
-35.056 	 -7.8675 	 73.76 	 978136.06
-34.9401 	 -8.0341 	 0.68 	 978157.54
-35.057 	 -7.8847 	 67.19 	 978138.22
-35.0068 	 -7.9344 	 110.12 	 978136.6
-35.1076 	 -7.9012 	 113.04 	 978124.69
-35.1236 	 -7.9011 	 84.78 	 978130.52
-35.1217 	 -7.9171 	 117.71 	 978122.45
-35.1401 	 -7.9177 	 129.94 	 978118.16
-35.1425 	 -7.9334 	 146.65 	 978113.78
-35.1551 	 -7.9322 	 95.61 	 978124.32
-35.1092 	 -7.9522 	 125.9 	 978119.07
-35.0062 	 -7.9181 	 111.13 	 978136.69
-34.9898 	 -7.9177 	 102.62 	 978139.9
-34.9743 	 -7.917 	 99.92 	 978141.06
-34.9576 	 -7.9191 	 93.96 	 978142.79
-34.9405 	 -7.9177 	 82.45 	 978145.69
-34.9238 	 -7.9176 	 77.81 	 978147.56
-35.1388 	 -8.0676 	 116.49 	 978118.46
-35.1571 	 -8.0838 	 199.38 	 978096.92
-35.2055 	 -8.1178 	 235.39 	 978087.07
-35.1901 	 -8.1171 	 232.35 	 978089.51
-35.19 	 -8.1005 	 155.2 	 978103.97
-35.1728 	 -8.0842 	 172.51 	 978101.21
-35.1882 	 -8.0844 	 158.13 	 978102.3
-35.1732 	 -8.1002 	 142.15 	 978108.73
-35.1079 	 -8.1006 	 105.85 	 978127.28
-35.1231 	 -8.1016 	 167.22 	 978112.22
-35.1392 	 -8.1009 	 140.29 	 978114.61
-35.1556 	 -8.1012 	 158.87 	 978108.1
-35.2079 	 -8.1009 	 124.33 	 978107.52
-35.2036 	 -8.0837 	 161.4 	 978101.86
-35.1925 	 -8.0658 	 147.88 	 978106.98
-35.0895 	 -8.0843 	 84.3 	 978131.42
-35.1063 	 -8.0844 	 77.31 	 978130.58
-35.1735 	 -8.1171 	 207.3 	 978097.34
-35.1567 	 -8.0673 	 123.06 	 978112.7
-35.1718 	 -8.0662 	 197.77 	 978096.66
-35.1716 	 -8.0541 	 113.06 	 978115.14
-35.1566 	 -8.0503 	 173.13 	 978102.97
-35.1408 	 -8.0503 	 150.09 	 978108.99
-35.1235 	 -8.034 	 129.59 	 978115.05
-35.1236 	 -8.0508 	 162.58 	 978110.09
-35.1399 	 -8.0838 	 142.82 	 978112.05
-35.1244 	 -8.0847 	 113.16 	 978121.0
-35.1232 	 -8.1158 	 90.74 	 978129.26
-35.1072 	 -8.1173 	 80.45 	 978134.17
-35.0923 	 -8.0982 	 98.25 	 978130.84
-35.072 	 -8.1003 	 80.2 	 978137.58
-35.0429 	 -8.0995 	 59.08 	 978146.78
-35.0892 	 -8.0501 	 89.24 	 978130.65
-35.073 	 -8.0511 	 123.36 	 978124.68
-35.0561 	 -8.0533 	 105.44 	 978128.47
-35.0586 	 -8.0676 	 84.31 	 978133.49
-35.0725 	 -8.0676 	 98.88 	 978129.17
-35.0556 	 -8.0812 	 69.31 	 978140.47
-35.0726 	 -8.0836 	 83.28 	 978134.67
-35.0903 	 -8.0673 	 94.5 	 978127.72
-35.1045 	 -8.0659 	 103.75 	 978124.53
-35.0421 	 -8.0163 	 61.36 	 978140.0
-35.0076 	 -8.0494 	 47.92 	 978145.88
-35.0733 	 -7.9841 	 42.9 	 978142.62
-35.0565 	 -7.9846 	 37.86 	 978146.93
-35.0236 	 -8.0014 	 24.23 	 978150.5
-35.0906 	 -7.9514 	 50.93 	 978136.21
-35.0903 	 -7.9337 	 89.24 	 978129.6
-35.1058 	 -7.9336 	 81.75 	 978130.97
-35.1251 	 -7.9338 	 136.25 	 978120.6
-35.1071 	 -7.9174 	 88.58 	 978129.73
-35.1597 	 -7.9497 	 121.81 	 978117.1
-35.1402 	 -7.9492 	 144.06 	 978114.17
-35.1205 	 -7.9507 	 87.84 	 978126.84
-34.8917 	 -7.7716 	 0.63 	 978164.44
-34.8924 	 -7.7807 	 1.44 	 978164.32
-34.9239 	 -7.7843 	 63.78 	 978148.5
-34.9081 	 -7.7502 	 8.52 	 978162.18
-34.8911 	 -7.734 	 -2.52 	 978167.31
-34.9253 	 -7.7492 	 29.78 	 978154.91
-34.9233 	 -7.6539 	 8.58 	 978158.3
-34.9406 	 -7.7009 	 7.51 	 978152.45
-34.9553 	 -7.7006 	 57.26 	 978142.63
-34.9394 	 -7.718 	 75.13 	 978138.21
-35.0067 	 -8.0341 	 25.66 	 978151.31
-35.0067 	 -8.0173 	 43.91 	 978148.5
-34.9907 	 -8.0022 	 74.04 	 978143.92
-35.0072 	 -7.9997 	 118.2 	 978133.41
-35.0232 	 -8.0173 	 32.0 	 978148.85
-35.0223 	 -8.0346 	 63.13 	 978142.71
-35.0397 	 -8.0011 	 32.49 	 978147.06
-35.0395 	 -8.0335 	 124.86 	 978127.16
-34.9926 	 -8.0536 	 9.43 	 978156.47
-35.008 	 -8.0676 	 43.53 	 978149.81
-35.0233 	 -8.0528 	 59.82 	 978141.69
-35.0382 	 -8.0513 	 104.39 	 978130.51
-35.0231 	 -8.0674 	 111.81 	 978133.81
-35.0413 	 -7.8341 	 73.96 	 978138.32
-35.1065 	 -7.8839 	 117.47 	 978124.12
-35.0894 	 -7.8688 	 82.4 	 978131.87
-35.0928 	 -7.888 	 135.62 	 978122.68
-35.0715 	 -7.9002 	 132.7 	 978124.35
-35.0873 	 -7.9012 	 130.21 	 978122.64
-35.0572 	 -7.9012 	 130.82 	 978126.52
-35.0741 	 -7.9148 	 83.37 	 978133.69
-35.0596 	 -7.9158 	 128.94 	 978125.09
-35.0398 	 -7.9191 	 119.79 	 978130.33
-35.0241 	 -7.9334 	 115.57 	 978133.3
-35.0224 	 -7.9008 	 117.04 	 978133.64
-35.0394 	 -7.9371 	 121.19 	 978130.61
-35.0213 	 -7.9163 	 118.06 	 978133.8
-35.0239 	 -7.9505 	 121.78 	 978133.29
-35.0077 	 -7.9674 	 106.49 	 978137.77
-35.0062 	 -7.7848 	 53.85 	 978145.67
-35.0246 	 -7.8504 	 118.33 	 978130.39
-35.0068 	 -7.8674 	 109.76 	 978133.3
-35.0222 	 -7.8676 	 117.49 	 978131.09
-35.0236 	 -7.884 	 87.92 	 978137.8
-35.0412 	 -7.8843 	 126.88 	 978127.09
-35.0073 	 -7.9509 	 110.07 	 978136.24
-34.9905 	 -7.9687 	 98.63 	 978141.02
-34.9899 	 -7.9845 	 102.77 	 978136.99
-34.9743 	 -7.9827 	 95.74 	 978139.47
-34.9739 	 -8.0015 	 91.71 	 978140.42
-34.9907 	 -8.018 	 38.7 	 978151.62
-34.9724 	 -8.0179 	 16.09 	 978158.57
-34.9559 	 -8.0176 	 32.2 	 978153.33
-35.007 	 -7.8512 	 109.88 	 978133.18
-34.9908 	 -7.8177 	 101.0 	 978134.39
-34.9906 	 -7.8343 	 103.76 	 978135.43
-34.9744 	 -7.8344 	 70.69 	 978143.92
-35.0075 	 -7.8337 	 106.03 	 978132.09
-35.0253 	 -7.8312 	 47.51 	 978145.28
-35.0219 	 -7.8176 	 26.84 	 978150.39
-35.008 	 -7.8011 	 108.45 	 978132.88
-35.0071 	 -7.7673 	 137.63 	 978125.25
-34.9906 	 -7.7676 	 117.87 	 978126.79
-35.0073 	 -7.8178 	 25.15 	 978150.95
-34.8723 	 -7.7549 	 -2.26 	 978166.31
-34.8904 	 -7.7513 	 -3.11 	 978165.87
-35.0094 	 -7.7532 	 38.78 	 978149.91
-34.9746 	 -7.7678 	 81.9 	 978139.86
-34.9874 	 -7.7523 	 33.87 	 978146.56
-34.9397 	 -7.7527 	 10.31 	 978158.36
-34.9397 	 -7.7343 	 71.59 	 978142.55
-34.9584 	 -7.7157 	 65.72 	 978139.08
-34.9734 	 -7.718 	 69.88 	 978137.07
-34.9568 	 -7.7345 	 44.4 	 978148.54
-34.9574 	 -7.7513 	 80.39 	 978141.84
-34.9737 	 -7.7506 	 104.54 	 978136.15
-34.9915 	 -7.7355 	 94.96 	 978131.1
-34.9727 	 -7.7359 	 76.15 	 978141.32
-34.9577 	 -7.7669 	 77.06 	 978142.74
-34.906 	 -7.9342 	 55.48 	 978151.34
-34.9229 	 -7.9362 	 19.19 	 978159.34
-34.9402 	 -7.9342 	 40.73 	 978154.4
-34.9586 	 -7.9337 	 87.8 	 978143.72
-34.9698 	 -7.9344 	 96.18 	 978141.87
-34.9902 	 -7.9343 	 82.02 	 978143.99
-35.0381 	 -7.8972 	 104.5 	 978134.24
-34.9904 	 -7.8677 	 103.75 	 978135.61
-34.9776 	 -7.8676 	 93.91 	 978138.09
-34.957 	 -7.8676 	 17.78 	 978156.64
-34.9409 	 -7.8703 	 10.73 	 978159.93
-34.9401 	 -7.8843 	 16.22 	 978158.61
-34.9549 	 -7.8863 	 25.74 	 978155.79
-34.9745 	 -7.8828 	 99.78 	 978139.11
-34.9905 	 -7.884 	 105.18 	 978137.03
-35.0053 	 -7.8847 	 109.15 	 978134.97
-35.0044 	 -7.8992 	 102.24 	 978138.47
-34.9903 	 -7.9468 	 100.47 	 978139.78
-34.9732 	 -7.9482 	 99.93 	 978140.46
-34.9566 	 -7.9518 	 93.96 	 978141.9
-34.9234 	 -7.9037 	 67.79 	 978148.88
-34.9401 	 -7.9013 	 85.15 	 978144.6
-34.9585 	 -7.898 	 94.42 	 978141.58
-34.9735 	 -7.901 	 100.89 	 978141.02
-34.9903 	 -7.9031 	 103.8 	 978139.37
-35.0888 	 -7.9181 	 53.83 	 978139.02
-35.0566 	 -7.934 	 118.44 	 978128.1
-35.0401 	 -7.9511 	 127.35 	 978129.87
-35.0568 	 -7.9674 	 47.0 	 978143.25
-35.0735 	 -7.9675 	 50.15 	 978139.58
-35.0239 	 -7.9676 	 123.27 	 978133.76
-35.0083 	 -7.9834 	 71.43 	 978144.52
-35.0232 	 -7.985 	 104.71 	 978136.39
-35.0404 	 -7.9842 	 36.12 	 978148.6
-35.0731 	 -7.9345 	 63.34 	 978137.59
-35.0734 	 -7.9512 	 58.46 	 978137.67
-35.0571 	 -7.951 	 58.74 	 978140.6
-35.0406 	 -7.9669 	 57.22 	 978143.78
-34.878 	 -7.6513 	 15.25 	 978160.68
-34.8897 	 -7.6504 	 54.1 	 978151.3
-34.9055 	 -7.6682 	 9.21 	 978160.13
-34.8795 	 -7.6144 	 -1.61 	 978163.26
-34.974 	 -7.7839 	 9.06 	 978156.09
-34.9922 	 -7.7998 	 17.98 	 978153.57
-34.9895 	 -7.7824 	 101.66 	 978131.76
-35.0227 	 -7.7845 	 128.06 	 978129.28
-35.0227 	 -7.8009 	 88.54 	 978138.69
-34.9763 	 -7.799 	 44.19 	 978147.89
-34.8398 	 -7.8512 	 -2.86 	 978168.5
-34.8385 	 -7.867 	 -1.6 	 978168.5
-34.855 	 -7.882 	 6.77 	 978166.42
-34.8381 	 -7.8844 	 -3.57 	 978169.36
-34.84 	 -7.9011 	 -0.07 	 978167.3
-34.8423 	 -7.9187 	 -1.38 	 978166.79
-34.8239 	 -7.9178 	 -0.92 	 978165.98
-34.8235 	 -7.9345 	 -2.9 	 978166.28
-34.8904 	 -7.8841 	 7.25 	 978164.43
-34.8721 	 -7.8853 	 5.21 	 978166.04
-34.856 	 -7.8674 	 13.62 	 978164.57
-34.8749 	 -7.8684 	 8.91 	 978164.76
-34.8895 	 -7.8653 	 31.24 	 978158.92
-34.9392 	 -7.8358 	 88.68 	 978143.94
-34.9243 	 -7.8824 	 76.03 	 978146.33
-34.9071 	 -7.8845 	 20.37 	 978160.34
-34.9072 	 -7.9011 	 57.78 	 978151.84
-34.8729 	 -7.9511 	 27.58 	 978159.53
-34.8567 	 -7.9344 	 -0.56 	 978166.12
-34.8578 	 -7.918 	 3.63 	 978164.94
-34.8742 	 -7.9326 	 -0.62 	 978164.23
-34.8899 	 -7.9344 	 7.46 	 978161.77
-34.8569 	 -7.9504 	 -0.11 	 978166.58
-34.8903 	 -7.7013 	 2.96 	 978162.75
-34.9064 	 -7.7011 	 28.12 	 978153.96
-34.9247 	 -7.7164 	 53.69 	 978145.44
-34.9077 	 -7.7163 	 14.18 	 978158.64
-34.9069 	 -7.7344 	 15.94 	 978160.0
-34.8904 	 -7.7202 	 -2.62 	 978165.85
-34.8732 	 -7.7174 	 -2.14 	 978166.89
-34.8788 	 -7.73 	 -1.88 	 978167.73
-34.9234 	 -7.7341 	 12.77 	 978158.28
-34.9392 	 -7.7683 	 8.31 	 978160.13
-34.9578 	 -7.7836 	 64.8 	 978145.22
-34.9404 	 -7.7844 	 34.22 	 978153.62
-34.9238 	 -7.8342 	 14.06 	 978161.81
-34.9067 	 -7.818 	 20.17 	 978159.98
-34.8904 	 -7.8181 	 -2.96 	 978166.35
-34.8911 	 -7.806 	 -4.84 	 978165.96
-34.8898 	 -7.8512 	 1.98 	 978166.01
-34.8709 	 -7.8209 	 -3.25 	 978167.87
-34.8579 	 -7.8203 	 -1.81 	 978168.12
-34.8574 	 -7.8344 	 55.41 	 978155.14
-34.8732 	 -7.8542 	 22.64 	 978161.66
-34.8741 	 -7.8339 	 13.97 	 978165.35
-34.8897 	 -7.8335 	 0.31 	 978166.35
-34.8566 	 -7.8504 	 49.23 	 978155.4
-34.9229 	 -7.8678 	 9.57 	 978162.25
-34.9066 	 -7.8673 	 23.9 	 978160.03
-34.9234 	 -7.8522 	 10.31 	 978163.09
-34.9412 	 -7.8512 	 56.01 	 978150.92
-34.9588 	 -7.85 	 32.25 	 978154.21
-34.9731 	 -7.8513 	 100.54 	 978136.89
-34.9907 	 -7.8507 	 107.32 	 978135.24
-34.9231 	 -7.7007 	 51.91 	 978145.21
-34.9237 	 -7.6839 	 42.5 	 978149.03
-34.9064 	 -7.651 	 37.7 	 978152.85
-34.8912 	 -7.6659 	 0.46 	 978162.53
-34.8593 	 -7.6862 	 -2.98 	 978165.44
-34.8704 	 -7.6842 	 -2.12 	 978164.1
-34.8736 	 -7.7016 	 -0.15 	 978164.56
-34.8899 	 -7.6843 	 5.81 	 978161.49
-34.8787 	 -7.6732 	 -0.35 	 978163.59
-34.8741 	 -7.769 	 2.55 	 978165.65
-34.856 	 -7.767 	 5.36 	 978166.15
-34.8386 	 -7.7675 	 12.03 	 978165.2
-34.8407 	 -7.7845 	 0.0 	 978167.98
-34.84 	 -7.801 	 -2.33 	 978169.07
-34.8572 	 -7.75 	 16.85 	 978162.7
-34.9236 	 -7.8174 	 50.35 	 978151.75
-34.9397 	 -7.8185 	 83.46 	 978142.96
-34.957 	 -7.8345 	 86.16 	 978142.6
-34.9054 	 -7.8518 	 23.38 	 978161.66
-34.9413 	 -7.8006 	 79.62 	 978144.1
-34.9577 	 -7.8011 	 77.73 	 978142.69
-34.9739 	 -7.8177 	 98.82 	 978137.42
-34.9585 	 -7.815 	 66.57 	 978145.34
-34.9235 	 -7.7989 	 63.56 	 978148.8
-34.908 	 -7.8001 	 9.31 	 978161.97
-34.9077 	 -7.7842 	 21.72 	 978158.96
-34.9072 	 -7.7676 	 9.53 	 978161.47
-34.9226 	 -7.7678 	 50.12 	 978151.77
-34.889 	 -8.1013 	 -3.17 	 978154.83
-34.9085 	 -8.1172 	 -3.48 	 978153.54
-34.9079 	 -8.1515 	 -1.91 	 978145.31
-34.9233 	 -8.1682 	 -1.33 	 978144.66
-34.9237 	 -8.184 	 -3.23 	 978141.1
-34.9237 	 -8.2006 	 -0.94 	 978139.43
-34.9568 	 -8.0506 	 3.29 	 978159.57
-34.9568 	 -8.0345 	 0.54 	 978159.27
-34.9401 	 -8.0507 	 2.08 	 978158.85
-34.9408 	 -8.0347 	 1.48 	 978157.39
-34.9238 	 -8.0508 	 -0.1 	 978159.73
-34.8405 	 -7.7174 	 2.89 	 978165.31
-34.8386 	 -7.7009 	 2.49 	 978165.09
-34.8513 	 -7.7403 	 50.3 	 978154.3
-34.8397 	 -7.7515 	 24.26 	 978161.93
-34.8361 	 -7.7353 	 1.39 	 978166.86
-34.858 	 -7.7851 	 49.96 	 978155.72
-34.8576 	 -7.8039 	 46.91 	 978156.91
-34.8752 	 -7.785 	 3.46 	 978165.45
-34.8692 	 -7.7978 	 59.48 	 978153.35
-34.8522 	 -8.0183 	 18.17 	 978160.76
-34.8911 	 -7.6131 	 0.94 	 978160.71
-34.8601 	 -7.6002 	 26.1 	 978158.34
-34.84 	 -7.5996 	 50.88 	 978154.09
-34.8374 	 -7.6638 	 -3.24 	 978164.65
-34.8363 	 -7.6504 	 -3.37 	 978165.92
-34.8234 	 -7.6502 	 -1.8 	 978166.26
-34.8247 	 -7.6325 	 38.97 	 978158.69
-34.8397 	 -7.6374 	 -3.89 	 978167.36
-34.8235 	 -7.6162 	 32.16 	 978160.31
-34.8412 	 -7.6172 	 15.82 	 978163.05
-34.8544 	 -7.6663 	 -0.37 	 978164.49
-34.8525 	 -7.6507 	 -1.31 	 978164.61
-34.871 	 -7.6353 	 0.3 	 978162.57
-34.8578 	 -7.6165 	 -4.42 	 978165.51
-34.8557 	 -7.6336 	 2.22 	 978164.89
-35.0237 	 -8.2512 	 8.81 	 978162.08
-35.0387 	 -8.2515 	 10.89 	 978161.71
-35.0391 	 -8.2335 	 23.73 	 978159.45
-35.0555 	 -8.248 	 23.3 	 978159.5
-35.0583 	 -8.236 	 80.52 	 978147.83
-35.0765 	 -8.2355 	 72.24 	 978149.21
-35.0747 	 -8.2503 	 63.07 	 978150.89
-35.0897 	 -8.2348 	 72.75 	 978146.7
-35.09 	 -8.2177 	 73.3 	 978144.56
-35.0056 	 -8.2508 	 9.39 	 978156.73
-35.1071 	 -8.2337 	 124.23 	 978133.04
-35.1223 	 -8.2341 	 86.59 	 978140.15
-35.1401 	 -8.2338 	 85.17 	 978138.31
-35.1405 	 -8.2007 	 87.26 	 978134.62
-35.1238 	 -8.2174 	 106.1 	 978134.91
-35.19 	 -8.1342 	 142.21 	 978109.96
-35.2033 	 -8.1329 	 199.63 	 978096.11
-35.2039 	 -8.1499 	 235.83 	 978091.2
-35.1898 	 -8.1506 	 191.3 	 978101.29
-35.19 	 -8.1664 	 339.33 	 978071.87
-35.1756 	 -8.1658 	 205.7 	 978099.85
-35.1733 	 -8.1345 	 99.23 	 978120.29
-34.6418 	 -8.0692 	 15.74 	 978159.16
-34.8403 	 -7.9677 	 -0.05 	 978165.37
-34.8559 	 -7.9654 	 18.57 	 978161.48
-34.8733 	 -7.9666 	 3.22 	 978163.99
-34.8565 	 -7.9841 	 1.01 	 978164.95
-34.8405 	 -7.9839 	 -3.11 	 978165.12
-34.8901 	 -7.9167 	 10.81 	 978162.43
-34.8728 	 -7.9003 	 58.53 	 978152.19
-34.8902 	 -7.9 	 11.75 	 978162.66
-34.9068 	 -7.9173 	 12.58 	 978161.89
-34.8691 	 -7.9169 	 13.17 	 978162.12
-34.8437 	 -7.9338 	 3.12 	 978165.48
-34.8569 	 -7.9985 	 15.54 	 978163.14
-34.8567 	 -8.0177 	 -3.01 	 978164.89
-34.8406 	 -7.9996 	 -1.73 	 978166.74
-34.8383 	 -7.9513 	 -3.2 	 978166.41
-34.8744 	 -8.0171 	 -3.06 	 978162.26
-34.8906 	 -8.0169 	 0.99 	 978161.18
-34.8909 	 -8.0337 	 -2.35 	 978159.26
-34.8554 	 -7.9041 	 -1.63 	 978167.42
-34.8891 	 -7.9506 	 33.17 	 978157.67
-34.9085 	 -7.9504 	 48.64 	 978152.25
-34.8736 	 -8.0002 	 10.34 	 978162.67
-34.8903 	 -8.0006 	 1.73 	 978163.77
-34.9066 	 -8.0005 	 38.9 	 978153.67
-34.8897 	 -7.9839 	 53.11 	 978150.72
-34.89 	 -7.9675 	 43.66 	 978154.24
-34.9053 	 -7.9686 	 62.39 	 978149.51
-34.9248 	 -7.9658 	 66.31 	 978148.11
-34.9233 	 -7.9841 	 72.72 	 978143.31
-34.9074 	 -7.984 	 58.99 	 978147.59
-34.9388 	 -8.0011 	 33.84 	 978150.86
-34.9402 	 -8.0154 	 10.19 	 978158.33
-34.874 	 -7.9851 	 40.52 	 978154.43
-34.9073 	 -8.0152 	 12.51 	 978159.09
-34.9241 	 -7.9996 	 27.57 	 978154.29
-34.9234 	 -8.0174 	 39.54 	 978152.32
-34.9078 	 -7.6352 	 62.75 	 978146.6
-34.8923 	 -7.6355 	 6.88 	 978160.2
-34.9077 	 -7.6828 	 14.12 	 978157.66
-34.9242 	 -7.6678 	 73.95 	 978144.61
-35.0561 	 -8.201 	 90.38 	 978143.72
-35.0569 	 -8.2177 	 82.04 	 978146.45
-35.0395 	 -8.2166 	 103.75 	 978143.11
-35.024 	 -8.2342 	 44.44 	 978156.1
-35.0231 	 -8.2173 	 73.82 	 978150.58
-35.0065 	 -8.2163 	 80.91 	 978149.61
-35.007 	 -8.2341 	 23.69 	 978159.82
-34.9891 	 -8.2185 	 -0.11 	 978164.3
-35.0898 	 -8.2006 	 111.12 	 978134.3
-35.0896 	 -8.184 	 128.98 	 978129.68
-35.073 	 -8.1667 	 103.59 	 978135.66
-35.073 	 -8.1835 	 102.79 	 978137.57
-35.0576 	 -8.166 	 87.58 	 978141.41
-35.0398 	 -8.1671 	 89.6 	 978143.96
-35.0571 	 -8.1843 	 91.88 	 978141.75
-35.0384 	 -8.1851 	 107.14 	 978141.09
-35.023 	 -8.1839 	 81.4 	 978147.73
-35.0233 	 -8.2003 	 83.87 	 978147.79
-35.0399 	 -8.2008 	 99.55 	 978142.64
-35.0227 	 -8.1315 	 68.63 	 978147.62
-35.158 	 -8.1175 	 105.46 	 978120.6
-35.14 	 -8.1167 	 111.16 	 978121.97
-35.1577 	 -8.1314 	 109.99 	 978120.2
-35.139 	 -8.1324 	 104.73 	 978124.13
-35.1579 	 -8.1502 	 219.63 	 978098.12
-35.1721 	 -8.1515 	 222.93 	 978096.4
-35.1395 	 -8.151 	 149.25 	 978113.97
-35.1395 	 -8.1667 	 134.98 	 978120.34
-35.157 	 -8.1671 	 96.81 	 978125.1
-35.174 	 -8.1822 	 109.49 	 978121.85
-35.1567 	 -8.1838 	 96.55 	 978128.34
-35.1562 	 -8.2016 	 89.43 	 978131.59
-35.1399 	 -8.1833 	 96.69 	 978130.82
-35.1242 	 -8.1669 	 102.33 	 978130.23
-35.1232 	 -8.1512 	 87.34 	 978131.58
-35.1221 	 -8.1331 	 143.77 	 978119.55
-35.0895 	 -8.1175 	 86.65 	 978134.98
-35.0749 	 -8.1165 	 78.0 	 978139.0
-35.06 	 -8.1166 	 46.96 	 978147.74
-35.0409 	 -8.117 	 56.83 	 978148.13
-35.0235 	 -8.1173 	 38.5 	 978154.5
-35.0059 	 -8.1166 	 36.64 	 978156.05
-35.0234 	 -8.1002 	 107.22 	 978138.54
-35.0047 	 -8.1048 	 61.68 	 978150.82
-35.0074 	 -8.1334 	 91.63 	 978143.77
-34.99 	 -8.1339 	 51.66 	 978154.02
-34.9901 	 -8.1178 	 66.29 	 978150.42
-34.9905 	 -8.1006 	 57.93 	 978153.03
-35.1073 	 -8.1301 	 135.44 	 978122.53
-35.0914 	 -8.1348 	 114.91 	 978129.86
-35.0753 	 -8.1323 	 125.35 	 978129.33
-35.0735 	 -8.1505 	 98.95 	 978136.24
-35.0927 	 -8.1494 	 116.45 	 978130.11
-35.1071 	 -8.1506 	 122.05 	 978126.99
-35.1066 	 -8.167 	 99.46 	 978133.4
-35.0936 	 -8.1653 	 189.23 	 978115.55
-35.0562 	 -8.15 	 88.31 	 978141.05
-35.0554 	 -8.131 	 97.68 	 978137.77
-35.04 	 -8.1352 	 68.86 	 978146.46
-34.9733 	 -8.1669 	 0.98 	 978162.98
-34.9905 	 -8.1509 	 38.18 	 978155.37
-34.9921 	 -8.1669 	 45.89 	 978154.35
-35.0054 	 -8.1664 	 6.33 	 978162.8
-35.0079 	 -8.1504 	 58.04 	 978152.02
-35.6251 	 -7.8745 	 435.83 	 978015.57
-35.6197 	 -7.9559 	 178.25 	 978067.79
-35.6219 	 -8.1242 	 239.71 	 978060.27
-35.6253 	 -8.0397 	 277.51 	 978056.28
-35.4582 	 -7.8751 	 251.22 	 978066.82
-35.2912 	 -7.9581 	 143.47 	 978104.84
-35.2923 	 -7.8743 	 81.88 	 978116.74
-35.3749 	 -7.8752 	 132.02 	 978100.29
-35.5416 	 -7.7904 	 279.03 	 978050.95
-35.5454 	 -7.9578 	 163.34 	 978081.79
-35.5437 	 -8.0426 	 187.21 	 978079.77
-35.5408 	 -8.1215 	 215.79 	 978073.97
-35.4583 	 -8.0404 	 180.34 	 978076.81
-35.4616 	 -7.9571 	 224.87 	 978074.83
-35.878 	 -7.7921 	 453.41 	 978006.45
-35.9588 	 -7.7928 	 491.45 	 977996.03
-35.7904 	 -7.7913 	 470.98 	 978003.64
-36.1853 	 -7.7897 	 529.68 	 977980.44
-36.1287 	 -7.7907 	 557.91 	 977976.06
-36.0603 	 -7.7961 	 453.44 	 977998.9
-35.0231 	 -8.3015 	 15.48 	 978157.67
-35.0414 	 -8.2675 	 33.19 	 978157.38
-34.9893 	 -8.2173 	 -3.43 	 978158.5
-34.9759 	 -8.2348 	 -3.49 	 978153.39
-34.9708 	 -8.2187 	 -3.0 	 978155.99
-34.9424 	 -8.2495 	 -2.25 	 978145.73
-35.0238 	 -8.333 	 8.54 	 978163.23
-35.0436 	 -8.3337 	 20.78 	 978166.49
-35.0571 	 -8.3345 	 105.98 	 978150.89
-35.0572 	 -8.3163 	 49.61 	 978161.16
-35.0578 	 -8.2986 	 74.8 	 978151.98
-35.0705 	 -8.3182 	 124.31 	 978144.63
-35.0717 	 -8.3354 	 72.83 	 978157.83
-34.9732 	 -8.4005 	 -2.61 	 978163.83
-36.1228 	 -8.1237 	 448.17 	 977998.06
-36.0435 	 -8.1204 	 509.23 	 977976.53
-35.9587 	 -8.2083 	 645.0 	 977958.79
-35.958 	 -8.1259 	 592.25 	 977962.91
-36.0433 	 -8.0425 	 374.59 	 978010.2
-36.1267 	 -7.9587 	 419.84 	 977997.74
-36.1242 	 -7.8733 	 484.85 	 977986.69
-36.0399 	 -7.8739 	 495.77 	 977985.03
-36.045 	 -7.9589 	 690.81 	 977943.19
-35.9595 	 -7.8753 	 408.28 	 978005.08
-35.8759 	 -7.8708 	 476.12 	 977997.96
-35.796 	 -7.874 	 408.04 	 978015.02
-35.875 	 -8.2086 	 697.52 	 977953.84
-35.8747 	 -8.1236 	 405.39 	 978012.38
-35.7939 	 -8.1242 	 416.25 	 978016.96
-35.0231 	 -8.1514 	 104.23 	 978140.76
-35.0398 	 -8.1507 	 85.64 	 978143.58
-35.0255 	 -8.1677 	 89.45 	 978143.96
-35.0062 	 -8.1841 	 95.05 	 978145.37
-34.9928 	 -8.1835 	 60.07 	 978152.32
-34.9935 	 -8.2025 	 14.63 	 978163.08
-35.0062 	 -8.2004 	 86.67 	 978148.0
-34.9718 	 -8.1846 	 6.78 	 978160.72
-35.1229 	 -8.2004 	 126.15 	 978128.73
-35.1229 	 -8.1843 	 78.67 	 978136.83
-35.1069 	 -8.1841 	 123.09 	 978128.71
-35.1053 	 -8.2003 	 91.44 	 978137.55
-35.1066 	 -8.2173 	 93.12 	 978138.95
-35.0729 	 -8.2173 	 59.75 	 978149.93
-35.0731 	 -8.2046 	 85.76 	 978142.77
-35.0736 	 -8.434 	 13.33 	 978178.81
-35.0908 	 -8.4178 	 24.74 	 978173.91
-35.073 	 -8.4171 	 4.79 	 978178.32
-35.0568 	 -8.4172 	 24.18 	 978173.06
-35.0405 	 -8.4171 	 -2.05 	 978171.86
-35.04 	 -8.3688 	 4.21 	 978173.72
-35.0544 	 -8.3533 	 54.98 	 978164.44
-35.0396 	 -8.3503 	 8.77 	 978169.66
-35.0233 	 -8.3503 	 3.7 	 978167.04
-35.0067 	 -8.3335 	 5.13 	 978161.76
-35.0207 	 -8.3152 	 15.99 	 978158.77
-35.0398 	 -8.3006 	 8.69 	 978162.27
-35.0363 	 -8.3162 	 44.16 	 978155.71
-35.0064 	 -8.2675 	 7.38 	 978156.33
-35.0081 	 -8.3517 	 23.85 	 978159.72
-35.0733 	 -8.4 	 1.17 	 978177.88
-35.0898 	 -8.4011 	 30.31 	 978169.86
-35.1067 	 -8.4002 	 19.88 	 978171.51
-35.0903 	 -8.3838 	 40.1 	 978167.3
-35.074 	 -8.3835 	 57.11 	 978164.72
-35.057 	 -8.4005 	 2.13 	 978177.74
-34.9745 	 -8.3862 	 -1.58 	 978165.51
-35.0569 	 -8.3661 	 74.22 	 978161.23
-35.0397 	 -8.3843 	 10.64 	 978169.81
-35.0264 	 -8.3677 	 8.53 	 978167.09
-35.04 	 -8.401 	 4.43 	 978170.63
-35.0242 	 -8.4167 	 -4.26 	 978166.32
-35.0223 	 -8.4049 	 -5.05 	 978166.97
-34.8517 	 -7.7005 	 -1.64 	 978165.25
-34.9322 	 -8.0988 	 2.22 	 978162.38
-35.0033 	 -8.4909 	 -3.91 	 978166.55
-34.9911 	 -8.3171 	 5.5 	 978160.53
-34.9901 	 -8.3334 	 5.19 	 978163.1
-34.9741 	 -8.3373 	 6.47 	 978165.96
-34.9724 	 -8.352 	 1.79 	 978168.52
-34.9564 	 -8.3508 	 29.7 	 978165.24
-34.9567 	 -8.3333 	 24.01 	 978169.79
-34.9686 	 -8.3192 	 33.64 	 978158.82
-34.9556 	 -8.3174 	 3.13 	 978169.66
-34.973 	 -8.3674 	 -1.26 	 978168.1
-34.9861 	 -8.3469 	 2.26 	 978165.5
-34.9569 	 -8.3015 	 15.43 	 978159.95
-34.9559 	 -8.2846 	 9.44 	 978153.61
-34.9542 	 -8.2683 	 2.73 	 978150.33
-34.9734 	 -8.2991 	 8.4 	 978157.94
-34.9733 	 -8.2838 	 -3.67 	 978155.85
-35.7911 	 -8.0383 	 363.87 	 978024.15
-35.7059 	 -8.1226 	 365.96 	 978031.33
-35.9603 	 -7.9584 	 352.26 	 978015.74
-35.959 	 -8.0371 	 395.46 	 978009.37
-35.8734 	 -8.0403 	 369.01 	 978020.49
-35.8709 	 -7.958 	 454.23 	 977999.5
-35.7918 	 -7.9567 	 352.65 	 978023.91
-35.7087 	 -7.8757 	 331.16 	 978033.37
-35.7084 	 -7.9572 	 233.33 	 978052.64
-35.7116 	 -8.0448 	 304.84 	 978041.32
-36.4864 	 -8.887 	 862.83 	 977950.03
-35.379 	 -7.9589 	 171.95 	 978091.56
-35.2919 	 -8.0409 	 287.55 	 978074.02
-35.3746 	 -8.0416 	 185.03 	 978088.74
-35.2086 	 -8.0387 	 174.8 	 978100.16
-35.208 	 -7.9587 	 126.9 	 978114.51
-35.2087 	 -7.8748 	 104.65 	 978118.39
-35.542 	 -7.8761 	 233.52 	 978061.17
-35.9576 	 -8.4578 	 412.52 	 978028.54
-35.9608 	 -8.3747 	 527.52 	 977997.56
-36.0441 	 -8.541 	 456.3 	 978018.81
-35.9588 	 -8.5428 	 511.39 	 978005.15
-35.9582 	 -8.6258 	 442.3 	 978023.68
-35.9572 	 -8.7059 	 738.38 	 977964.42
-36.7923 	 -8.7911 	 553.08 	 978000.78
-36.8744 	 -8.873 	 488.23 	 978023.14
-36.8745 	 -8.9578 	 423.65 	 978036.49
-36.7918 	 -8.962 	 516.05 	 978018.48
-37.5418 	 -8.9588 	 598.38 	 977985.97
-37.4592 	 -8.9593 	 489.76 	 978011.05
-37.209 	 -9.2102 	 306.55 	 978061.59
-37.125 	 -9.2082 	 333.21 	 978057.45
-37.2889 	 -9.0442 	 385.62 	 978047.15
-37.2086 	 -9.0417 	 421.94 	 978037.34
-37.0439 	 -9.2883 	 232.46 	 978078.58
-36.9609 	 -9.2924 	 325.37 	 978062.3
-36.7072 	 -8.9578 	 861.11 	 977951.57
-36.6247 	 -8.9575 	 830.42 	 977959.18
-36.5397 	 -8.9575 	 725.61 	 977981.02
-36.4589 	 -9.0433 	 580.47 	 978006.29
-36.3733 	 -9.0433 	 590.06 	 978006.57
-36.621 	 -9.2108 	 747.57 	 977990.37
-36.5402 	 -9.2016 	 419.97 	 978052.64
-36.6244 	 -9.2942 	 553.55 	 978041.62
-36.7064 	 -9.1233 	 641.57 	 978008.3
-36.6278 	 -9.0431 	 694.16 	 977987.25
-36.7075 	 -9.0431 	 696.62 	 977988.64
-36.7922 	 -9.1239 	 396.64 	 978052.31
-36.7889 	 -9.2083 	 368.55 	 978062.5
-36.7086 	 -9.2072 	 684.18 	 978008.15
-36.5433 	 -9.0411 	 660.1 	 977989.08
-36.7825 	 -9.0408 	 605.49 	 978004.27
-36.875 	 -9.1247 	 362.3 	 978055.85
-36.8744 	 -9.2061 	 361.23 	 978057.42
-36.9542 	 -9.2086 	 282.4 	 978071.32
-36.9583 	 -9.1278 	 347.16 	 978058.13
-36.8756 	 -9.0408 	 478.51 	 978031.25
-36.4633 	 -8.955 	 686.53 	 977985.6
-36.3758 	 -8.9586 	 697.82 	 977982.46
-36.29 	 -8.9589 	 555.36 	 978010.17
-36.1261 	 -8.7914 	 745.05 	 977964.23
-35.0563 	 -8.3838 	 30.07 	 978171.19
-34.9714 	 -8.271 	 10.11 	 978150.32
-34.9941 	 -8.3001 	 0.06 	 978158.51
-35.0045 	 -8.3171 	 11.95 	 978158.42
-35.0051 	 -8.3007 	 5.21 	 978157.57
-35.0047 	 -8.2816 	 1.19 	 978157.32
-35.0235 	 -8.2841 	 4.85 	 978158.62
-35.0064 	 -8.4018 	 -3.06 	 978163.7
-34.9904 	 -8.398 	 -1.28 	 978162.84
-35.0086 	 -8.384 	 4.01 	 978163.52
-35.0077 	 -8.3672 	 2.46 	 978165.16
-34.9902 	 -8.38 	 -1.84 	 978164.9
-34.9896 	 -8.2837 	 -3.08 	 978157.17
-34.9913 	 -8.2665 	 -2.64 	 978156.27
-34.9898 	 -8.2514 	 16.5 	 978153.33
-34.9736 	 -8.2512 	 -3.32 	 978152.35
-34.9571 	 -8.2503 	 -3.51 	 978149.0
-35.0067 	 -8.4493 	 -4.32 	 978163.24
-35.0236 	 -8.4507 	 -3.67 	 978167.56
-35.0398 	 -8.4341 	 11.87 	 978168.23
-35.0567 	 -8.434 	 10.7 	 978173.92
-35.294 	 -8.6268 	 95.31 	 978145.98
-35.3779 	 -8.6238 	 94.0 	 978143.09
-35.4578 	 -8.5415 	 129.3 	 978111.06
-35.5409 	 -8.6252 	 162.17 	 978114.45
-35.7954 	 -8.7922 	 293.06 	 978077.61
-35.7055 	 -8.876 	 153.43 	 978120.29
-35.7063 	 -8.7887 	 187.29 	 978105.98
-35.6247 	 -8.7921 	 135.24 	 978127.01
-35.4582 	 -8.7913 	 83.4 	 978144.25
-35.3717 	 -8.7904 	 77.45 	 978147.07
-35.2914 	 -8.7917 	 44.19 	 978159.38
-35.2934 	 -8.7094 	 88.41 	 978147.84
-35.3812 	 -8.7278 	 69.93 	 978151.05
-35.5417 	 -8.5419 	 247.88 	 978085.66
-35.5464 	 -8.785 	 144.95 	 978129.99
-35.4567 	 -8.7075 	 105.95 	 978140.3
-35.4586 	 -8.625 	 143.42 	 978125.17
-35.9578 	 -8.7916 	 547.63 	 978009.37
-35.9606 	 -8.8744 	 565.67 	 978021.29
-35.8778 	 -8.7859 	 410.59 	 978039.52
-35.7819 	 -8.7136 	 165.22 	 978097.31
-35.7092 	 -8.7039 	 133.64 	 978110.11
-35.7909 	 -8.6244 	 340.11 	 978054.67
-35.875 	 -8.3748 	 710.85 	 977960.96
-35.7906 	 -8.4579 	 711.27 	 977971.92
-35.8751 	 -8.4561 	 407.24 	 978030.56
-35.8782 	 -8.5401 	 426.53 	 978025.74
-35.8771 	 -8.6313 	 465.09 	 978019.39
-35.8747 	 -8.7081 	 678.74 	 977982.38
-35.7899 	 -8.5432 	 422.72 	 978031.87
-35.7079 	 -8.6258 	 273.32 	 978074.1
-35.6237 	 -8.6225 	 118.91 	 978113.64
-35.6259 	 -8.5406 	 320.84 	 978061.99
-35.712 	 -8.547 	 375.29 	 978040.79
-36.7081 	 -8.875 	 832.28 	 977951.29
-36.7892 	 -8.8769 	 522.49 	 978012.05
-36.7085 	 -8.7917 	 859.3 	 977937.93
-36.3755 	 -9.1229 	 496.48 	 978049.42
-36.4589 	 -9.1246 	 524.26 	 978023.95
-36.5411 	 -9.1262 	 647.85 	 977999.21
-36.6275 	 -9.125 	 567.98 	 978014.16
-36.6262 	 -8.6287 	 842.8 	 977928.09
-36.7075 	 -8.6252 	 754.51 	 977947.26
-36.6265 	 -8.5417 	 722.49 	 977949.39
-36.4578 	 -8.6251 	 647.1 	 977972.87
-36.542 	 -8.708 	 873.53 	 977932.1
-36.2937 	 -9.124 	 367.23 	 978056.79
-36.2061 	 -8.9631 	 445.38 	 978037.97
-36.2161 	 -9.0231 	 457.23 	 978039.0
-36.2936 	 -9.0411 	 559.44 	 978015.17
-35.7918 	 -8.3753 	 610.45 	 977984.01
-35.7036 	 -8.2913 	 650.76 	 977974.26
-35.6243 	 -8.2911 	 702.44 	 977968.25
-35.6252 	 -8.3737 	 638.3 	 977983.47
-36.7038 	 -8.4604 	 748.48 	 977936.73
-36.7059 	 -8.5424 	 787.29 	 977935.93
-36.6233 	 -8.458 	 700.22 	 977947.95
-36.5596 	 -8.4603 	 693.23 	 977954.88
-36.375 	 -8.4508 	 595.25 	 977980.89
-36.2917 	 -8.457 	 568.15 	 977990.86
-36.1215 	 -8.4525 	 561.46 	 977987.52
-36.1226 	 -8.3742 	 637.72 	 977970.97
-36.0436 	 -8.3737 	 833.38 	 977930.22
-35.2654 	 -8.256 	 157.76 	 978108.98
-35.2673 	 -8.2266 	 196.63 	 978098.66
-34.9942 	 -8.2452 	 8.58 	 978155.31
-35.0133 	 -8.2592 	 3.67 	 978159.92
-35.0268 	 -8.2747 	 7.43 	 978160.72
-35.0431 	 -8.2905 	 8.86 	 978162.68
-35.7081 	 -8.4584 	 618.7 	 977994.47
-35.7117 	 -8.3745 	 587.72 	 977991.4
-35.628 	 -8.4575 	 622.29 	 977994.63
-35.5417 	 -8.4585 	 338.43 	 978061.78
-35.4575 	 -8.4601 	 271.45 	 978082.28
-35.459 	 -8.3748 	 261.88 	 978076.81
-35.5225 	 -8.375 	 491.47 	 978024.23
-35.4571 	 -8.2931 	 555.08 	 978005.4
-35.6249 	 -8.8751 	 114.68 	 978134.23
-35.3776 	 -8.2069 	 436.08 	 978032.96
-35.2162 	 -8.2083 	 245.26 	 978090.26
-35.2089 	 -8.292 	 72.62 	 978135.3
-35.2916 	 -8.3748 	 101.29 	 978126.64
-35.3737 	 -8.3704 	 130.69 	 978111.07
-35.3739 	 -8.2915 	 278.67 	 978073.57
-35.5413 	 -8.2917 	 505.02 	 978008.33
-35.2081 	 -8.4579 	 167.66 	 978131.69
-35.3743 	 -8.458 	 114.58 	 978118.53
-35.2914 	 -8.4586 	 174.29 	 978117.23
-35.2931 	 -8.5413 	 100.86 	 978140.12
-35.1221 	 -8.3172 	 114.46 	 978142.23
-35.0893 	 -8.3179 	 49.06 	 978159.59
-35.0892 	 -8.3338 	 100.36 	 978149.64
-35.106 	 -8.3354 	 72.99 	 978154.38
-35.1231 	 -8.3501 	 80.98 	 978152.47
-35.1044 	 -8.3512 	 100.37 	 978151.16
-35.0901 	 -8.3504 	 64.39 	 978159.63
-35.0744 	 -8.3535 	 73.81 	 978158.33
-35.0731 	 -8.366 	 61.59 	 978162.8
-35.09 	 -8.3674 	 95.6 	 978154.97
-34.976 	 -8.2004 	 -2.11 	 978163.16
-35.0235 	 -8.2693 	 2.97 	 978162.23
-35.0399 	 -8.2836 	 9.03 	 978161.74
-35.0893 	 -8.2472 	 78.77 	 978145.74
-35.1045 	 -8.2495 	 55.17 	 978149.63
-35.1254 	 -8.2497 	 91.64 	 978140.21
-35.1405 	 -8.251 	 69.54 	 978143.06
-35.157 	 -8.2511 	 73.89 	 978139.9
-35.1714 	 -8.2661 	 94.44 	 978134.05
-35.2616 	 -8.1689 	 329.64 	 978066.94
-35.2761 	 -8.1372 	 211.86 	 978084.92
-35.2231 	 -8.1166 	 157.36 	 978100.13
-35.151 	 -8.1111 	 108.92 	 978119.85
-35.073 	 -8.0959 	 77.02 	 978138.02
-35.0423 	 -8.0944 	 53.8 	 978147.62
-34.9548 	 -8.0714 	 0.74 	 978160.89
-35.2649 	 -8.1949 	 334.65 	 978068.01
-35.2477 	 -8.3389 	 117.35 	 978124.01
-37.0418 	 -8.9615 	 408.5 	 978043.53
-37.121 	 -8.8835 	 440.05 	 978034.34
-37.1241 	 -8.9574 	 380.17 	 978050.96
-36.9603 	 -8.9573 	 489.63 	 978024.96
-36.9591 	 -9.0432 	 392.5 	 978048.93
-37.1252 	 -8.7072 	 476.17 	 978007.67
-37.0434 	 -8.7091 	 452.5 	 978023.46
-36.9616 	 -8.6231 	 473.75 	 978014.36
-37.0411 	 -8.2944 	 839.18 	 977913.45
-37.1244 	 -8.2078 	 669.24 	 977958.36
-36.8018 	 -8.2043 	 913.91 	 977888.13
-36.7091 	 -8.2089 	 995.15 	 977869.44
-36.625 	 -8.207 	 752.67 	 977918.9
-36.5469 	 -8.2044 	 586.63 	 977951.9
-36.6325 	 -8.1249 	 960.12 	 977873.51
-37.1191 	 -8.7872 	 456.19 	 978021.54
-37.0401 	 -8.791 	 435.5 	 978033.92
-36.9611 	 -8.7892 	 462.78 	 978028.79
-37.2054 	 -8.1188 	 602.32 	 977980.77
-37.2942 	 -8.1261 	 566.92 	 977990.31
-37.3737 	 -8.1247 	 528.91 	 977999.89
-37.374 	 -8.0437 	 533.26 	 977992.5
-37.2126 	 -8.0407 	 585.46 	 977982.43
-37.2084 	 -7.9551 	 642.43 	 977967.35
-35.1567 	 -8.267 	 67.84 	 978142.28
-35.1392 	 -8.2674 	 47.58 	 978148.95
-35.1241 	 -8.2673 	 61.9 	 978147.93
-35.108 	 -8.266 	 52.56 	 978151.43
-35.1401 	 -8.2837 	 71.74 	 978144.86
-35.124 	 -8.2839 	 51.63 	 978151.82
-35.1235 	 -8.3008 	 100.37 	 978143.89
-35.1398 	 -8.3008 	 129.14 	 978134.44
-35.1571 	 -8.3008 	 123.78 	 978133.27
-35.1571 	 -8.283 	 51.54 	 978146.41
-35.1732 	 -8.2839 	 122.96 	 978128.38
-35.1729 	 -8.3003 	 95.12 	 978137.75
-35.1738 	 -8.3169 	 92.13 	 978139.46
-35.1567 	 -8.3173 	 91.2 	 978142.99
-35.1404 	 -8.3176 	 135.07 	 978135.48
-35.1401 	 -8.3343 	 87.37 	 978147.92
-35.1569 	 -8.3334 	 93.97 	 978143.63
-35.107 	 -8.3836 	 105.0 	 978152.44
-35.1053 	 -8.3665 	 100.8 	 978152.5
-35.1234 	 -8.3671 	 94.34 	 978149.65
-35.1237 	 -8.3845 	 72.09 	 978157.74
-35.1398 	 -8.3841 	 68.92 	 978155.53
-35.1397 	 -8.3674 	 58.77 	 978155.53
-35.1568 	 -8.3666 	 60.27 	 978151.71
-35.1398 	 -8.3505 	 95.45 	 978146.82
-35.1576 	 -8.3503 	 73.32 	 978148.07
-35.1728 	 -8.3502 	 88.39 	 978142.62
-35.1735 	 -8.3339 	 133.55 	 978131.19
-35.0539 	 -8.2675 	 36.38 	 978158.77
-35.0734 	 -8.2676 	 40.01 	 978157.58
-35.0704 	 -8.2813 	 75.67 	 978151.58
-35.0566 	 -8.1168 	 11.94 	 978165.1
-35.0742 	 -8.2998 	 52.91 	 978158.53
-35.0891 	 -8.2998 	 93.25 	 978148.67
-35.0898 	 -8.2838 	 129.83 	 978138.48
-35.0914 	 -8.2686 	 38.77 	 978156.16
-35.1077 	 -8.2851 	 56.76 	 978153.2
-35.1062 	 -8.2967 	 86.33 	 978148.31
-35.1061 	 -8.3168 	 60.29 	 978155.76
-35.125 	 -8.3336 	 138.72 	 978137.71
-36.292 	 -8.1271 	 478.44 	 977980.38
-36.2123 	 -8.1284 	 453.31 	 977992.11
-36.2044 	 -8.2094 	 471.52 	 977988.47
-36.2909 	 -8.2054 	 536.37 	 977971.38
-36.3748 	 -8.1246 	 599.18 	 977952.67
-37.2089 	 -7.7075 	 606.86 	 977968.14
-37.2094 	 -7.5438 	 590.12 	 977963.15
-37.207 	 -7.624 	 619.18 	 977961.65
-36.4584 	 -7.9587 	 487.41 	 977977.28
-36.5377 	 -7.9545 	 549.87 	 977960.06
-36.5428 	 -8.0391 	 717.45 	 977920.67
-36.4536 	 -8.0368 	 530.18 	 977967.09
-36.5421 	 -8.125 	 582.09 	 977954.0
-36.3749 	 -7.8748 	 518.82 	 977972.48
-36.2929 	 -7.8731 	 503.9 	 977977.96
-36.2078 	 -7.8742 	 477.27 	 977986.56
-36.4556 	 -8.1279 	 571.51 	 977954.83
-36.375 	 -7.9583 	 473.05 	 977981.98
-36.2914 	 -7.9584 	 469.57 	 977983.66
-36.2082 	 -7.958 	 436.9 	 977994.3
-36.3744 	 -8.2085 	 1098.48 	 977849.86
-36.3742 	 -8.2932 	 650.58 	 977956.56
-36.4585 	 -8.2881 	 876.6 	 977902.96
-36.5395 	 -8.2955 	 737.26 	 977926.97
-36.4603 	 -8.2062 	 667.72 	 977934.68
-36.375 	 -8.0417 	 524.52 	 977972.36
-36.293 	 -8.0389 	 511.37 	 977972.96
-36.2073 	 -8.0436 	 560.49 	 977967.04
-36.1249 	 -8.0419 	 431.73 	 977995.96
-36.0413 	 -8.2084 	 615.66 	 977964.84
-37.2908 	 -7.8778 	 634.7 	 977952.72
-37.2046 	 -7.7901 	 652.96 	 977953.9
-37.2928 	 -7.7923 	 583.58 	 977962.69
-37.2929 	 -7.7072 	 576.04 	 977963.58
-35.461 	 -7.7909 	 174.85 	 978078.09
-35.3769 	 -7.7888 	 147.55 	 978089.51
-35.2862 	 -7.7942 	 68.2 	 978119.32
-35.2081 	 -7.7929 	 97.02 	 978121.86
-35.2045 	 -7.626 	 98.32 	 978114.54
-35.2084 	 -7.5417 	 69.77 	 978117.64
-35.2892 	 -7.5367 	 126.77 	 978091.02
-35.3735 	 -7.5496 	 325.91 	 978044.88
-35.4595 	 -7.5417 	 441.79 	 978018.94
-35.46 	 -7.625 	 436.06 	 978020.9
-35.2088 	 -7.7086 	 75.65 	 978120.78
-35.292 	 -7.7083 	 126.97 	 978099.36
-35.376 	 -7.7077 	 212.58 	 978074.3
-35.2891 	 -7.6255 	 117.64 	 978100.49
-35.3757 	 -7.6252 	 134.21 	 978088.62
-35.4589 	 -7.7104 	 349.08 	 978041.95
-35.7084 	 -7.7916 	 380.09 	 978025.26
-35.7086 	 -7.7079 	 492.36 	 978005.54
-35.6288 	 -7.7107 	 377.29 	 978030.67
-35.5417 	 -7.7085 	 306.98 	 978046.41
-35.6218 	 -7.7925 	 410.49 	 978020.66
-34.8563 	 -7.7169 	 10.32 	 978163.29
-37.2937 	 -8.8748 	 636.59 	 977980.18
-37.3751 	 -8.8754 	 727.19 	 977954.19
-37.2078 	 -8.7907 	 556.41 	 977991.6
-37.2065 	 -8.8727 	 442.41 	 978028.09
-37.2076 	 -8.9549 	 426.26 	 978041.19
-37.291 	 -8.9587 	 400.91 	 978043.81
-37.375 	 -8.9583 	 443.95 	 978027.59
-37.0178 	 -8.8664 	 409.01 	 978041.81
-34.9946 	 -8.4489 	 -0.59 	 978161.97
-37.2905 	 -8.7914 	 661.03 	 977963.91
-35.0264 	 -8.2915 	 5.02 	 978159.57
-34.9279 	 -7.7964 	 71.84 	 978147.29
-36.1233 	 -8.2044 	 713.2 	 977943.68
-34.95152 	 -8.050964 	 20.18 	 978154.37
-34.87114 	 -8.063163 	 -2.269 	 978161.73
-40.56515 	 -9.365033 	 370.505 	 978039.49
-37.08832 	 -8.409481 	 637.295 	 977953.8
-38.29869 	 -7.991881 	 421.195 	 977999.14
-37.62568 	 -8.084574 	 552.039 	 977981.94
-36.24986 	 -8.768023 	 673.764 	 977982.77
-40.05089 	 -8.603949 	 383.69 	 978021.94
-40.99814 	 -8.613972 	 487.163 	 977998.34
-36.63847 	 -8.374003 	 699.043 	 977937.12
-39.57286 	 -8.088451 	 382.887 	 978017.05
-39.41411 	 -8.086693 	 404.85 	 978002.17
-40.22819 	 -8.885964 	 398.156 	 978024.16
-34.95229 	 -8.05847 	 3.938 	 978159.22
-35.07227 	 -8.307142 	 45.621 	 978160.25
-35.21513 	 -8.364107 	 90.249 	 978137.46
-35.26394 	 -8.15434 	 321.772 	 978066.23
-35.25559 	 -8.306779 	 90.192 	 978125.9
-35.11278 	 -8.593906 	 39.931 	 978183.03
