        generated_by     ICGEM (hosted at GFZ-Potsdam)
     generating_date     2019/08/30
----------------------------------------------------------------------
           modelname     EIGEN-6C4
     max_used_degree          2190
----------------------------------------------------------------------
         tide_system     tide_free
    zero_degree_term     included
----------------------------------------------------------------------
          refsysname     WGS84
   max_degree_refpot             8
            gmrefpot      3.98600441800E+14[m**3/s**2]
        radiusrefpot     6378137.000 m
          flatrefpot      3.352810664747480E-03   (1/298.25722356300)
         omegarefpot      7.29211500000E-05 1/s
----------------------------------------------------------------------
    number_of_points           851
      latlimit_north      -2.9386000000000    
      latlimit_south      -10.519530000000    
      longlimit_west      -45.339700000000    
      longlimit_east      -40.697700000000    
----------------------------------------------------------------------
description of columns -----------------------------------------------
 1 identifier (from input)
 2 longitude  (from input)    [degree]
 3 latitude   (from input)    [degree]
 4 h_over_ell (from input)     [meter]
 -------------------------------------
 5 gravity                      [mGal]  gravity(h)                        
----------------------------------------------------------------------

end_of_head ================================================================
1            -41.93610000   -6.44500000  1.992000E+02  9.780029306113E+05
2            -42.16580000   -6.55080000  2.282000E+02  9.779989435416E+05
3            -41.08230000   -8.21500000  3.484100E+02  9.780463317242E+05
4            -41.40360000   -7.23670000  2.674200E+02  9.780152055408E+05
5            -43.12190000   -9.19500000  4.196000E+02  9.780548728884E+05
6            -43.06170000   -6.86810000  1.361100E+02  9.780317985620E+05
7            -43.08640000   -6.96970000  1.735500E+02  9.780186600443E+05
8            -43.15220000   -7.08890000  1.881500E+02  9.780168203644E+05
9            -43.16310000   -7.11390000  1.913900E+02  9.780148525599E+05
10           -44.19610000   -7.21860000  2.279300E+02  9.779974837589E+05
11           -43.07170000   -7.80000000  4.085000E+02  9.779766562003E+05
12           -43.09500000   -7.80190000  3.650000E+02  9.779858925184E+05
13           -43.11970000   -7.79530000  3.129000E+02  9.779970296705E+05
14           -44.63750000  -10.22890000  3.171700E+02  9.781178320354E+05
15           -43.02620000   -7.60130000  2.388100E+02  9.780093225274E+05
16           -43.12690000   -7.30030000  2.400200E+02  9.779998431355E+05
17           -43.12360000   -7.35360000  2.623100E+02  9.779949597631E+05
18           -43.10420000   -7.48470000  2.752400E+02  9.779955087551E+05
19           -43.07810000   -7.32080000  2.100600E+02  9.780051731876E+05
20           -43.03170000   -7.59690000  2.643500E+02  9.780004375116E+05
21           -43.12440000   -7.43580000  2.646200E+02  9.779977597490E+05
22           -42.12420000   -7.38580000  2.450000E+02  9.780144220645E+05
23           -42.11670000   -7.41470000  2.497000E+02  9.780137480889E+05
24           -42.07190000   -7.86250000  1.992400E+02  9.780414412976E+05
25           -42.94690000   -8.11060000  2.520500E+02  9.780305816856E+05
26           -43.13530000   -7.77940000  2.979000E+02  9.779988546891E+05
27           -41.97220000   -9.00140000  3.224200E+02  9.780571614492E+05
28           -41.88610000   -7.82940000  2.509800E+02  9.780333213595E+05
29           -41.32170000   -6.94250000  2.255300E+02  9.780181196680E+05
30           -41.32250000   -6.94720000  2.301400E+02  9.780165814311E+05
31           -44.63860000  -10.22750000  3.168800E+02  9.781176430160E+05
32           -44.79830000  -10.43080000  3.432100E+02  9.781112351292E+05
33           -43.00810000   -6.77420000  1.278900E+02  9.780268155845E+05
34           -42.89530000   -6.84190000  1.991500E+02  9.780072772422E+05
35           -42.78940000   -6.61060000  1.672100E+02  9.780146425761E+05
36           -42.61530000   -3.67670000  3.316000E+01  9.780120745235E+05
37           -42.66390000   -3.67780000  7.430000E+00  9.780196493089E+05
38           -41.74260000   -7.93300000  3.439600E+02  9.780164011567E+05
39           -41.63140000   -7.92390000  2.937700E+02  9.780317852166E+05
40           -42.66300000   -6.97700000  1.165600E+02  9.780195524849E+05
41           -41.42110000   -7.09670000  2.172400E+02  9.780154175386E+05
42           -41.81140000   -7.73170000  2.058400E+02  9.780386152232E+05
43           -45.33060000   -9.94030000  4.851100E+02  9.780365683169E+05
44           -45.31860000  -10.00420000  4.635800E+02  9.780492182279E+05
45           -43.08890000   -7.50860000  2.856400E+02  9.779920355936E+05
46           -42.93250000   -6.81810000  1.180300E+02  9.780304420673E+05
47           -45.23860000  -10.11940000  6.925000E+02  9.780119026097E+05
48           -42.57940000   -3.69080000  5.005000E+01  9.780096252551E+05
49           -43.12610000   -7.24560000  2.206800E+02  9.780046858539E+05
50           -43.12530000   -7.27250000  2.430800E+02  9.779981183638E+05
51           -43.12750000   -7.32640000  2.079100E+02  9.780107955254E+05
52           -43.15610000   -7.14060000  2.093400E+02  9.780079026050E+05
53           -43.14890000   -7.16640000  2.093800E+02  9.780074729885E+05
54           -43.14110000   -7.19360000  1.812500E+02  9.780164304921E+05
55           -42.67190000   -6.97140000  1.231800E+02  9.780175068658E+05
56           -42.67220000   -6.97440000  1.164000E+02  9.780196242961E+05
57           -42.66640000   -6.97360000  1.158300E+02  9.780197262819E+05
58           -42.24610000   -6.54580000  2.303700E+02  9.780044929169E+05
59           -42.35690000   -6.45560000  4.008800E+02  9.779529060037E+05
60           -43.02030000   -6.78220000  1.350000E+02  9.780249831908E+05
61           -42.81280000   -6.29530000  8.089000E+01  9.780222952710E+05
62           -42.84440000   -6.24580000  1.003500E+02  9.780181224905E+05
63           -43.07530000   -6.94530000  1.303300E+02  9.780323472033E+05
64           -43.07780000   -6.96080000  1.321200E+02  9.780314252594E+05
65           -43.13030000   -7.03890000  1.939500E+02  9.780158715939E+05
66           -43.14140000   -7.06330000  1.756500E+02  9.780215919928E+05
67           -45.33970000   -9.91390000  4.957200E+02  9.780307586630E+05
68           -42.55690000   -7.13000000  1.306800E+02  9.780225759655E+05
69           -42.84940000   -6.24920000  9.275000E+01  9.780205425844E+05
70           -43.04970000   -6.84280000  1.254000E+02  9.780332237318E+05
71           -42.67470000   -6.97420000  1.222000E+02  9.780179027690E+05
72           -41.06520000   -8.32260000  4.043600E+02  9.780304771768E+05
73           -40.87890000   -7.71130000  3.983800E+02  9.780179067558E+05
74           -40.73850000   -7.60160000  6.729700E+02  9.779436659458E+05
75           -40.81730000   -7.59750000  4.253600E+02  9.780068309174E+05
76           -40.90140000   -7.83230000  3.916400E+02  9.780226131289E+05
77           -40.77980000   -7.59550000  4.884400E+02  9.779925283044E+05
78           -41.53230000   -3.09410000 -1.231000E+01  9.780278341139E+05
79           -41.61930000   -3.04640000  8.100000E+00  9.780182308344E+05
80           -41.74210000   -2.93860000  1.840000E+00  9.780202855040E+05
81           -41.79880000   -3.14170000  4.097000E+01  9.780013305213E+05
82           -41.76350000   -2.98660000  1.333000E+01  9.780141669131E+05
83           -42.15360000   -6.28280000  1.802200E+02  9.780153856045E+05
84           -43.13420000   -7.21940000  2.204400E+02  9.780047730581E+05
85           -41.48360000   -7.60470000  2.337900E+02  9.780369990567E+05
86           -41.06180000   -8.27270000  3.909600E+02  9.780323302229E+05
87           -40.70060000   -7.42520000  7.571100E+02  9.779285442600E+05
88           -40.89420000   -7.76610000  4.181700E+02  9.780138486281E+05
89           -40.91690000   -7.80660000  4.071200E+02  9.780173366745E+05
90           -40.84930000   -7.92450000  3.986700E+02  9.780212336621E+05
91           -40.69770000   -7.58690000  7.645800E+02  9.779272345853E+05
92           -41.06100000   -8.44780000  5.364900E+02  9.780026420376E+05
93           -41.09860000   -8.41770000  4.584100E+02  9.780224165627E+05
94           -41.07830000   -8.37130000  4.263500E+02  9.780282790031E+05
95           -41.48740000   -3.09800000 -4.520000E+00  9.780274546590E+05
96           -41.57390000   -3.68880000 -2.900000E-01  9.780456277294E+05
97           -41.65340000   -3.02000000  2.114000E+01  9.780122363306E+05
98           -41.70370000   -3.00100000 -1.254000E+01  9.780206166807E+05
99           -41.75660000   -2.94680000 -5.690000E+00  9.780223203573E+05
100          -41.78040000   -3.10050000  3.783000E+01  9.780013884175E+05
101          -41.90880000   -3.15030000 -3.230000E+00  9.780194559032E+05
102          -41.11270000   -8.17670000  3.535400E+02  9.780455569234E+05
103          -41.35780000   -3.05440000  8.240000E+00  9.780221557398E+05
104          -41.40920000   -3.06910000  1.546000E+01  9.780209249991E+05
105          -41.60370000   -7.00560000  5.394300E+02  9.779400983243E+05
106          -41.74690000   -6.42400000  3.482900E+02  9.779643844648E+05
107          -41.64490000   -6.36170000  3.386600E+02  9.779696352775E+05
108          -41.59970000   -6.34300000  3.762700E+02  9.779597546817E+05
109          -41.42470000   -6.24520000  2.565200E+02  9.779898636379E+05
110          -41.38100000   -6.27850000  2.941000E+02  9.779825953099E+05
111          -40.83920000   -6.29480000  8.034000E+02  9.778810023767E+05
112          -41.30740000   -5.69480000  3.393700E+02  9.779723973586E+05
113          -41.30100000   -5.86390000  2.922400E+02  9.779807951922E+05
114          -41.43540000   -5.38230000  3.636100E+02  9.779624117600E+05
115          -41.48280000   -5.36800000  2.887300E+02  9.779781057963E+05
116          -41.50750000   -5.36690000  2.903500E+02  9.779744157969E+05
117          -41.52410000   -5.34560000  2.386300E+02  9.779886302681E+05
118          -42.08480000   -4.85900000  1.118300E+02  9.779986623978E+05
119          -42.07000000   -4.88220000  1.149500E+02  9.779990781309E+05
120          -42.05450000   -4.90460000  1.184900E+02  9.779988905236E+05
121          -40.86490000   -7.65930000  3.988500E+02  9.780152525421E+05
122          -40.86570000   -7.87250000  3.891100E+02  9.780225814939E+05
123          -40.84930000   -7.63800000  4.256800E+02  9.780065066130E+05
124          -41.26330000   -3.07370000 -3.100000E-01  9.780319958214E+05
125          -41.31120000   -3.05830000  2.150000E+00  9.780256271315E+05
126          -41.73860000   -6.50330000  4.691600E+02  9.779408724481E+05
127          -41.73460000   -6.53020000  4.712500E+02  9.779446045011E+05
128          -41.73050000   -6.55720000  4.597900E+02  9.779501304117E+05
129          -41.72600000   -6.58470000  4.654200E+02  9.779477802623E+05
130          -41.72270000   -6.61230000  4.227100E+02  9.779588849040E+05
131          -41.72110000   -6.63650000  3.903100E+02  9.779673316862E+05
132          -41.71960000   -6.39990000  3.120300E+02  9.779729545229E+05
133          -41.69290000   -6.38560000  3.242600E+02  9.779697224956E+05
134          -41.66800000   -6.37510000  3.361900E+02  9.779683500374E+05
135          -41.62160000   -6.35170000  3.846900E+02  9.779569910298E+05
136          -41.57240000   -6.33920000  3.396800E+02  9.779711761117E+05
137          -41.54670000   -6.33170000  2.952000E+02  9.779820769509E+05
138          -41.52390000   -6.31850000  2.617200E+02  9.779875348781E+05
139          -41.44740000   -6.25810000  2.406800E+02  9.779924424870E+05
140          -41.46730000   -6.27380000  2.512600E+02  9.779869803034E+05
141          -41.48170000   -6.29090000  2.505400E+02  9.779864585313E+05
142          -41.35710000   -6.28790000  3.213300E+02  9.779770777597E+05
143          -41.33200000   -6.29390000  3.229100E+02  9.779791458581E+05
144          -41.30770000   -6.30130000  3.319900E+02  9.779784539751E+05
145          -41.28320000   -6.29990000  3.702800E+02  9.779687091228E+05
146          -41.25850000   -6.29920000  3.534200E+02  9.779761609302E+05
147          -41.23610000   -6.28700000  3.594600E+02  9.779764871859E+05
148          -41.21220000   -6.28420000  3.684500E+02  9.779759180906E+05
149          -41.19000000   -6.28110000  3.794500E+02  9.779741556450E+05
150          -41.14330000   -6.27760000  3.974700E+02  9.779702084722E+05
151          -41.09350000   -6.27880000  4.251400E+02  9.779627733971E+05
152          -41.00630000   -6.28920000  5.013600E+02  9.779510278403E+05
153          -42.04370000   -4.93040000  1.208100E+02  9.779987151065E+05
154          -42.04540000   -4.95910000  1.246900E+02  9.779985747873E+05
155          -41.98640000   -4.99720000  1.347800E+02  9.779966225291E+05
156          -41.96290000   -5.01060000  1.690400E+02  9.779881689743E+05
157          -41.94380000   -5.02700000  1.610800E+02  9.779929256400E+05
158          -41.91710000   -5.02250000  1.673600E+02  9.779916780861E+05
159          -41.88810000   -5.02140000  1.869700E+02  9.779859284366E+05
160          -41.86120000   -5.02740000  2.134500E+02  9.779774998869E+05
161          -41.77910000   -5.04540000  2.133500E+02  9.779783563025E+05
162          -41.73530000   -5.10340000  1.924300E+02  9.779870473245E+05
163          -41.71880000   -5.12730000  1.981900E+02  9.779853895987E+05
164          -41.70480000   -5.15090000  1.700400E+02  9.779941252991E+05
165          -41.70850000   -5.17690000  1.552300E+02  9.779990809744E+05
166          -41.62470000   -5.27920000  2.223800E+02  9.779925413121E+05
167          -41.57270000   -5.32130000  2.305200E+02  9.779907476421E+05
168          -41.59490000   -5.30630000  2.589500E+02  9.779825921399E+05
169          -42.73750000   -5.07480000  6.920000E+01  9.780139268205E+05
170          -42.68420000   -5.05670000  9.407000E+01  9.780097164200E+05
171          -42.63170000   -5.07020000  1.338100E+02  9.779974953420E+05
172          -42.58310000   -5.05410000  1.368400E+02  9.779979037166E+05
173          -42.55640000   -5.04560000  1.612800E+02  9.779913647577E+05
174          -42.52990000   -5.04690000  2.032000E+02  9.779796947476E+05
175          -42.50300000   -5.04270000  1.970500E+02  9.779816165112E+05
176          -42.47310000   -5.03980000  1.571500E+02  9.779924800843E+05
177          -42.43760000   -5.02860000  1.553800E+02  9.779896934845E+05
178          -42.41430000   -5.00360000  1.400300E+02  9.779922231121E+05
179          -42.39240000   -4.98900000  1.474600E+02  9.779889918304E+05
180          -42.35370000   -4.95270000  1.176600E+02  9.779976605289E+05
181          -42.30380000   -4.93580000  1.154800E+02  9.779988777352E+05
182          -42.27920000   -4.92400000  1.090800E+02  9.780009810798E+05
183          -42.25390000   -4.74640000  1.181600E+02  9.779973961327E+05
184          -42.23840000   -4.89120000  1.054400E+02  9.780022513928E+05
185          -42.22030000   -4.87090000  5.725000E+01  9.780170163879E+05
186          -42.20090000   -4.85630000  1.084500E+02  9.780010443463E+05
187          -42.18020000   -4.83600000  1.066600E+02  9.780006608928E+05
188          -41.55620000   -7.03200000  4.234100E+02  9.779693880341E+05
189          -42.77450000   -4.92890000  5.437000E+01  9.780207102731E+05
190          -42.78980000   -4.90870000  5.306000E+01  9.780217661972E+05
191          -42.79080000   -4.86630000  6.321000E+01  9.780191051144E+05
192          -42.79870000   -4.84060000  8.110000E+01  9.780137923130E+05
193          -41.00750000   -6.28830000  5.018900E+02  9.779506099432E+05
194          -40.96000000   -6.29280000  5.478100E+02  9.779460997514E+05
195          -40.93940000   -6.28350000  7.037900E+02  9.779021845242E+05
196          -40.91350000   -6.28090000  7.205800E+02  9.779018530200E+05
197          -40.86540000   -6.29310000  7.293800E+02  9.779038857867E+05
198          -41.40700000   -6.21290000  3.054200E+02  9.779765001290E+05
199          -41.40090000   -6.18670000  3.069400E+02  9.779765154974E+05
200          -41.39730000   -6.15770000  3.233500E+02  9.779718384627E+05
201          -41.39160000   -6.13190000  3.147500E+02  9.779743513688E+05
202          -41.38240000   -6.09530000  2.747300E+02  9.779851318713E+05
203          -41.38130000   -6.03920000  2.650700E+02  9.779836373644E+05
204          -41.38020000   -6.01110000  2.802200E+02  9.779779444726E+05
205          -41.38530000   -5.98640000  2.640700E+02  9.779829489680E+05
206          -41.38560000   -5.95810000  2.559800E+02  9.779863060028E+05
207          -41.37810000   -5.93280000  2.847500E+02  9.779783066654E+05
208          -41.37300000   -5.75500000  2.808800E+02  9.779895927942E+05
209          -41.36280000   -5.84920000  3.309100E+02  9.779640555598E+05
210          -41.35780000   -5.82220000  2.680800E+02  9.779846875289E+05
211          -41.35250000   -5.79420000  2.774900E+02  9.779842980867E+05
212          -41.34740000   -5.76680000  2.818500E+02  9.779857641600E+05
213          -41.34390000   -5.73890000  2.843000E+02  9.779878060775E+05
214          -41.29270000   -5.67010000  3.547700E+02  9.779690707493E+05
215          -41.27170000   -5.62000000  3.777800E+02  9.779635345139E+05
216          -41.25880000   -5.56430000  3.844000E+02  9.779557128642E+05
217          -41.28110000   -5.54980000  3.375500E+02  9.779683512918E+05
218          -41.31630000   -5.50680000  2.623500E+02  9.779852099925E+05
219          -41.32770000   -5.48770000  2.762200E+02  9.779798188446E+05
220          -40.94360000   -5.44620000  7.502800E+02  9.778837208777E+05
221          -40.97250000   -5.44670000  6.748100E+02  9.779067348070E+05
222          -41.31740000   -5.49650000  2.634200E+02  9.779836680475E+05
223          -41.29930000   -5.48140000  2.789500E+02  9.779772269536E+05
224          -41.29600000   -5.45770000  2.784700E+02  9.779783962805E+05
225          -41.23340000   -5.44500000  3.690100E+02  9.779579222768E+05
226          -41.20700000   -5.44690000  4.208700E+02  9.779491844353E+05
227          -41.15360000   -5.44610000  5.363700E+02  9.779265227209E+05
228          -41.10540000   -5.45250000  4.975000E+02  9.779404656985E+05
229          -41.38040000   -5.43120000  3.685200E+02  9.779597687488E+05
230          -41.32120000   -5.50300000  2.694700E+02  9.779828301365E+05
231          -41.39110000   -5.41060000  4.200800E+02  9.779470652245E+05
232          -41.40810000   -5.38970000  4.096500E+02  9.779512030920E+05
233          -41.03070000   -5.44720000  5.963400E+02  9.779159957359E+05
234          -41.36890000   -5.45540000  2.520500E+02  9.779913354440E+05
235          -42.04270000   -4.98330000  1.313700E+02  9.779976465451E+05
236          -41.83340000   -5.03360000  2.035100E+02  9.779801286456E+05
237          -41.80660000   -5.03950000  2.031400E+02  9.779804365569E+05
238          -41.60360000   -5.29830000  2.432000E+02  9.779874172094E+05
239          -42.46050000   -5.03900000  1.671200E+02  9.779883714632E+05
240          -42.33120000   -4.94180000  1.322400E+02  9.779933022322E+05
241          -41.50400000   -7.07910000  2.219500E+02  9.780129073163E+05
242          -41.52060000   -7.06100000  3.109900E+02  9.779914676651E+05
243          -41.53710000   -7.04860000  3.198400E+02  9.779945671966E+05
244          -41.57870000   -7.01890000  5.310000E+02  9.779409780141E+05
245          -41.63460000   -6.98290000  4.932400E+02  9.779519886715E+05
246          -41.65880000   -6.96990000  3.813600E+02  9.779828623171E+05
247          -41.68140000   -6.97340000  3.646300E+02  9.779844551621E+05
248          -41.70310000   -6.95210000  3.748300E+02  9.779806272130E+05
249          -41.70710000   -6.84830000  3.930500E+02  9.779794844777E+05
250          -41.73780000   -6.79320000  4.900400E+02  9.779466489603E+05
251          -41.72170000   -6.71700000  4.248900E+02  9.779624359057E+05
252          -41.72000000   -6.69130000  3.758300E+02  9.779742876718E+05
253          -41.84540000   -6.26010000  2.265500E+02  9.779965799932E+05
254          -41.84470000   -6.31310000  2.317900E+02  9.779974863803E+05
255          -41.80730000   -6.33730000  2.690000E+02  9.779862648054E+05
256          -41.96240000   -6.25510000  1.728600E+02  9.780157234700E+05
257          -42.07950000   -6.21750000  1.561800E+02  9.780206748450E+05
258          -42.14960000   -6.13370000  1.547200E+02  9.780199725444E+05
259          -42.17400000   -6.11370000  1.638900E+02  9.780191853894E+05
260          -42.22180000   -6.09770000  2.433700E+02  9.779995486660E+05
261          -42.24070000   -6.07970000  2.500600E+02  9.779982695319E+05
262          -42.25870000   -6.05870000  2.262100E+02  9.780042334229E+05
263          -42.40260000   -5.97770000  2.076300E+02  9.779944952314E+05
264          -42.42870000   -5.97900000  1.741700E+02  9.780019400403E+05
265          -42.46770000   -5.97000000  1.820300E+02  9.779943978617E+05
266          -42.49320000   -5.96400000  1.450300E+02  9.780037047411E+05
267          -42.51550000   -5.96800000  1.572100E+02  9.780002767746E+05
268          -42.55710000   -5.98860000  1.965700E+02  9.779909136754E+05
269          -42.53520000   -5.98020000  2.026300E+02  9.779877731849E+05
270          -42.29260000   -5.90380000  1.931300E+02  9.780025760537E+05
271          -42.27580000   -5.87880000  1.523400E+02  9.780147254997E+05
272          -42.25610000   -5.85780000  1.665800E+02  9.780103694944E+05
273          -42.22760000   -5.85670000  2.325700E+02  9.779915142978E+05
274          -42.19930000   -5.86320000  1.642900E+02  9.780127014259E+05
275          -42.14970000   -5.82090000  1.209400E+02  9.780188304783E+05
276          -42.16150000   -5.76580000  1.346000E+02  9.780115989081E+05
277          -42.16980000   -5.73880000  1.254500E+02  9.780120575749E+05
278          -42.18310000   -5.71390000  1.016900E+02  9.780165799950E+05
279          -42.19620000   -5.69950000  1.010600E+02  9.780149187387E+05
280          -42.15720000   -5.87580000  1.199400E+02  9.780238103656E+05
281          -42.12740000   -5.91640000  1.138100E+02  9.780257069144E+05
282          -42.43850000   -5.85800000  1.076700E+02  9.780072015805E+05
283          -42.46310000   -5.84460000  1.316700E+02  9.779999481261E+05
284          -42.53510000   -5.80270000  2.037300E+02  9.779852186140E+05
285          -42.55740000   -5.78750000  2.253000E+02  9.779808936976E+05
286          -42.60600000   -5.72270000  2.118800E+02  9.779875644463E+05
287          -42.60120000   -5.69530000  1.754400E+02  9.779956701791E+05
288          -42.63430000   -5.78390000  2.488400E+02  9.779806829462E+05
289          -42.66600000   -5.79820000  2.320900E+02  9.779865916718E+05
290          -42.62770000   -5.72310000  1.951200E+02  9.779960201384E+05
291          -42.67960000   -5.69890000  2.322100E+02  9.779889605867E+05
292          -42.70270000   -5.68450000  1.642200E+02  9.780104440995E+05
293          -42.73790000   -5.68100000  1.555600E+02  9.780121013818E+05
294          -42.72200000   -5.68820000  1.704500E+02  9.780084242979E+05
295          -42.61950000   -5.78990000  2.504200E+02  9.779789071535E+05
296          -42.62190000   -5.81630000  2.321600E+02  9.779828397781E+05
297          -42.62470000   -5.84480000  2.220400E+02  9.779832832717E+05
298          -42.62740000   -5.87250000  2.044700E+02  9.779865419975E+05
299          -42.61150000   -5.90000000  2.110100E+02  9.779836919443E+05
300          -42.67230000   -5.91010000  2.385500E+02  9.779781847102E+05
301          -42.69330000   -5.91440000  2.386800E+02  9.779813706408E+05
302          -42.72540000   -5.95490000  2.301100E+02  9.779924629023E+05
303          -42.73070000   -5.97960000  2.666700E+02  9.779831112544E+05
304          -42.73600000   -6.01110000  2.293300E+02  9.779956190451E+05
305          -42.73660000   -6.07080000  2.545800E+02  9.779847547205E+05
306          -42.74690000   -6.25400000  1.621000E+02  9.780023502310E+05
307          -41.79830000   -6.11840000  2.064600E+02  9.780137376311E+05
308          -41.81480000   -6.13750000  2.313100E+02  9.780030207547E+05
309          -41.82240000   -6.15690000  1.993000E+02  9.780104987565E+05
310          -41.84780000   -6.21310000  1.721200E+02  9.780132098858E+05
311          -41.85220000   -6.23500000  1.988500E+02  9.780047865138E+05
312          -42.77490000   -5.08100000  6.278000E+01  9.780135630751E+05
313          -42.76850000   -5.05470000  8.224000E+01  9.780082339888E+05
314          -42.77000000   -5.02630000  4.966000E+01  9.780191314800E+05
315          -42.76110000   -5.00360000  5.598000E+01  9.780185138419E+05
316          -42.76430000   -4.95340000  5.635000E+01  9.780195522051E+05
317          -42.68960000   -6.17110000  1.718500E+02  9.780040732677E+05
318          -42.68640000   -6.21100000  1.389500E+02  9.780161115097E+05
319          -42.68520000   -6.14530000  1.611900E+02  9.780065271847E+05
320          -42.62500000   -5.54080000  1.105900E+02  9.780068334861E+05
321          -42.34940000   -5.96190000  2.024300E+02  9.779994816967E+05
322          -42.80520000   -5.11520000  6.069000E+01  9.780139671021E+05
323          -42.37250000   -5.96910000  2.108500E+02  9.779957088690E+05
324          -42.16820000   -5.84190000  1.404500E+02  9.780160063836E+05
325          -42.39000000   -5.92430000  1.753100E+02  9.779996817933E+05
326          -42.40620000   -5.90110000  1.365200E+02  9.780055807425E+05
327          -42.60400000   -5.76740000  2.696300E+02  9.779718808469E+05
328          -42.68800000   -6.12150000  1.398000E+02  9.780129846747E+05
329          -42.66350000   -5.39100000  9.009000E+01  9.780131339674E+05
330          -42.73220000   -5.24780000  8.032000E+01  9.780144130581E+05
331          -42.79190000   -5.12990000  9.396000E+01  9.780044191967E+05
332          -41.75940000   -6.39140000  3.366000E+02  9.779662907805E+05
333          -42.72740000   -6.24930000  1.094500E+02  9.780208007905E+05
334          -42.70910000   -6.23860000  1.146700E+02  9.780214573625E+05
335          -42.67730000   -6.19330000  1.889000E+02  9.780008290385E+05
336          -42.70200000   -6.10230000  1.555500E+02  9.780098206853E+05
337          -42.52250000   -5.51680000  1.337400E+02  9.779937288481E+05
338          -42.64000000   -5.49400000  1.094200E+02  9.780087039717E+05
339          -42.63600000   -5.46780000  1.323000E+02  9.780015178764E+05
340          -42.63410000   -5.43980000  1.190800E+02  9.780050508441E+05
341          -42.64410000   -5.41280000  9.115000E+01  9.780131180626E+05
342          -42.69050000   -5.34080000  9.569000E+01  9.780104979434E+05
343          -42.69860000   -5.32250000  7.529000E+01  9.780168870561E+05
344          -42.70910000   -5.29940000  7.422000E+01  9.780173642382E+05
345          -42.72570000   -5.27720000  5.882000E+01  9.780219400206E+05
346          -42.75040000   -5.22630000  1.379400E+02  9.779953830666E+05
347          -42.75710000   -5.20360000  1.176000E+02  9.780006266168E+05
348          -42.76480000   -5.17960000  1.109000E+02  9.780016251217E+05
349          -42.77220000   -5.15380000  1.081100E+02  9.780014016143E+05
350          -42.81920000   -4.73480000  6.261000E+01  9.780180392525E+05
351          -42.81930000   -4.70460000  6.716000E+01  9.780147287391E+05
352          -42.82280000   -4.67930000  5.275000E+01  9.780170498725E+05
353          -42.83160000   -4.65360000  5.670000E+01  9.780134305686E+05
354          -42.83910000   -4.62790000  3.695000E+01  9.780168571772E+05
355          -42.85290000   -4.60620000  3.581000E+01  9.780153542193E+05
356          -42.85320000   -4.57900000  3.502000E+01  9.780137248053E+05
357          -42.83930000   -4.55110000  3.873000E+01  9.780109886872E+05
358          -42.82910000   -4.52600000  3.296000E+01  9.780119743644E+05
359          -42.32390000   -4.50430000  2.853000E+01  9.780199754353E+05
360          -42.82220000   -4.47510000  2.554000E+01  9.780141666755E+05
361          -42.82900000   -4.45140000  2.947000E+01  9.780129510321E+05
362          -42.84150000   -4.42800000  3.174000E+01  9.780120701279E+05
363          -42.86680000   -4.41000000  2.212000E+01  9.780147756507E+05
364          -42.88960000   -4.40060000  2.379000E+01  9.780144864193E+05
365          -42.88540000   -4.37490000  2.996000E+01  9.780138837800E+05
366          -42.88260000   -4.34520000  3.185000E+01  9.780155062523E+05
367          -42.88310000   -4.31940000  4.042000E+01  9.780145261917E+05
368          -42.89660000   -4.29590000  5.295000E+01  9.780116776843E+05
369          -42.90000000   -4.24410000  4.514000E+01  9.780142846217E+05
370          -42.89890000   -4.22020000  3.883000E+01  9.780162014876E+05
371          -41.91030000   -6.31360000  1.992500E+02  9.780092806355E+05
372          -41.93060000   -6.29750000  2.005300E+02  9.780095710381E+05
373          -42.12220000   -6.18720000  1.556500E+02  9.780209447096E+05
374          -42.33170000   -5.98250000  1.848900E+02  9.780067204824E+05
375          -42.37440000   -5.93890000  1.959400E+02  9.779972974321E+05
376          -42.31830000   -5.91720000  2.293200E+02  9.779900329165E+05
377          -42.28370000   -4.23750000  4.915000E+01  9.780025372709E+05
378          -42.29580000   -4.27880000  6.436000E+01  9.779990771204E+05
379          -42.29980000   -4.30380000  5.895000E+01  9.780013073413E+05
380          -42.23890000   -3.87940000  4.802000E+01  9.780109370350E+05
381          -42.25770000   -3.82940000  5.431000E+01  9.780096426166E+05
382          -42.26960000   -3.80520000  5.880000E+01  9.780076724352E+05
383          -42.29120000   -3.76550000  5.314000E+01  9.780079594859E+05
384          -42.31500000   -3.72130000  6.050000E+00  9.780211706365E+05
385          -42.32050000   -3.69410000  3.140000E+00  9.780216978714E+05
386          -42.37100000   -3.66200000  2.200000E+01  9.780160784693E+05
387          -42.37390000   -3.52680000  1.133000E+01  9.780269203119E+05
388          -42.36730000   -3.50990000 -1.301000E+01  9.780346210486E+05
389          -42.36920000   -3.48270000 -1.131000E+01  9.780344204913E+05
390          -42.35040000   -3.46940000 -5.990000E+00  9.780329256339E+05
391          -42.27380000   -3.47010000 -1.371000E+01  9.780327547198E+05
392          -42.82310000   -4.76500000  5.590000E+01  9.780210276353E+05
393          -42.74590000   -4.18140000  5.749000E+01  9.780073017706E+05
394          -42.62530000   -3.99460000  3.204000E+01  9.780101120818E+05
395          -42.53000000   -3.76390000  7.756000E+01  9.780001500121E+05
396          -42.89620000   -4.19200000  2.912000E+01  9.780194711910E+05
397          -42.86340000   -4.18040000  2.064000E+01  9.780208558427E+05
398          -42.83690000   -4.18270000  2.143000E+01  9.780197157568E+05
399          -42.81200000   -4.18840000  3.509000E+01  9.780149138682E+05
400          -42.79250000   -4.17260000  3.889000E+01  9.780137062183E+05
401          -42.77090000   -4.18860000  4.210000E+01  9.780123236658E+05
402          -42.71910000   -4.18930000  4.421000E+01  9.780110310331E+05
403          -42.17720000   -4.15910000  3.287000E+01  9.780117707999E+05
404          -42.65830000   -4.14190000  4.509000E+01  9.780070443921E+05
405          -42.63820000   -4.12900000  7.418000E+01  9.779971714310E+05
406          -42.62070000   -4.11860000  4.973000E+01  9.780044285972E+05
407          -42.61350000   -4.09580000  4.733000E+01  9.780052958242E+05
408          -42.61480000   -4.06990000  4.973000E+01  9.780048834002E+05
409          -42.62420000   -4.04500000  3.708000E+01  9.780088156459E+05
410          -42.62680000   -4.02190000  3.277000E+01  9.780100630416E+05
411          -42.62730000   -4.00190000  3.047000E+01  9.780105950781E+05
412          -42.62560000   -3.95370000  4.165000E+01  9.780065908152E+05
413          -42.64740000   -3.93430000  2.296000E+01  9.780110401271E+05
414          -42.71050000   -3.88370000  1.474000E+01  9.780125723895E+05
415          -42.68750000   -3.86670000  9.940000E+00  9.780133151842E+05
416          -42.66470000   -3.86260000  9.890000E+00  9.780129718494E+05
417          -42.63970000   -3.84990000  1.265000E+01  9.780122924004E+05
418          -42.63260000   -3.82490000  2.832000E+01  9.780077527097E+05
419          -42.59190000   -3.77560000  2.193000E+01  9.780152392281E+05
420          -42.56250000   -3.73970000  7.191000E+01  9.780031429588E+05
421          -42.51430000   -3.78490000  5.603000E+01  9.780059338706E+05
422          -42.49370000   -3.79690000  5.021000E+01  9.780070903611E+05
423          -42.43180000   -3.82740000  5.767000E+01  9.780037451683E+05
424          -42.41400000   -3.86520000  5.940000E+01  9.780028783458E+05
425          -42.71690000   -4.81200000  7.737000E+01  9.780131527163E+05
426          -42.81210000   -4.78970000  5.448000E+01  9.780218440396E+05
427          -42.19360000   -3.50850000  1.962000E+01  9.780223538214E+05
428          -42.17920000   -3.72870000  3.456000E+01  9.780212330889E+05
429          -42.17740000   -3.69950000  2.927000E+01  9.780208992802E+05
430          -42.17650000   -3.67190000  2.475000E+01  9.780207158337E+05
431          -42.18170000   -3.47380000 -7.270000E+00  9.780301594563E+05
432          -42.05290000   -4.03260000  9.206000E+01  9.780075110513E+05
433          -42.03400000   -4.04890000  1.185600E+02  9.779989684614E+05
434          -42.00820000   -4.05050000  6.828000E+01  9.780134532577E+05
435          -41.95980000   -4.05990000  2.568000E+01  9.780253083280E+05
436          -41.93540000   -4.05640000  3.837000E+01  9.780201980662E+05
437          -41.88500000   -4.03800000  4.787000E+01  9.780160846193E+05
438          -41.86150000   -4.02340000  8.309000E+01  9.780064076343E+05
439          -41.81560000   -3.99730000  8.403000E+01  9.780097923718E+05
440          -41.79270000   -3.98430000  9.389000E+01  9.780076072393E+05
441          -41.76890000   -3.97080000  9.332000E+01  9.780076124221E+05
442          -41.74620000   -3.95770000  6.496000E+01  9.780158454501E+05
443          -41.72330000   -3.94370000  2.716000E+01  9.780277360450E+05
444          -42.24600000   -5.22530000  9.622000E+01  9.780048600751E+05
445          -42.27340000   -5.21330000  1.261700E+02  9.779966201567E+05
446          -42.29890000   -5.20340000  1.440800E+02  9.779920204618E+05
447          -42.33020000   -5.19470000  1.257900E+02  9.779976133543E+05
448          -42.19120000   -5.26660000  1.154300E+02  9.780002828580E+05
449          -42.16510000   -5.31240000  1.262500E+02  9.780003267459E+05
450          -42.14760000   -5.33400000  1.635300E+02  9.779909127959E+05
451          -42.13010000   -5.35700000  1.774700E+02  9.779882154211E+05
452          -42.11660000   -5.38140000  1.708500E+02  9.779912899267E+05
453          -42.04390000   -5.44470000  1.382200E+02  9.780043372757E+05
454          -42.02190000   -5.45660000  1.389300E+02  9.780052444668E+05
455          -41.94640000   -5.49210000  1.295700E+02  9.780131053876E+05
456          -41.89740000   -5.51310000  1.368200E+02  9.780130792508E+05
457          -41.86320000   -5.50320000  1.557900E+02  9.780095788188E+05
458          -41.84180000   -5.48730000  1.671000E+02  9.780076926736E+05
459          -41.82070000   -5.50010000  1.356900E+02  9.780186181079E+05
460          -41.79360000   -5.50030000  1.585000E+02  9.780124858188E+05
461          -41.75150000   -5.46340000  1.715500E+02  9.780056542235E+05
462          -41.74780000   -5.43850000  1.490300E+02  9.780104442995E+05
463          -41.81220000   -3.23230000  3.466000E+01  9.780041830719E+05
464          -42.64460000   -4.98500000  6.333000E+01  9.780172488427E+05
465          -42.62080000   -4.88400000  6.389000E+01  9.780143256213E+05
466          -42.59360000   -4.83000000  9.515000E+01  9.780089062874E+05
467          -42.58490000   -4.80210000  9.275000E+01  9.780105626708E+05
468          -42.57790000   -4.60880000  9.016000E+01  9.780086147212E+05
469          -42.75850000   -4.75180000  9.677000E+01  9.780066679719E+05
470          -42.52600000   -4.72250000  8.252000E+01  9.780131965452E+05
471          -42.50480000   -4.70340000  8.118000E+01  9.780136397996E+05
472          -42.48580000   -4.67900000  6.890000E+01  9.780173226233E+05
473          -42.45150000   -4.63600000  6.621000E+01  9.780159269199E+05
474          -42.39740000   -4.61730000  6.344000E+01  9.780138868640E+05
475          -42.38060000   -4.60300000  6.355000E+01  9.780130472473E+05
476          -42.37230000   -4.57770000  6.398000E+01  9.780114883983E+05
477          -42.36380000   -4.55230000  7.548000E+01  9.780067174883E+05
478          -42.33370000   -4.47870000  8.740000E+01  9.780002668524E+05
479          -42.31010000   -4.47690000  7.468000E+01  9.780043258946E+05
480          -42.31440000   -4.46470000  7.744000E+01  9.780027199867E+05
481          -42.31620000   -4.43750000  7.215000E+01  9.780024987543E+05
482          -42.08680000   -4.01490000  1.136900E+02  9.780016719023E+05
483          -42.12330000   -3.97950000  9.815000E+01  9.780039859195E+05
484          -42.14430000   -3.96060000  5.159000E+01  9.780155920264E+05
485          -42.19310000   -3.93060000  2.324000E+01  9.780187213617E+05
486          -42.08820000   -4.05100000  8.751000E+01  9.780103628393E+05
487          -42.11400000   -4.09050000  1.198100E+02  9.779966974110E+05
488          -42.12960000   -4.11750000  9.564000E+01  9.780002964465E+05
489          -42.17970000   -4.18410000  5.685000E+01  9.780039186384E+05
490          -42.20320000   -4.19520000  4.824000E+01  9.780043920928E+05
491          -42.17830000   -5.28860000  1.588000E+02  9.779883895068E+05
492          -41.73720000   -3.39090000  4.928000E+01  9.780101718459E+05
493          -41.59710000   -3.45690000  1.122800E+02  9.779993034425E+05
494          -41.62490000   -3.44850000  9.753000E+01  9.779991527262E+05
495          -41.68340000   -3.43480000  8.501000E+01  9.779985124924E+05
496          -41.74500000   -3.47360000  4.763000E+01  9.780125437675E+05
497          -41.73130000   -3.48940000  4.675000E+01  9.780141243161E+05
498          -41.72050000   -3.51210000  5.392000E+01  9.780143542075E+05
499          -41.71260000   -3.53760000  7.486000E+01  9.780114161419E+05
500          -41.69060000   -3.61280000  9.199000E+01  9.780151115434E+05
501          -41.67410000   -3.66190000  6.765000E+01  9.780242121097E+05
502          -41.67970000   -3.68720000  5.288000E+01  9.780287668288E+05
503          -41.68140000   -3.71460000  7.124000E+01  9.780230962523E+05
504          -41.68440000   -3.76770000  7.436000E+01  9.780234324553E+05
505          -41.68630000   -3.79460000  9.358000E+01  9.780182884906E+05
506          -41.69020000   -3.82180000  7.589000E+01  9.780237062186E+05
507          -41.69740000   -3.84800000  8.750000E+01  9.780183930000E+05
508          -41.70460000   -3.87340000  8.828000E+01  9.780152570137E+05
509          -41.68770000   -3.93700000  3.238000E+01  9.780286752383E+05
510          -41.60430000   -3.94830000  8.873000E+01  9.780179920321E+05
511          -41.52720000   -3.94690000  5.542000E+01  9.780272031626E+05
512          -41.48330000   -3.96700000  8.293000E+01  9.780176570968E+05
513          -41.50340000   -4.05000000  7.638000E+01  9.780232064120E+05
514          -41.48260000   -4.03870000  1.034900E+02  9.780158025784E+05
515          -41.38580000   -3.88220000  1.254900E+02  9.779966573035E+05
516          -41.35890000   -3.98270000  1.257000E+02  9.779980742063E+05
517          -41.33210000   -3.97240000  1.500700E+02  9.779895924917E+05
518          -41.27490000   -3.95100000  2.008300E+02  9.779738010952E+05
519          -41.25970000   -3.93650000  2.150900E+02  9.779709873325E+05
520          -41.24740000   -3.92060000  2.919800E+02  9.779506269873E+05
521          -41.79650000   -3.25270000  3.888000E+01  9.780034784528E+05
522          -41.77940000   -3.27530000  5.573000E+01  9.779993072651E+05
523          -41.76450000   -3.29530000  6.958000E+01  9.779963349980E+05
524          -41.73190000   -3.33750000  5.131000E+01  9.780051305005E+05
525          -41.73660000   -3.36470000  5.255000E+01  9.780072144284E+05
526          -42.37280000   -3.86060000  7.816000E+01  9.779970071897E+05
527          -42.31670000   -3.86530000  8.224000E+01  9.779974798257E+05
528          -42.71140000   -3.89330000  1.759000E+01  9.780116479938E+05
529          -42.24750000   -3.44480000 -1.928000E+01  9.780337896587E+05
530          -42.21360000   -3.88250000  2.244000E+01  9.780196805213E+05
531          -42.17260000   -3.81490000  6.411000E+01  9.780125509825E+05
532          -42.17050000   -3.78290000  7.327000E+01  9.780109336746E+05
533          -42.17120000   -3.75700000  4.072000E+01  9.780208143979E+05
534          -42.15450000   -3.59170000  3.396000E+01  9.780185026923E+05
535          -42.16240000   -3.56670000  2.156000E+01  9.780235723761E+05
536          -42.31290000   -8.51380000  3.518500E+02  9.780588481418E+05
537          -42.30610000   -8.48830000  3.355700E+02  9.780602068511E+05
538          -42.29940000   -8.46450000  2.704200E+02  9.780759023960E+05
539          -42.29270000   -8.44410000  2.601000E+02  9.780746722143E+05
540          -42.28090000   -8.42410000  2.501100E+02  9.780731790560E+05
541          -42.26550000   -8.40250000  2.388400E+02  9.780721049437E+05
542          -42.24820000   -8.37960000  2.256400E+02  9.780727640539E+05
543          -42.23060000   -8.35420000  2.098900E+02  9.780757226810E+05
544          -42.89420000   -8.34640000  2.711800E+02  9.780419970120E+05
545          -42.87900000   -8.39560000  3.228700E+02  9.780292974520E+05
546          -42.86970000   -8.41980000  3.466300E+02  9.780261038416E+05
547          -42.84730000   -8.43100000  3.442800E+02  9.780338058926E+05
548          -42.82210000   -8.42930000  3.466500E+02  9.780390305665E+05
549          -42.80970000   -8.44950000  3.808900E+02  9.780353263662E+05
550          -42.80480000   -8.47530000  4.099100E+02  9.780321596512E+05
551          -42.80310000   -8.50050000  4.610200E+02  9.780201231729E+05
552          -42.79800000   -8.52670000  4.776700E+02  9.780181199175E+05
553          -42.47380000   -4.66090000  6.896000E+01  9.780168051478E+05
554          -42.35450000   -4.52440000  6.880000E+01  9.780077051430E+05
555          -42.22850000   -3.91400000  2.741000E+01  9.780159394993E+05
556          -42.31070000   -3.74440000  3.261000E+01  9.780134639707E+05
557          -41.90900000   -4.04820000  5.508000E+01  9.780139338183E+05
558          -41.70310000   -3.93420000  2.818000E+01  9.780288789757E+05
559          -41.76860000   -5.48420000  1.734700E+02  9.780072135267E+05
560          -41.73810000   -3.42240000  7.661000E+01  9.780030054456E+05
561          -41.74370000   -3.44720000  5.377000E+01  9.780103485265E+05
562          -41.46440000   -3.99000000  6.484000E+01  9.780252723751E+05
563          -41.30640000   -3.96300000  1.439900E+02  9.779909546321E+05
564          -42.32580000   -3.48330000  1.788000E+01  9.780249319501E+05
565          -42.19040000   -3.87080000  4.647000E+01  9.780138959587E+05
566          -42.17000000   -3.84060000  5.850000E+01  9.780127593042E+05
567          -42.16750000   -3.53800000  7.140000E+00  9.780284777390E+05
568          -42.16810000   -3.64710000  5.621000E+01  9.780102062759E+05
569          -41.98610000   -4.05940000  8.844000E+01  9.780068777226E+05
570          -42.06580000   -5.40170000  1.687100E+02  9.779936212971E+05
571          -41.92110000   -5.49170000  1.627800E+02  9.780041027736E+05
572          -41.70780000   -5.35390000  2.094300E+02  9.779948489739E+05
573          -41.66720000   -5.29250000  2.323500E+02  9.779892115523E+05
574          -41.50180000   -3.94820000  7.634000E+01  9.780187783457E+05
575          -41.55640000   -4.11850000  6.991000E+01  9.780224127701E+05
576          -42.38100000   -3.55460000  2.821000E+01  9.780211424099E+05
577          -42.17300000   -3.51460000  3.200000E+00  9.780290492507E+05
578          -42.22470000   -8.33390000  2.681700E+02  9.780563060739E+05
579          -42.20950000   -8.31760000  2.952400E+02  9.780477294447E+05
580          -42.26410000   -8.33510000  1.936600E+02  9.780768580218E+05
581          -42.89830000   -8.22740000  2.755500E+02  9.780324662327E+05
582          -42.88870000   -8.37060000  2.926600E+02  9.780361794460E+05
583          -42.55610000   -8.89210000  3.419300E+02  9.780895118954E+05
584          -42.24800000   -8.35900000  2.069200E+02  9.780761570162E+05
585          -41.76030000   -4.26860000  1.660600E+02  9.779983917428E+05
586          -42.79010000   -8.55280000  4.897500E+02  9.780167071734E+05
587          -42.78780000   -8.58000000  4.988700E+02  9.780150308959E+05
588          -42.78340000   -8.60180000  5.040300E+02  9.780147118026E+05
589          -42.77820000   -8.62940000  5.099500E+02  9.780145230388E+05
590          -42.77770000   -8.65800000  5.160300E+02  9.780136592550E+05
591          -42.77730000   -8.68410000  5.242800E+02  9.780116474913E+05
592          -42.77600000   -8.73910000  5.419100E+02  9.780082586058E+05
593          -42.77550000   -8.76550000  5.111900E+02  9.780203785044E+05
594          -42.77500000   -8.78730000  5.028900E+02  9.780259092506E+05
595          -42.77460000   -8.80880000  5.205300E+02  9.780235318809E+05
596          -42.77410000   -8.82550000  5.581000E+02  9.780140261011E+05
597          -42.73400000   -8.92680000  3.922600E+02  9.780650816129E+05
598          -42.71730000   -8.94670000  3.637100E+02  9.780723683219E+05
599          -42.69250000   -8.99690000  3.456700E+02  9.780790039920E+05
600          -42.68120000   -8.99140000  3.254600E+02  9.780851836904E+05
601          -42.66070000   -8.97650000  3.433000E+02  9.780804844448E+05
602          -42.63930000   -8.96190000  3.554600E+02  9.780790634074E+05
603          -42.61850000   -8.94460000  3.725400E+02  9.780767870158E+05
604          -42.59900000   -8.92790000  3.812900E+02  9.780764703497E+05
605          -42.57900000   -8.91150000  3.937800E+02  9.780737033122E+05
606          -42.53650000   -8.87630000  3.993500E+02  9.780708999127E+05
607          -42.51600000   -8.85890000  3.963000E+02  9.780713818765E+05
608          -42.49540000   -8.84170000  3.892900E+02  9.780739188731E+05
609          -42.47770000   -8.82370000  3.479700E+02  9.780880678401E+05
610          -42.46680000   -8.79950000  4.055500E+02  9.780737618847E+05
611          -42.48130000   -8.78310000  5.321600E+02  9.780383267843E+05
612          -42.47030000   -8.75790000  5.351400E+02  9.780406046837E+05
613          -42.45810000   -8.73370000  5.751300E+02  9.780285074959E+05
614          -42.44110000   -8.71850000  5.694600E+02  9.780287920882E+05
615          -42.42100000   -8.70080000  5.563400E+02  9.780302691327E+05
616          -42.39830000   -8.68610000  5.131000E+02  9.780415474905E+05
617          -42.37730000   -8.67320000  4.554400E+02  9.780576427917E+05
618          -42.36530000   -8.65500000  4.324200E+02  9.780604445974E+05
619          -42.33150000   -8.61610000  4.220300E+02  9.780541942409E+05
620          -42.33360000   -8.59080000  4.405700E+02  9.780416610795E+05
621          -42.32650000   -8.56540000  3.906500E+02  9.780527935395E+05
622          -42.31990000   -8.53950000  3.496100E+02  9.780623960473E+05
623          -41.45090000   -3.21040000  1.979000E+01  9.780246906516E+05
624          -41.47450000   -2.97660000 -3.670000E+00  9.780241730179E+05
625          -41.62420000   -2.95760000  6.990000E+00  9.780194692720E+05
626          -41.62270000   -3.12560000  2.688000E+01  9.780142118604E+05
627          -41.54170000   -3.19480000  2.690000E+01  9.780223670406E+05
628          -41.85590000   -3.28720000 -9.990000E+00  9.780201960315E+05
629          -41.86800000   -3.37790000  3.547000E+01  9.780095567858E+05
630          -41.95060000   -3.29220000  4.559000E+01  9.780105392095E+05
631          -41.95770000   -3.20460000 -9.700000E+00  9.780241453698E+05
632          -41.95190000   -3.38160000 -1.284000E+01  9.780300308066E+05
633          -42.04690000   -3.37770000  4.793000E+01  9.780169526608E+05
634          -42.11820000   -3.37680000 -7.660000E+00  9.780303464781E+05
635          -42.04410000   -3.46060000  2.281000E+01  9.780240819047E+05
636          -42.29440000   -3.62570000  3.770000E+00  9.780248472355E+05
637          -42.28970000   -3.54720000 -4.500000E+00  9.780301065714E+05
638          -42.45540000   -3.62190000  3.290000E+01  9.780181713253E+05
639          -42.61710000   -3.62190000  6.450000E+00  9.780186361237E+05
640          -42.54280000   -3.62210000  6.269000E+01  9.780068131154E+05
641          -42.53450000   -3.54580000  5.030000E+00  9.780259458775E+05
642          -41.71100000   -3.89990000  7.429000E+01  9.780163535455E+05
643          -42.42890000   -4.62470000  9.171000E+01  9.780064091756E+05
644          -41.57880000   -4.45080000  4.297600E+02  9.779400486324E+05
645          -41.45850000   -4.42520000  5.874300E+02  9.779127217392E+05
646          -41.58250000   -4.16890000  6.592000E+01  9.780199277088E+05
647          -41.94240000   -4.45850000  1.175600E+02  9.780012991703E+05
648          -41.97210000   -4.55610000  1.187800E+02  9.780010789995E+05
649          -42.44520000   -5.05520000  1.517800E+02  9.779919860867E+05
650          -41.50100000   -6.30820000  2.424400E+02  9.779904999568E+05
651          -41.76930000   -4.33840000  1.431300E+02  9.780016849350E+05
652          -41.75690000   -4.36430000  1.571200E+02  9.779981448742E+05
653          -41.65840000   -4.46340000  3.646100E+02  9.779589105285E+05
654          -41.63460000   -4.46270000  3.924100E+02  9.779523661607E+05
655          -41.60580000   -4.45650000  4.243200E+02  9.779424598429E+05
656          -41.55000000   -4.44500000  4.230500E+02  9.779430391847E+05
657          -41.50090000   -4.42870000  5.315600E+02  9.779197503350E+05
658          -41.47120000   -4.42940000  5.314700E+02  9.779273804560E+05
659          -41.44250000   -4.44450000  6.021200E+02  9.779077950370E+05
660          -41.39770000   -4.51620000  4.676700E+02  9.779291143411E+05
661          -41.70290000   -4.23430000  2.137200E+02  9.779902077835E+05
662          -42.45930000   -3.54480000  4.179000E+01  9.780181739018E+05
663          -42.20390000   -3.62360000  1.877000E+01  9.780227738605E+05
664          -42.04250000   -3.62380000  1.361000E+01  9.780229625355E+05
665          -42.12720000   -3.54690000  1.824000E+01  9.780261593505E+05
666          -41.96290000   -3.62570000  2.750000E+00  9.780212493489E+05
667          -42.03160000   -3.54420000  2.534000E+01  9.780211441865E+05
668          -41.95520000   -3.44890000  2.982000E+01  9.780184112199E+05
669          -41.79270000   -3.37590000  7.097000E+01  9.780013859412E+05
670          -41.87510000   -3.54050000  1.297000E+01  9.780203552969E+05
671          -41.79960000   -3.46580000  4.674000E+01  9.780083853323E+05
672          -41.45460000   -3.29750000  4.877000E+01  9.780265599639E+05
673          -41.45460000   -3.37630000  3.951300E+02  9.779333601755E+05
674          -41.62480000   -3.54270000  1.171300E+02  9.780030517178E+05
675          -41.37380000   -3.63000000  2.630300E+02  9.779809090868E+05
676          -41.54420000   -3.61060000  1.184000E+02  9.780098085885E+05
677          -41.53840000   -3.53970000  1.286000E+02  9.780041033068E+05
678          -41.37530000   -3.20490000  3.935000E+01  9.780242165149E+05
679          -41.36600000   -4.13960000  1.126400E+02  9.780076951184E+05
680          -41.30200000   -4.13290000  1.182500E+02  9.780039896480E+05
681          -41.37010000   -4.04080000  1.002900E+02  9.780069953575E+05
682          -42.10950000   -3.45840000  5.668000E+01  9.780152841105E+05
683          -42.12430000   -3.62160000  3.983000E+01  9.780147619593E+05
684          -41.96070000   -3.55190000  3.621000E+01  9.780140875271E+05
685          -41.86510000   -3.45620000  1.095000E+01  9.780179198752E+05
686          -41.54080000   -3.38050000  9.411000E+01  9.780082008085E+05
687          -41.62380000   -3.62850000  8.207000E+01  9.780176416191E+05
688          -41.29780000   -3.78840000  1.653600E+02  9.779830321908E+05
689          -41.62270000   -4.06120000  7.561000E+01  9.780217442103E+05
690          -41.62520000   -4.21130000  8.259000E+01  9.780186451066E+05
691          -41.91480000   -4.43970000  1.130100E+02  9.780039520522E+05
692          -41.95250000   -4.48590000  1.327200E+02  9.779978978195E+05
693          -41.98090000   -4.58150000  1.288700E+02  9.779960462841E+05
694          -42.02280000   -4.63210000  9.854000E+01  9.780018899095E+05
695          -42.04560000   -4.64870000  1.177000E+02  9.779956929361E+05
696          -42.06910000   -4.66580000  1.051300E+02  9.779995780514E+05
697          -42.06690000   -4.68790000  1.021100E+02  9.780010732586E+05
698          -42.09220000   -4.71350000  9.978000E+01  9.780009573692E+05
699          -42.11130000   -4.75770000  1.056900E+02  9.779981995938E+05
700          -42.42060000   -5.06920000  1.378700E+02  9.779937766936E+05
701          -42.40430000   -5.09390000  1.271500E+02  9.779954723485E+05
702          -42.34650000   -5.21530000  1.067000E+02  9.780015894130E+05
703          -41.48750000   -4.18830000  7.046000E+01  9.780210458007E+05
704          -41.46170000   -4.19280000  7.480000E+01  9.780193309565E+05
705          -41.70160000   -4.16080000  1.901500E+02  9.779902696737E+05
706          -41.42620000   -4.22340000  8.390000E+01  9.780095689523E+05
707          -41.39890000   -4.23310000  9.280000E+01  9.780032368961E+05
708          -41.36590000   -4.24440000  9.499000E+01  9.780017416142E+05
709          -41.34070000   -4.25090000  1.006400E+02  9.780022046893E+05
710          -41.31100000   -4.29570000  1.160200E+02  9.780055977037E+05
711          -41.32000000   -4.47630000  2.996600E+02  9.779623588005E+05
712          -41.34690000   -4.52720000  3.074800E+02  9.779613583581E+05
713          -42.03420000   -4.29420000  1.115400E+02  9.779964732034E+05
714          -42.20630000   -4.28330000  8.171000E+01  9.779962098065E+05
715          -42.20860000   -4.37370000  7.557000E+01  9.779988148280E+05
716          -42.20020000   -4.46060000  8.222000E+01  9.779991279460E+05
717          -42.21240000   -4.54630000  1.021800E+02  9.779957722225E+05
718          -41.37350000   -4.62390000  2.813100E+02  9.779714126583E+05
719          -41.28920000   -4.62630000  2.943400E+02  9.779625066858E+05
720          -42.37520000   -3.95610000  7.463000E+01  9.779990896908E+05
721          -42.37550000   -4.04220000  6.190000E+01  9.779997953780E+05
722          -42.29060000   -4.04630000  7.417000E+01  9.779958522153E+05
723          -41.95600000   -3.87460000  2.628000E+01  9.780214429814E+05
724          -41.88390000   -3.87570000  5.757000E+01  9.780121551296E+05
725          -41.87910000   -3.78990000  1.007000E+01  9.780256034725E+05
726          -42.37960000   -3.78500000  4.168000E+01  9.780101801023E+05
727          -42.45570000   -3.87490000  9.031000E+01  9.779950451778E+05
728          -42.54260000   -3.87980000  8.533000E+01  9.779970469795E+05
729          -42.67620000   -3.80780000  8.650000E+00  9.780133633185E+05
730          -42.47100000   -3.70850000  4.837000E+01  9.780072621198E+05
731          -42.12370000   -3.70860000  4.546000E+01  9.780154336977E+05
732          -42.03790000   -3.87360000  1.184000E+01  9.780265895121E+05
733          -42.04250000   -3.95990000  6.503000E+01  9.780100006947E+05
734          -41.96760000   -3.96110000  2.630000E+01  9.780203508872E+05
735          -42.20420000   -4.03990000  6.631000E+01  9.780028515285E+05
736          -41.28810000   -4.12370000  6.961000E+01  9.780187263281E+05
737          -42.37450000   -4.45240000  8.483000E+01  9.779987733578E+05
738          -42.37290000   -4.37100000  7.462000E+01  9.779977702660E+05
739          -42.37410000   -4.29170000  6.677000E+01  9.779988523552E+05
740          -42.37230000   -4.20550000  8.488000E+01  9.779927288145E+05
741          -42.45860000   -4.20830000  7.169000E+01  9.779987674215E+05
742          -42.54470000   -4.20540000  9.645000E+01  9.779940284834E+05
743          -42.62450000   -4.20690000  5.009000E+01  9.780087751943E+05
744          -42.45940000   -4.12890000  2.410000E+01  9.780149223252E+05
745          -42.84200000   -4.04810000  1.396000E+01  9.780213997378E+05
746          -42.78440000   -3.96700000  1.266000E+01  9.780157143404E+05
747          -42.70730000   -4.04190000  3.346000E+01  9.780088872570E+05
748          -42.96990000   -4.31180000  1.883000E+01  9.780206325390E+05
749          -42.53960000   -4.45720000  9.270000E+01  9.780016878709E+05
750          -42.46100000   -4.45840000  7.433000E+01  9.780044854515E+05
751          -42.45310000   -4.37030000  8.956000E+01  9.779953459318E+05
752          -42.95800000   -4.37530000  2.125000E+01  9.780167871984E+05
753          -42.78390000   -4.37500000  6.072000E+01  9.780086831798E+05
754          -42.70980000   -4.29450000  5.110000E+01  9.780110471643E+05
755          -42.79820000   -4.28940000  3.620000E+01  9.780152698260E+05
756          -42.61680000   -4.36800000  8.749000E+01  9.780012278293E+05
757          -42.62210000   -4.45680000  8.251000E+01  9.780062985156E+05
758          -42.70810000   -4.45850000  8.593000E+01  9.780048384881E+05
759          -42.71020000   -4.37940000  6.861000E+01  9.780096431022E+05
760          -42.62830000   -4.29410000  8.667000E+01  9.780004643366E+05
761          -42.54510000   -4.28920000  8.120000E+01  9.780001973641E+05
762          -42.93340000   -8.13280000  2.403300E+02  9.780362326398E+05
763          -42.92450000   -8.15800000  2.296100E+02  9.780413549070E+05
764          -42.91010000   -8.17900000  2.455500E+02  9.780379631748E+05
765          -42.89850000   -8.20330000  2.504100E+02  9.780380711320E+05
766          -42.89200000   -8.25120000  2.642000E+02  9.780383632346E+05
767          -42.88180000   -8.27430000  3.063500E+02  9.780279655925E+05
768          -42.88420000   -8.29770000  3.148200E+02  9.780272850859E+05
769          -42.89170000   -8.31810000  3.285400E+02  9.780238418632E+05
770          -41.28060000   -3.72010000  3.876200E+02  9.779485272654E+05
771          -41.37610000   -3.79290000  1.447500E+02  9.779933333261E+05
772          -41.36400000   -3.70180000  1.346300E+02  9.780105983611E+05
773          -41.29440000   -4.04070000  1.236800E+02  9.779986202850E+05
774          -41.20710000   -4.11470000  2.407400E+02  9.779677704429E+05
775          -41.27850000   -4.21290000  1.203700E+02  9.780010054152E+05
776          -41.46400000   -4.12950000  1.192400E+02  9.780106968302E+05
777          -41.19420000   -4.46610000  5.212600E+02  9.779211590366E+05
778          -41.21110000   -4.37570000  4.394600E+02  9.779388936460E+05
779          -42.29240000   -3.95370000  4.540000E+01  9.780077458908E+05
780          -41.96740000   -3.79420000  1.459000E+01  9.780209576177E+05
781          -42.77950000   -4.05010000  2.931000E+01  9.780140143048E+05
782          -42.54170000   -4.37470000  7.346000E+01  9.780037486352E+05
783          -41.55930000   -4.29230000  2.499000E+02  9.779793459791E+05
784          -41.45550000   -4.29180000  1.103000E+02  9.780173867253E+05
785          -41.62740000   -4.53850000  3.573200E+02  9.779570522797E+05
786          -41.79970000   -4.52480000  1.541100E+02  9.780011274879E+05
787          -42.12690000   -4.37700000  9.892000E+01  9.779942872726E+05
788          -41.95760000   -4.29080000  1.237700E+02  9.780006735695E+05
789          -42.29180000   -4.54140000  9.874000E+01  9.779995668061E+05
790          -42.45700000   -4.28630000  7.704000E+01  9.779967176772E+05
791          -41.88250000   -4.29040000  1.477500E+02  9.779974246237E+05
792          -41.62230000   -3.84080000  1.113400E+02  9.780149551977E+05
793          -41.63030000   -3.79990000  1.160700E+02  9.780118242294E+05
794          -41.55470000   -3.78030000  8.679000E+01  9.780203569173E+05
795          -41.50120000   -3.91610000  6.956000E+01  9.780183620118E+05
796          -41.65820000   -3.71680000  6.104000E+01  9.780266005043E+05
797          -41.79540000   -3.71020000  4.066000E+01  9.780214607586E+05
798          -41.79090000   -3.79130000  4.425000E+01  9.780206229354E+05
799          -41.78780000   -3.86560000  5.883000E+01  9.780147107348E+05
800          -41.86530000   -3.94220000  6.920000E+01  9.780099956642E+05
801          -41.87770000   -4.12640000  1.181400E+02  9.779979970109E+05
802          -41.96120000   -4.13210000  1.023200E+02  9.780042221979E+05
803          -42.03910000   -4.12220000  1.073500E+02  9.780011264760E+05
804          -41.63580000   -4.29570000  2.095400E+02  9.779907549222E+05
805          -41.71280000   -4.29290000  2.107100E+02  9.779906409896E+05
806          -41.62650000   -4.37850000  3.226600E+02  9.779594993326E+05
807          -41.54080000   -4.37460000  3.646900E+02  9.779611245114E+05
808          -41.44130000   -4.38510000  7.059000E+02  9.778732052794E+05
809          -41.54310000   -4.54510000  3.392400E+02  9.779631285882E+05
810          -41.53800000   -4.63170000  3.368200E+02  9.779573084660E+05
811          -41.61640000   -4.62180000  2.625200E+02  9.779780697690E+05
812          -41.70180000   -4.62690000  2.598700E+02  9.779738670762E+05
813          -41.71770000   -4.54420000  2.155800E+02  9.779896681032E+05
814          -41.77250000   -4.45760000  2.034600E+02  9.779898330460E+05
815          -41.87550000   -4.62500000  1.327800E+02  9.780017050893E+05
816          -42.04400000   -4.54160000  1.109900E+02  9.779953919810E+05
817          -42.12580000   -4.54310000  9.938000E+01  9.779973072267E+05
818          -42.11940000   -4.46080000  1.042400E+02  9.779944387944E+05
819          -42.04760000   -4.45720000  1.313400E+02  9.779905920592E+05
820          -42.04150000   -4.37500000  1.074000E+02  9.779976834085E+05
821          -41.85333000   -6.43944400  3.130270E+02  9.779741610390E+05
822          -44.57894000   -7.39477200  3.430970E+02  9.779674818845E+05
823          -42.83051000   -9.01583200  4.331470E+02  9.780605928106E+05
824          -45.18849000  -10.51953000  5.045380E+02  9.780474388344E+05
825          -41.36631000   -6.99431400  2.060310E+02  9.780231797767E+05
826          -44.74709000  -10.35215000  3.372490E+02  9.781173900231E+05
827          -43.01939000   -6.76843000  9.272500E+01  9.780374467963E+05
828          -41.89090000   -7.88580200  2.906550E+02  9.780225955639E+05
829          -41.27112000   -7.64030000  2.204200E+02  9.780420975652E+05
830          -45.33472000   -9.82537800  4.791670E+02  9.780251465196E+05
831          -45.30597000  -10.01810000  4.213650E+02  9.780647366879E+05
832          -41.76198000   -7.11384300  2.550340E+02  9.780033153555E+05
833          -43.13733000   -7.20715200  2.013070E+02  9.780104847144E+05
834          -42.33977000   -6.47774400  4.030090E+02  9.779516264817E+05
835          -42.57417000   -7.59281700  1.453890E+02  9.780375710103E+05
836          -40.76329000   -7.35376300  4.703680E+02  9.779782219482E+05
837          -42.95129000   -8.08707500  2.497040E+02  9.780304400551E+05
838          -41.71943000   -2.95854900  5.362000E+00  9.780172830631E+05
839          -44.31516000   -9.05880700  2.409260E+02  9.780442762345E+05
840          -41.34299000   -5.46672500  2.542450E+02  9.779880398109E+05
841          -44.65724000   -9.46699200  3.916060E+02  9.780289516173E+05
842          -42.31940000   -6.00528400  1.990830E+02  9.780039409503E+05
843          -41.40405000   -6.26380400  2.711740E+02  9.779868532372E+05
844          -41.88345000   -6.31523500  2.059790E+02  9.780064242385E+05
845          -41.82954000   -3.20997100  4.486200E+01  9.780006752059E+05
846          -42.41781000   -3.83944400  5.204500E+01  9.780052453448E+05
847          -42.00289000   -5.47407000  1.331430E+02  9.780083792930E+05
848          -42.75572000   -8.86836000  5.752460E+02  9.780116305141E+05
849          -42.11819000   -4.78291500  9.923600E+01  9.780000525730E+05
850          -41.40712000   -4.49054000  5.279510E+02  9.779184946541E+05
851          -42.37419000   -4.97031600  1.337820E+02  9.779927987502E+05
