LONG(deg) 	 LAT(deg) 	 ALT_GEOM(m) 	 GRAV(mGal)
-41.9361 	 -6.445 	 199.2 	 977999.5
-42.1658 	 -6.5508 	 228.2 	 977998.81
-41.0823 	 -8.215 	 348.41 	 978037.14
-41.4036 	 -7.2367 	 267.42 	 978021.04
-43.1219 	 -9.195 	 419.6 	 978047.07
-43.0617 	 -6.8681 	 136.11 	 978030.8
-43.0864 	 -6.9697 	 173.55 	 978021.42
-43.1522 	 -7.0889 	 188.15 	 978014.55
-43.1631 	 -7.1139 	 191.39 	 978011.35
-44.1961 	 -7.2186 	 227.93 	 977987.61
-43.0717 	 -7.8 	 408.5 	 977979.08
-43.095 	 -7.8019 	 365.0 	 977987.08
-43.1197 	 -7.7953 	 312.9 	 977996.45
-44.6375 	 -10.2289 	 317.17 	 978111.7
-43.0262 	 -7.6013 	 238.81 	 978010.61
-43.1269 	 -7.3003 	 240.02 	 978002.75
-43.1236 	 -7.3536 	 262.31 	 977998.61
-43.1042 	 -7.4847 	 275.24 	 977996.26
-43.0781 	 -7.3208 	 210.06 	 978012.59
-43.0317 	 -7.5969 	 264.35 	 978005.73
-43.1244 	 -7.4358 	 264.62 	 978000.03
-42.1242 	 -7.3858 	 245.0 	 978015.88
-42.1167 	 -7.4147 	 249.7 	 978015.28
-42.0719 	 -7.8625 	 199.24 	 978043.5
-42.9469 	 -8.1106 	 252.05 	 978032.26
-43.1353 	 -7.7794 	 297.9 	 977998.4
-41.9722 	 -9.0014 	 322.42 	 978046.92
-41.8861 	 -7.8294 	 250.98 	 978022.34
-41.3217 	 -6.9425 	 225.53 	 978011.49
-41.3225 	 -6.9472 	 230.14 	 978010.84
-44.6386 	 -10.2275 	 316.88 	 978111.7
-44.7983 	 -10.4308 	 343.21 	 978111.13
-43.0081 	 -6.7742 	 127.89 	 978031.58
-42.8953 	 -6.8419 	 199.15 	 978006.75
-42.7894 	 -6.6106 	 167.21 	 978011.27
-42.6153 	 -3.6767 	 33.16 	 978019.75
-42.6639 	 -3.6778 	 7.43 	 978027.59
-41.7426 	 -7.933 	 343.96 	 978012.21
-41.6314 	 -7.9239 	 293.77 	 978035.82
-42.663 	 -6.977 	 116.56 	 978019.68
-41.4211 	 -7.0967 	 217.24 	 978019.69
-41.8114 	 -7.7317 	 205.84 	 978047.03
-45.3306 	 -9.9403 	 485.11 	 978043.31
-45.3186 	 -10.0042 	 463.58 	 978053.37
-43.0889 	 -7.5086 	 285.64 	 977994.75
-42.9325 	 -6.8181 	 118.03 	 978028.1
-45.2386 	 -10.1194 	 692.5 	 978016.0
-42.5794 	 -3.6908 	 50.05 	 978013.2
-43.1261 	 -7.2456 	 220.68 	 978004.3
-43.1253 	 -7.2725 	 243.08 	 978001.01
-43.1275 	 -7.3264 	 207.91 	 978010.41
-43.1561 	 -7.1406 	 209.34 	 978003.36
-43.1489 	 -7.1664 	 209.38 	 978004.68
-43.1411 	 -7.1936 	 181.25 	 978012.41
-42.6719 	 -6.9714 	 123.18 	 978017.8
-42.6722 	 -6.9744 	 116.4 	 978019.35
-42.6664 	 -6.9736 	 115.83 	 978019.4
-42.2461 	 -6.5458 	 230.37 	 978001.47
-42.3569 	 -6.4556 	 400.88 	 977961.18
-43.0203 	 -6.7822 	 135.0 	 978029.58
-42.8128 	 -6.2953 	 80.89 	 978017.75
-42.8444 	 -6.2458 	 100.35 	 978015.31
-43.0753 	 -6.9453 	 130.33 	 978026.77
-43.0778 	 -6.9608 	 132.12 	 978026.69
-43.1303 	 -7.0389 	 193.95 	 978016.09
-43.1414 	 -7.0633 	 175.65 	 978018.08
-45.3397 	 -9.9139 	 495.72 	 978038.67
-42.5569 	 -7.13 	 130.68 	 978021.0
-42.8494 	 -6.2492 	 92.75 	 978017.05
-43.0497 	 -6.8428 	 125.4 	 978033.25
-42.6747 	 -6.9742 	 122.2 	 978018.13
-41.0652 	 -8.3226 	 404.36 	 978026.62
-40.8789 	 -7.7113 	 398.38 	 978015.16
-40.7385 	 -7.6016 	 672.97 	 977955.06
-40.8173 	 -7.5975 	 425.36 	 978006.29
-40.9014 	 -7.8323 	 391.64 	 978019.82
-40.7798 	 -7.5955 	 488.44 	 977994.03
-41.5323 	 -3.0941 	 -12.31 	 978027.95
-41.6193 	 -3.0464 	 8.1 	 978019.35
-41.7421 	 -2.9386 	 1.84 	 978014.95
-41.7988 	 -3.1417 	 40.97 	 978005.05
-41.7635 	 -2.9866 	 13.33 	 978007.89
-42.1536 	 -6.2828 	 180.22 	 978013.93
-43.1342 	 -7.2194 	 220.44 	 978004.11
-41.4836 	 -7.6047 	 233.79 	 978031.08
-41.0618 	 -8.2727 	 390.96 	 978027.87
-40.7006 	 -7.4252 	 757.11 	 977920.88
-40.8942 	 -7.7661 	 418.17 	 978014.41
-40.9169 	 -7.8066 	 407.12 	 978017.09
-40.8493 	 -7.9245 	 398.67 	 978021.71
-40.6977 	 -7.5869 	 764.58 	 977935.52
-41.061 	 -8.4478 	 536.49 	 977997.08
-41.0986 	 -8.4177 	 458.41 	 978011.36
-41.0783 	 -8.3713 	 426.35 	 978025.09
-41.4874 	 -3.098 	 -4.52 	 978033.05
-41.5739 	 -3.6888 	 -0.29 	 978018.37
-41.6534 	 -3.02 	 21.14 	 978015.62
-41.7037 	 -3.001 	 -12.54 	 978021.22
-41.7566 	 -2.9468 	 -5.69 	 978015.08
-41.7804 	 -3.1005 	 37.83 	 978001.97
-41.9088 	 -3.1503 	 -3.23 	 978016.23
-41.1127 	 -8.1767 	 353.54 	 978042.91
-41.3578 	 -3.0544 	 8.24 	 978021.68
-41.4092 	 -3.0691 	 15.46 	 978025.9
-41.6037 	 -7.0056 	 539.43 	 977939.66
-41.7469 	 -6.424 	 348.29 	 977968.23
-41.6449 	 -6.3617 	 338.66 	 977963.01
-41.5997 	 -6.343 	 376.27 	 977956.08
-41.4247 	 -6.2452 	 256.52 	 977981.38
-41.381 	 -6.2785 	 294.1 	 977974.15
-40.8392 	 -6.2948 	 803.4 	 977878.96
-41.3074 	 -5.6948 	 339.37 	 977972.67
-41.301 	 -5.8639 	 292.24 	 977974.07
-41.4354 	 -5.3823 	 363.61 	 977959.11
-41.4828 	 -5.368 	 288.73 	 977974.08
-41.5075 	 -5.3669 	 290.35 	 977972.28
-41.5241 	 -5.3456 	 238.63 	 977983.14
-42.0848 	 -4.859 	 111.83 	 977997.71
-42.07 	 -4.8822 	 114.95 	 977996.78
-42.0545 	 -4.9046 	 118.49 	 977997.2
-40.8649 	 -7.6593 	 398.85 	 978008.69
-40.8657 	 -7.8725 	 389.11 	 978028.45
-40.8493 	 -7.638 	 425.68 	 978003.55
-41.2633 	 -3.0737 	 -0.31 	 978027.47
-41.3112 	 -3.0583 	 2.15 	 978027.0
-41.7386 	 -6.5033 	 469.16 	 977945.06
-41.7346 	 -6.5302 	 471.25 	 977944.63
-41.7305 	 -6.5572 	 459.79 	 977948.66
-41.726 	 -6.5847 	 465.42 	 977950.51
-41.7227 	 -6.6123 	 422.71 	 977962.04
-41.7211 	 -6.6365 	 390.31 	 977969.88
-41.7196 	 -6.3999 	 312.03 	 977969.18
-41.6929 	 -6.3856 	 324.26 	 977965.62
-41.668 	 -6.3751 	 336.19 	 977963.2
-41.6216 	 -6.3517 	 384.69 	 977952.91
-41.5724 	 -6.3392 	 339.68 	 977965.1
-41.5467 	 -6.3317 	 295.2 	 977975.06
-41.5239 	 -6.3185 	 261.72 	 977981.1
-41.4474 	 -6.2581 	 240.68 	 977983.5
-41.4673 	 -6.2738 	 251.26 	 977980.57
-41.4817 	 -6.2909 	 250.54 	 977981.45
-41.3571 	 -6.2879 	 321.33 	 977969.46
-41.332 	 -6.2939 	 322.91 	 977970.35
-41.3077 	 -6.3013 	 331.99 	 977969.76
-41.2832 	 -6.2999 	 370.28 	 977960.08
-41.2585 	 -6.2992 	 353.42 	 977962.53
-41.2361 	 -6.287 	 359.46 	 977959.14
-41.2122 	 -6.2842 	 368.45 	 977957.96
-41.19 	 -6.2811 	 379.45 	 977957.08
-41.1433 	 -6.2776 	 397.47 	 977956.27
-41.0935 	 -6.2788 	 425.14 	 977952.72
-41.0063 	 -6.2892 	 501.36 	 977940.58
-42.0437 	 -4.9304 	 120.81 	 977999.1
-42.0454 	 -4.9591 	 124.69 	 977999.51
-41.9864 	 -4.9972 	 134.78 	 977999.5
-41.9629 	 -5.0106 	 169.04 	 977990.52
-41.9438 	 -5.027 	 161.08 	 977992.07
-41.9171 	 -5.0225 	 167.36 	 977989.96
-41.8881 	 -5.0214 	 186.97 	 977984.83
-41.8612 	 -5.0274 	 213.45 	 977977.56
-41.7791 	 -5.0454 	 213.35 	 977977.43
-41.7353 	 -5.1034 	 192.43 	 977980.74
-41.7188 	 -5.1273 	 198.19 	 977981.6
-41.7048 	 -5.1509 	 170.04 	 977988.11
-41.7085 	 -5.1769 	 155.23 	 977992.87
-41.6247 	 -5.2792 	 222.38 	 977989.85
-41.5727 	 -5.3213 	 230.52 	 977989.03
-41.5949 	 -5.3063 	 258.95 	 977983.4
-42.7375 	 -5.0748 	 69.2 	 978013.41
-42.6842 	 -5.0567 	 94.07 	 978009.53
-42.6317 	 -5.0702 	 133.81 	 978003.76
-42.5831 	 -5.0541 	 136.84 	 977996.4
-42.5564 	 -5.0456 	 161.28 	 977989.79
-42.5299 	 -5.0469 	 203.2 	 977978.88
-42.503 	 -5.0427 	 197.05 	 977978.75
-42.4731 	 -5.0398 	 157.15 	 977987.8
-42.4376 	 -5.0286 	 155.38 	 977988.54
-42.4143 	 -5.0036 	 140.03 	 977991.75
-42.3924 	 -4.989 	 147.46 	 977991.04
-42.3537 	 -4.9527 	 117.66 	 977998.41
-42.3038 	 -4.9358 	 115.48 	 977999.67
-42.2792 	 -4.924 	 109.08 	 978000.57
-42.2539 	 -4.7464 	 118.16 	 977998.67
-42.2384 	 -4.8912 	 105.44 	 978001.19
-42.2203 	 -4.8709 	 57.25 	 978001.94
-42.2009 	 -4.8563 	 108.45 	 977998.59
-42.1802 	 -4.836 	 106.66 	 977998.25
-41.5562 	 -7.032 	 423.41 	 977965.74
-42.7745 	 -4.9289 	 54.37 	 978018.5
-42.7898 	 -4.9087 	 53.06 	 978017.54
-42.7908 	 -4.8663 	 63.21 	 978016.01
-42.7987 	 -4.8406 	 81.1 	 978012.49
-41.0075 	 -6.2883 	 501.89 	 977940.38
-40.96 	 -6.2928 	 547.81 	 977931.12
-40.9394 	 -6.2835 	 703.79 	 977898.25
-40.9135 	 -6.2809 	 720.58 	 977895.37
-40.8654 	 -6.2931 	 729.38 	 977894.38
-41.407 	 -6.2129 	 305.42 	 977972.1
-41.4009 	 -6.1867 	 306.94 	 977972.82
-41.3973 	 -6.1577 	 323.35 	 977969.27
-41.3916 	 -6.1319 	 314.75 	 977971.9
-41.3824 	 -6.0953 	 274.73 	 977981.53
-41.3813 	 -6.0392 	 265.07 	 977988.51
-41.3802 	 -6.0111 	 280.22 	 977988.07
-41.3853 	 -5.9864 	 264.07 	 977993.98
-41.3856 	 -5.9581 	 255.98 	 977996.78
-41.3781 	 -5.9328 	 284.75 	 977989.6
-41.373 	 -5.755 	 280.88 	 977990.51
-41.3628 	 -5.8492 	 330.91 	 977978.56
-41.3578 	 -5.8222 	 268.08 	 977992.02
-41.3525 	 -5.7942 	 277.49 	 977989.52
-41.3474 	 -5.7668 	 281.85 	 977987.85
-41.3439 	 -5.7389 	 284.3 	 977986.35
-41.2927 	 -5.6701 	 354.77 	 977968.3
-41.2717 	 -5.62 	 377.78 	 977960.96
-41.2588 	 -5.5643 	 384.4 	 977957.57
-41.2811 	 -5.5498 	 337.55 	 977965.42
-41.3163 	 -5.5068 	 262.35 	 977979.26
-41.3277 	 -5.4877 	 276.22 	 977975.93
-40.9436 	 -5.4462 	 750.28 	 977877.31
-40.9725 	 -5.4467 	 674.81 	 977894.58
-41.3174 	 -5.4965 	 263.42 	 977978.67
-41.2993 	 -5.4814 	 278.95 	 977974.53
-41.296 	 -5.4577 	 278.47 	 977973.87
-41.2334 	 -5.445 	 369.01 	 977953.69
-41.207 	 -5.4469 	 420.87 	 977942.29
-41.1536 	 -5.4461 	 536.37 	 977921.97
-41.1054 	 -5.4525 	 497.5 	 977935.2
-41.3804 	 -5.4312 	 368.52 	 977956.54
-41.3212 	 -5.503 	 269.47 	 977977.8
-41.3911 	 -5.4106 	 420.08 	 977946.92
-41.4081 	 -5.3897 	 409.65 	 977949.3
-41.0307 	 -5.4472 	 596.34 	 977911.36
-41.3689 	 -5.4554 	 252.05 	 977980.41
-42.0427 	 -4.9833 	 131.37 	 978000.07
-41.8334 	 -5.0336 	 203.51 	 977979.85
-41.8066 	 -5.0395 	 203.14 	 977979.89
-41.6036 	 -5.2983 	 243.2 	 977986.5
-42.4605 	 -5.039 	 167.12 	 977985.73
-42.3312 	 -4.9418 	 132.24 	 977996.07
-41.504 	 -7.0791 	 221.95 	 978012.66
-41.5206 	 -7.061 	 310.99 	 977990.71
-41.5371 	 -7.0486 	 319.84 	 977988.1
-41.5787 	 -7.0189 	 531.0 	 977943.37
-41.6346 	 -6.9829 	 493.24 	 977955.81
-41.6588 	 -6.9699 	 381.36 	 977980.76
-41.6814 	 -6.9734 	 364.63 	 977983.45
-41.7031 	 -6.9521 	 374.83 	 977979.03
-41.7071 	 -6.8483 	 393.05 	 977972.69
-41.7378 	 -6.7932 	 490.04 	 977950.27
-41.7217 	 -6.717 	 424.89 	 977963.11
-41.72 	 -6.6913 	 375.83 	 977973.42
-41.8454 	 -6.2601 	 226.55 	 977999.35
-41.8447 	 -6.3131 	 231.79 	 977994.13
-41.8073 	 -6.3373 	 269.0 	 977982.9
-41.9624 	 -6.2551 	 172.86 	 978015.96
-42.0795 	 -6.2175 	 156.18 	 978017.09
-42.1496 	 -6.1337 	 154.72 	 978019.32
-42.174 	 -6.1137 	 163.89 	 978022.26
-42.2218 	 -6.0977 	 243.37 	 978002.7
-42.2407 	 -6.0797 	 250.06 	 977999.69
-42.2587 	 -6.0587 	 226.21 	 977999.47
-42.4026 	 -5.9777 	 207.63 	 977994.82
-42.4287 	 -5.979 	 174.17 	 978000.47
-42.4677 	 -5.97 	 182.03 	 977994.19
-42.4932 	 -5.964 	 145.03 	 978000.89
-42.5155 	 -5.968 	 157.21 	 977997.98
-42.5571 	 -5.9886 	 196.57 	 977988.51
-42.5352 	 -5.9802 	 202.63 	 977987.49
-42.2926 	 -5.9038 	 193.13 	 978001.58
-42.2758 	 -5.8788 	 152.34 	 978009.36
-42.2561 	 -5.8578 	 166.58 	 978006.72
-42.2276 	 -5.8567 	 232.57 	 977993.34
-42.1993 	 -5.8632 	 164.29 	 978008.33
-42.1497 	 -5.8209 	 120.94 	 978017.42
-42.1615 	 -5.7658 	 134.6 	 978014.03
-42.1698 	 -5.7388 	 125.45 	 978015.61
-42.1831 	 -5.7139 	 101.69 	 978020.46
-42.1962 	 -5.6995 	 101.06 	 978019.84
-42.1572 	 -5.8758 	 119.94 	 978018.13
-42.1274 	 -5.9164 	 113.81 	 978020.86
-42.4385 	 -5.858 	 107.67 	 978002.24
-42.4631 	 -5.8446 	 131.67 	 977993.57
-42.5351 	 -5.8027 	 203.73 	 977975.35
-42.5574 	 -5.7875 	 225.3 	 977972.79
-42.606 	 -5.7227 	 211.88 	 977983.12
-42.6012 	 -5.6953 	 175.44 	 977992.03
-42.6343 	 -5.7839 	 248.84 	 977976.29
-42.666 	 -5.7982 	 232.09 	 977986.16
-42.6277 	 -5.7231 	 195.12 	 977988.79
-42.6796 	 -5.6989 	 232.21 	 977987.6
-42.7027 	 -5.6845 	 164.22 	 978005.43
-42.7379 	 -5.681 	 155.56 	 978006.81
-42.722 	 -5.6882 	 170.45 	 978003.84
-42.6195 	 -5.7899 	 250.42 	 977974.28
-42.6219 	 -5.8163 	 232.16 	 977981.97
-42.6247 	 -5.8448 	 222.04 	 977985.25
-42.6274 	 -5.8725 	 204.47 	 977988.04
-42.6115 	 -5.9 	 211.01 	 977987.66
-42.6723 	 -5.9101 	 238.55 	 977984.06
-42.6933 	 -5.9144 	 238.68 	 977988.16
-42.7254 	 -5.9549 	 230.11 	 977991.77
-42.7307 	 -5.9796 	 266.67 	 977983.49
-42.736 	 -6.0111 	 229.33 	 977992.87
-42.7366 	 -6.0708 	 254.58 	 977987.34
-42.7469 	 -6.254 	 162.1 	 978001.55
-41.7983 	 -6.1184 	 206.46 	 977985.15
-41.8148 	 -6.1375 	 231.31 	 977980.78
-41.8224 	 -6.1569 	 199.3 	 977989.97
-41.8478 	 -6.2131 	 172.12 	 978008.44
-41.8522 	 -6.235 	 198.85 	 978005.28
-42.7749 	 -5.081 	 62.78 	 978014.78
-42.7685 	 -5.0547 	 82.24 	 978010.5
-42.77 	 -5.0263 	 49.66 	 978018.87
-42.7611 	 -5.0036 	 55.98 	 978018.89
-42.7643 	 -4.9534 	 56.35 	 978018.84
-42.6896 	 -6.1711 	 171.85 	 978007.44
-42.6864 	 -6.211 	 138.95 	 978008.98
-42.6852 	 -6.1453 	 161.19 	 978000.26
-42.625 	 -5.5408 	 110.59 	 978006.51
-42.3494 	 -5.9619 	 202.43 	 977997.53
-42.8052 	 -5.1152 	 60.69 	 978014.69
-42.3725 	 -5.9691 	 210.85 	 977995.02
-42.1682 	 -5.8419 	 140.45 	 978013.3
-42.39 	 -5.9243 	 175.31 	 977998.72
-42.4062 	 -5.9011 	 136.52 	 978003.06
-42.604 	 -5.7674 	 269.63 	 977968.43
-42.688 	 -6.1215 	 139.8 	 978004.19
-42.6635 	 -5.391 	 90.09 	 978008.29
-42.7322 	 -5.2478 	 80.32 	 978013.95
-42.7919 	 -5.1299 	 93.96 	 978008.55
-41.7594 	 -6.3914 	 336.6 	 977968.43
-42.7274 	 -6.2493 	 109.45 	 978014.79
-42.7091 	 -6.2386 	 114.67 	 978015.23
-42.6773 	 -6.1933 	 188.9 	 977997.46
-42.702 	 -6.1023 	 155.55 	 978000.5
-42.5225 	 -5.5168 	 133.74 	 978001.11
-42.64 	 -5.494 	 109.42 	 978007.41
-42.636 	 -5.4678 	 132.3 	 978002.12
-42.6341 	 -5.4398 	 119.08 	 978003.44
-42.6441 	 -5.4128 	 91.15 	 978007.11
-42.6905 	 -5.3408 	 95.69 	 978008.58
-42.6986 	 -5.3225 	 75.29 	 978013.74
-42.7091 	 -5.2994 	 74.22 	 978014.33
-42.7257 	 -5.2772 	 58.82 	 978018.43
-42.7504 	 -5.2263 	 137.94 	 978000.54
-42.7571 	 -5.2036 	 117.6 	 978004.16
-42.7648 	 -5.1796 	 110.9 	 978005.83
-42.7722 	 -5.1538 	 108.11 	 978005.63
-42.8192 	 -4.7348 	 62.61 	 978018.47
-42.8193 	 -4.7046 	 67.16 	 978017.4
-42.8228 	 -4.6793 	 52.75 	 978020.03
-42.8316 	 -4.6536 	 56.7 	 978018.23
-42.8391 	 -4.6279 	 36.95 	 978020.43
-42.8529 	 -4.6062 	 35.81 	 978018.11
-42.8532 	 -4.579 	 35.02 	 978014.32
-42.8393 	 -4.5511 	 38.73 	 978009.1
-42.8291 	 -4.526 	 32.96 	 978007.94
-42.3239 	 -4.5043 	 28.53 	 978010.12
-42.8222 	 -4.4751 	 25.54 	 978014.82
-42.829 	 -4.4514 	 29.47 	 978016.65
-42.8415 	 -4.428 	 31.74 	 978018.02
-42.8668 	 -4.41 	 22.12 	 978020.43
-42.8896 	 -4.4006 	 23.79 	 978019.07
-42.8854 	 -4.3749 	 29.96 	 978018.68
-42.8826 	 -4.3452 	 31.85 	 978020.09
-42.8831 	 -4.3194 	 40.42 	 978018.48
-42.8966 	 -4.2959 	 52.95 	 978015.78
-42.9 	 -4.2441 	 45.14 	 978016.3
-42.8989 	 -4.2202 	 38.83 	 978018.12
-41.9103 	 -6.3136 	 199.25 	 978002.09
-41.9306 	 -6.2975 	 200.53 	 978004.7
-42.1222 	 -6.1872 	 155.65 	 978017.73
-42.3317 	 -5.9825 	 184.89 	 978002.8
-42.3744 	 -5.9389 	 195.94 	 977996.49
-42.3183 	 -5.9172 	 229.32 	 977990.96
-42.2837 	 -4.2375 	 49.15 	 977996.6
-42.2958 	 -4.2788 	 64.36 	 977993.05
-42.2998 	 -4.3038 	 58.95 	 977995.25
-42.2389 	 -3.8794 	 48.02 	 978010.65
-42.2577 	 -3.8294 	 54.31 	 978010.57
-42.2696 	 -3.8052 	 58.8 	 978008.01
-42.2912 	 -3.7655 	 53.14 	 978009.24
-42.315 	 -3.7213 	 6.05 	 978014.89
-42.3205 	 -3.6941 	 3.14 	 978014.85
-42.371 	 -3.662 	 22.0 	 978007.61
-42.3739 	 -3.5268 	 11.33 	 978010.33
-42.3673 	 -3.5099 	 -13.01 	 978017.28
-42.3692 	 -3.4827 	 -11.31 	 978020.18
-42.3504 	 -3.4694 	 -5.99 	 978021.52
-42.2738 	 -3.4701 	 -13.71 	 978022.05
-42.8231 	 -4.765 	 55.9 	 978018.79
-42.7459 	 -4.1814 	 57.49 	 978010.17
-42.6253 	 -3.9946 	 32.04 	 978014.64
-42.53 	 -3.7639 	 77.56 	 978002.02
-42.8962 	 -4.192 	 29.12 	 978021.19
-42.8634 	 -4.1804 	 20.64 	 978022.59
-42.8369 	 -4.1827 	 21.43 	 978021.75
-42.812 	 -4.1884 	 35.09 	 978017.8
-42.7925 	 -4.1726 	 38.89 	 978017.01
-42.7709 	 -4.1886 	 42.1 	 978015.27
-42.7191 	 -4.1893 	 44.21 	 978012.34
-42.1772 	 -4.1591 	 32.87 	 978013.83
-42.6583 	 -4.1419 	 45.09 	 978011.45
-42.6382 	 -4.129 	 74.18 	 978004.0
-42.6207 	 -4.1186 	 49.73 	 978009.01
-42.6135 	 -4.0958 	 47.33 	 978009.3
-42.6148 	 -4.0699 	 49.73 	 978009.19
-42.6242 	 -4.045 	 37.08 	 978013.57
-42.6268 	 -4.0219 	 32.77 	 978014.33
-42.6273 	 -4.0019 	 30.47 	 978015.02
-42.6256 	 -3.9537 	 41.65 	 978013.0
-42.6474 	 -3.9343 	 22.96 	 978017.8
-42.7105 	 -3.8837 	 14.74 	 978019.65
-42.6875 	 -3.8667 	 9.94 	 978020.46
-42.6647 	 -3.8626 	 9.89 	 978020.42
-42.6397 	 -3.8499 	 12.65 	 978019.07
-42.6326 	 -3.8249 	 28.32 	 978016.15
-42.5919 	 -3.7756 	 21.93 	 978016.06
-42.5625 	 -3.7397 	 71.91 	 978006.39
-42.5143 	 -3.7849 	 56.03 	 978004.76
-42.4937 	 -3.7969 	 50.21 	 978006.15
-42.4318 	 -3.8274 	 57.67 	 978004.34
-42.414 	 -3.8652 	 59.4 	 978003.53
-42.7169 	 -4.812 	 77.37 	 978012.42
-42.8121 	 -4.7897 	 54.48 	 978017.93
-42.1936 	 -3.5085 	 19.62 	 978019.8
-42.1792 	 -3.7287 	 34.56 	 978016.06
-42.1774 	 -3.6995 	 29.27 	 978017.4
-42.1765 	 -3.6719 	 24.75 	 978018.64
-42.1817 	 -3.4738 	 -7.27 	 978017.44
-42.0529 	 -4.0326 	 92.06 	 978008.56
-42.034 	 -4.0489 	 118.56 	 978002.64
-42.0082 	 -4.0505 	 68.28 	 978014.0
-41.9598 	 -4.0599 	 25.68 	 978013.66
-41.9354 	 -4.0564 	 38.37 	 978010.51
-41.885 	 -4.038 	 47.87 	 978009.1
-41.8615 	 -4.0234 	 83.09 	 978000.61
-41.8156 	 -3.9973 	 84.03 	 977998.75
-41.7927 	 -3.9843 	 93.89 	 977999.46
-41.7689 	 -3.9708 	 93.32 	 978003.85
-41.7462 	 -3.9577 	 64.96 	 978012.75
-41.7233 	 -3.9437 	 27.16 	 978023.6
-42.246 	 -5.2253 	 96.22 	 977999.11
-42.2734 	 -5.2133 	 126.17 	 977992.88
-42.2989 	 -5.2034 	 144.08 	 977989.75
-42.3302 	 -5.1947 	 125.79 	 977993.09
-42.1912 	 -5.2666 	 115.43 	 977999.03
-42.1651 	 -5.3124 	 126.25 	 978001.15
-42.1476 	 -5.334 	 163.53 	 977995.64
-42.1301 	 -5.357 	 177.47 	 977995.03
-42.1166 	 -5.3814 	 170.85 	 977999.31
-42.0439 	 -5.4447 	 138.22 	 978013.22
-42.0219 	 -5.4566 	 138.93 	 978015.91
-41.9464 	 -5.4921 	 129.57 	 978020.63
-41.8974 	 -5.5131 	 136.82 	 978013.07
-41.8632 	 -5.5032 	 155.79 	 978006.75
-41.8418 	 -5.4873 	 167.1 	 978003.42
-41.8207 	 -5.5001 	 135.69 	 978009.15
-41.7936 	 -5.5003 	 158.5 	 978004.52
-41.7515 	 -5.4634 	 171.55 	 978003.51
-41.7478 	 -5.4385 	 149.03 	 978007.43
-41.8122 	 -3.2323 	 34.66 	 978007.72
-42.6446 	 -4.985 	 63.33 	 978011.64
-42.6208 	 -4.884 	 63.89 	 978007.09
-42.5936 	 -4.83 	 95.15 	 977999.97
-42.5849 	 -4.8021 	 92.75 	 978002.99
-42.5779 	 -4.6088 	 90.16 	 978005.39
-42.7585 	 -4.7518 	 96.77 	 978005.93
-42.526 	 -4.7225 	 82.52 	 978009.66
-42.5048 	 -4.7034 	 81.18 	 978011.26
-42.4858 	 -4.679 	 68.9 	 978015.1
-42.4515 	 -4.636 	 66.21 	 978014.43
-42.3974 	 -4.6173 	 63.44 	 978010.64
-42.3806 	 -4.603 	 63.55 	 978009.28
-42.3723 	 -4.5777 	 63.98 	 978008.46
-42.3638 	 -4.5523 	 75.48 	 978004.32
-42.3337 	 -4.4787 	 87.4 	 977997.65
-42.3101 	 -4.4769 	 74.68 	 978000.46
-42.3144 	 -4.4647 	 77.44 	 977999.79
-42.3162 	 -4.4375 	 72.15 	 978000.37
-42.0868 	 -4.0149 	 113.69 	 978003.5
-42.1233 	 -3.9795 	 98.15 	 977999.12
-42.1443 	 -3.9606 	 51.59 	 978007.55
-42.1931 	 -3.9306 	 23.24 	 978010.14
-42.0882 	 -4.051 	 87.51 	 978008.04
-42.114 	 -4.0905 	 119.81 	 977996.6
-42.1296 	 -4.1175 	 95.64 	 977999.54
-42.1797 	 -4.1841 	 56.85 	 977998.42
-42.2032 	 -4.1952 	 48.24 	 977998.83
-42.1783 	 -5.2886 	 158.8 	 977994.75
-41.7372 	 -3.3909 	 49.28 	 977997.1
-41.5971 	 -3.4569 	 112.28 	 978004.87
-41.6249 	 -3.4485 	 97.53 	 978005.48
-41.6834 	 -3.4348 	 85.01 	 977995.02
-41.745 	 -3.4736 	 47.63 	 978001.46
-41.7313 	 -3.4894 	 46.75 	 978002.43
-41.7205 	 -3.5121 	 53.92 	 978003.65
-41.7126 	 -3.5376 	 74.86 	 978002.31
-41.6906 	 -3.6128 	 91.99 	 978005.81
-41.6741 	 -3.6619 	 67.65 	 978017.18
-41.6797 	 -3.6872 	 52.88 	 978020.65
-41.6814 	 -3.7146 	 71.24 	 978007.94
-41.6844 	 -3.7677 	 74.36 	 978019.71
-41.6863 	 -3.7946 	 93.58 	 978014.69
-41.6902 	 -3.8218 	 75.89 	 978017.28
-41.6974 	 -3.848 	 87.5 	 978012.66
-41.7046 	 -3.8734 	 88.28 	 978012.43
-41.6877 	 -3.937 	 32.38 	 978029.33
-41.6043 	 -3.9483 	 88.73 	 978009.85
-41.5272 	 -3.9469 	 55.42 	 978019.96
-41.4833 	 -3.967 	 82.93 	 978011.03
-41.5034 	 -4.05 	 76.38 	 978014.44
-41.4826 	 -4.0387 	 103.49 	 978007.74
-41.3858 	 -3.8822 	 125.49 	 977999.15
-41.3589 	 -3.9827 	 125.7 	 977995.49
-41.3321 	 -3.9724 	 150.07 	 977985.36
-41.2749 	 -3.951 	 200.83 	 977970.0
-41.2597 	 -3.9365 	 215.09 	 977966.25
-41.2474 	 -3.9206 	 291.98 	 977949.94
-41.7965 	 -3.2527 	 38.88 	 978006.49
-41.7794 	 -3.2753 	 55.73 	 978001.73
-41.7645 	 -3.2953 	 69.58 	 977997.61
-41.7319 	 -3.3375 	 51.31 	 978000.26
-41.7366 	 -3.3647 	 52.55 	 977998.4
-42.3728 	 -3.8606 	 78.16 	 978003.06
-42.3167 	 -3.8653 	 82.24 	 978007.53
-42.7114 	 -3.8933 	 17.59 	 978019.69
-42.2475 	 -3.4448 	 -19.28 	 978018.9
-42.2136 	 -3.8825 	 22.44 	 978013.82
-42.1726 	 -3.8149 	 64.11 	 978007.06
-42.1705 	 -3.7829 	 73.27 	 978005.02
-42.1712 	 -3.757 	 40.72 	 978012.7
-42.1545 	 -3.5917 	 33.96 	 978014.18
-42.1624 	 -3.5667 	 21.56 	 978015.09
-42.3129 	 -8.5138 	 351.85 	 977954.62
-42.3061 	 -8.4883 	 335.57 	 978058.35
-42.2994 	 -8.4645 	 270.42 	 978066.84
-42.2927 	 -8.4441 	 260.1 	 978068.82
-42.2809 	 -8.4241 	 250.11 	 978069.45
-42.2655 	 -8.4025 	 238.84 	 978066.16
-42.2482 	 -8.3796 	 225.64 	 978069.95
-42.2306 	 -8.3542 	 209.89 	 978071.93
-42.8942 	 -8.3464 	 271.18 	 978039.67
-42.879 	 -8.3956 	 322.87 	 978033.05
-42.8697 	 -8.4198 	 346.63 	 978028.65
-42.8473 	 -8.431 	 344.28 	 978031.06
-42.8221 	 -8.4293 	 346.65 	 978032.56
-42.8097 	 -8.4495 	 380.89 	 978027.82
-42.8048 	 -8.4753 	 409.91 	 978029.01
-42.8031 	 -8.5005 	 461.02 	 978019.59
-42.798 	 -8.5267 	 477.67 	 978017.73
-42.4738 	 -4.6609 	 68.96 	 978015.79
-42.3545 	 -4.5244 	 68.8 	 978003.93
-42.2285 	 -3.914 	 27.41 	 978013.44
-42.3107 	 -3.7444 	 32.61 	 978010.49
-41.909 	 -4.0482 	 55.08 	 978007.19
-41.7031 	 -3.9342 	 28.18 	 978027.5
-41.7686 	 -5.4842 	 173.47 	 978001.5
-41.7381 	 -3.4224 	 76.61 	 977990.82
-41.7437 	 -3.4472 	 53.77 	 977996.59
-41.4644 	 -3.99 	 64.84 	 978014.33
-41.3064 	 -3.963 	 143.99 	 977984.46
-42.3258 	 -3.4833 	 17.88 	 978015.41
-42.1904 	 -3.8708 	 46.47 	 978011.2
-42.17 	 -3.8406 	 58.5 	 978010.29
-42.1675 	 -3.538 	 7.14 	 978020.93
-42.1681 	 -3.6471 	 56.21 	 978014.82
-41.9861 	 -4.0594 	 88.44 	 978009.16
-42.0658 	 -5.4017 	 168.71 	 978005.92
-41.9211 	 -5.4917 	 162.78 	 978014.58
-41.7078 	 -5.3539 	 209.43 	 977995.11
-41.6672 	 -5.2925 	 232.35 	 977987.13
-41.5018 	 -3.9482 	 76.34 	 978016.94
-41.5564 	 -4.1185 	 69.91 	 978022.23
-42.381 	 -3.5546 	 28.21 	 978011.81
-42.173 	 -3.5146 	 3.2 	 978021.83
-42.2247 	 -8.3339 	 268.17 	 978057.03
-42.2095 	 -8.3176 	 295.24 	 978048.92
-42.2641 	 -8.3351 	 193.66 	 978069.85
-42.8983 	 -8.2274 	 275.55 	 978025.22
-42.8887 	 -8.3706 	 292.66 	 978038.13
-42.5561 	 -8.8921 	 341.93 	 978087.99
-42.248 	 -8.359 	 206.92 	 978071.31
-41.7603 	 -4.2686 	 166.06 	 978000.01
-42.7901 	 -8.5528 	 489.75 	 978018.31
-42.7878 	 -8.58 	 498.87 	 978018.67
-42.7834 	 -8.6018 	 504.03 	 978017.81
-42.7782 	 -8.6294 	 509.95 	 978015.51
-42.7777 	 -8.658 	 516.03 	 978013.79
-42.7773 	 -8.6841 	 524.28 	 978011.34
-42.776 	 -8.7391 	 541.91 	 978010.57
-42.7755 	 -8.7655 	 511.19 	 978018.28
-42.775 	 -8.7873 	 502.89 	 978019.99
-42.7746 	 -8.8088 	 520.53 	 978015.86
-42.7741 	 -8.8255 	 558.1 	 978007.41
-42.734 	 -8.9268 	 392.26 	 978066.33
-42.7173 	 -8.9467 	 363.71 	 978076.77
-42.6925 	 -8.9969 	 345.67 	 978084.47
-42.6812 	 -8.9914 	 325.46 	 978088.23
-42.6607 	 -8.9765 	 343.3 	 978085.77
-42.6393 	 -8.9619 	 355.46 	 978081.52
-42.6185 	 -8.9446 	 372.54 	 978076.33
-42.599 	 -8.9279 	 381.29 	 978077.43
-42.579 	 -8.9115 	 393.78 	 978076.78
-42.5365 	 -8.8763 	 399.35 	 978076.35
-42.516 	 -8.8589 	 396.3 	 978077.38
-42.4954 	 -8.8417 	 389.29 	 978078.73
-42.4777 	 -8.8237 	 347.97 	 978085.9
-42.4668 	 -8.7995 	 405.55 	 978072.22
-42.4813 	 -8.7831 	 532.16 	 978046.38
-42.4703 	 -8.7579 	 535.14 	 978041.64
-42.4581 	 -8.7337 	 575.13 	 978030.49
-42.4411 	 -8.7185 	 569.46 	 978032.18
-42.421 	 -8.7008 	 556.34 	 978033.77
-42.3983 	 -8.6861 	 513.1 	 978042.19
-42.3773 	 -8.6732 	 455.44 	 978052.08
-42.3653 	 -8.655 	 432.42 	 978053.1
-42.3315 	 -8.6161 	 422.03 	 978055.51
-42.3336 	 -8.5908 	 440.57 	 978051.06
-42.3265 	 -8.5654 	 390.65 	 978059.25
-42.3199 	 -8.5395 	 349.61 	 978064.89
-41.4509 	 -3.2104 	 19.79 	 978032.21
-41.4745 	 -2.9766 	 -3.67 	 978034.46
-41.6242 	 -2.9576 	 6.99 	 978018.88
-41.6227 	 -3.1256 	 26.88 	 978010.32
-41.5417 	 -3.1948 	 26.9 	 978019.77
-41.8559 	 -3.2872 	 -9.99 	 978027.6
-41.868 	 -3.3779 	 35.47 	 978020.29
-41.9506 	 -3.2922 	 45.59 	 978017.78
-41.9577 	 -3.2046 	 -9.7 	 978023.93
-41.9519 	 -3.3816 	 -12.84 	 978026.95
-42.0469 	 -3.3777 	 47.93 	 978011.35
-42.1182 	 -3.3768 	 -7.66 	 978023.2
-42.0441 	 -3.4606 	 22.81 	 978018.6
-42.2944 	 -3.6257 	 3.77 	 978017.52
-42.2897 	 -3.5472 	 -4.5 	 978018.8
-42.4554 	 -3.6219 	 32.9 	 978013.24
-42.6171 	 -3.6219 	 6.45 	 978024.94
-42.5428 	 -3.6221 	 62.69 	 978010.2
-42.5345 	 -3.5458 	 5.03 	 978024.52
-41.711 	 -3.8999 	 74.29 	 978019.11
-42.4289 	 -4.6247 	 91.71 	 978011.36
-41.5788 	 -4.4508 	 429.76 	 977941.88
-41.4585 	 -4.4252 	 587.43 	 977907.78
-41.5825 	 -4.1689 	 65.92 	 978021.06
-41.9424 	 -4.4585 	 117.56 	 977998.03
-41.9721 	 -4.5561 	 118.78 	 977997.9
-42.4452 	 -5.0552 	 151.78 	 977989.94
-41.501 	 -6.3082 	 242.44 	 977984.28
-41.7693 	 -4.3384 	 143.13 	 978006.34
-41.7569 	 -4.3643 	 157.12 	 978003.63
-41.6584 	 -4.4634 	 364.61 	 977954.0
-41.6346 	 -4.4627 	 392.41 	 977947.55
-41.6058 	 -4.4565 	 424.32 	 977941.14
-41.55 	 -4.445 	 423.05 	 977941.68
-41.5009 	 -4.4287 	 531.56 	 977919.82
-41.4712 	 -4.4294 	 531.47 	 977917.99
-41.4425 	 -4.4445 	 602.12 	 977903.6
-41.3977 	 -4.5162 	 467.67 	 977926.73
-41.7029 	 -4.2343 	 213.72 	 977992.41
-42.4593 	 -3.5448 	 41.79 	 978013.61
-42.2039 	 -3.6236 	 18.77 	 978020.53
-42.0425 	 -3.6238 	 13.61 	 978025.41
-42.1272 	 -3.5469 	 18.24 	 978020.73
-41.9629 	 -3.6257 	 2.75 	 978023.3
-42.0316 	 -3.5442 	 25.34 	 978020.41
-41.9552 	 -3.4489 	 29.82 	 978011.15
-41.7927 	 -3.3759 	 70.97 	 977996.15
-41.8751 	 -3.5405 	 12.97 	 978019.32
-41.7996 	 -3.4658 	 46.74 	 978011.03
-41.4546 	 -3.2975 	 48.77 	 978018.17
-41.4546 	 -3.3763 	 395.13 	 977950.51
-41.6248 	 -3.5427 	 117.13 	 978011.9
-41.3738 	 -3.63 	 263.03 	 977975.71
-41.5442 	 -3.6106 	 118.4 	 977998.89
-41.5384 	 -3.5397 	 128.6 	 977995.18
-41.3753 	 -3.2049 	 39.35 	 978019.84
-41.366 	 -4.1396 	 112.64 	 978005.93
-41.302 	 -4.1329 	 118.25 	 978002.05
-41.3701 	 -4.0408 	 100.29 	 978010.52
-42.1095 	 -3.4584 	 56.68 	 978010.46
-42.1243 	 -3.6216 	 39.83 	 978017.94
-41.9607 	 -3.5519 	 36.21 	 978010.98
-41.8651 	 -3.4562 	 10.95 	 978022.07
-41.5408 	 -3.3805 	 94.11 	 977998.55
-41.6238 	 -3.6285 	 82.07 	 978019.19
-41.2978 	 -3.7884 	 165.36 	 977987.58
-41.6227 	 -4.0612 	 75.61 	 978018.95
-41.6252 	 -4.2113 	 82.59 	 978018.3
-41.9148 	 -4.4397 	 113.01 	 978000.41
-41.9525 	 -4.4859 	 132.72 	 977993.88
-41.9809 	 -4.5815 	 128.87 	 977995.38
-42.0228 	 -4.6321 	 98.54 	 978001.46
-42.0456 	 -4.6487 	 117.7 	 977998.29
-42.0691 	 -4.6658 	 105.13 	 977999.48
-42.0669 	 -4.6879 	 102.11 	 977998.41
-42.0922 	 -4.7135 	 99.78 	 977997.44
-42.1113 	 -4.7577 	 105.69 	 977996.93
-42.4206 	 -5.0692 	 137.87 	 977993.52
-42.4043 	 -5.0939 	 127.15 	 977995.61
-42.3465 	 -5.2153 	 106.7 	 978000.2
-41.4875 	 -4.1883 	 70.46 	 978018.8
-41.4617 	 -4.1928 	 74.8 	 978018.48
-41.7016 	 -4.1608 	 190.15 	 977996.01
-41.4262 	 -4.2234 	 83.9 	 978014.1
-41.3989 	 -4.2331 	 92.8 	 978011.7
-41.3659 	 -4.2444 	 94.99 	 978010.66
-41.3407 	 -4.2509 	 100.64 	 978007.19
-41.311 	 -4.2957 	 116.02 	 978008.31
-41.32 	 -4.4763 	 299.66 	 977962.82
-41.3469 	 -4.5272 	 307.48 	 977960.54
-42.0342 	 -4.2942 	 111.54 	 977994.26
-42.2063 	 -4.2833 	 81.71 	 977990.56
-42.2086 	 -4.3737 	 75.57 	 977998.07
-42.2002 	 -4.4606 	 82.22 	 978000.87
-42.2124 	 -4.5463 	 102.18 	 977997.47
-41.3735 	 -4.6239 	 281.31 	 977967.52
-41.2892 	 -4.6263 	 294.34 	 977967.27
-42.3752 	 -3.9561 	 74.63 	 978003.8
-42.3755 	 -4.0422 	 61.9 	 978004.57
-42.2906 	 -4.0463 	 74.17 	 978003.8
-41.956 	 -3.8746 	 26.28 	 978020.82
-41.8839 	 -3.8757 	 57.57 	 978012.47
-41.8791 	 -3.7899 	 10.07 	 978020.43
-42.3796 	 -3.785 	 41.68 	 978010.67
-42.4557 	 -3.8749 	 90.31 	 977995.47
-42.5426 	 -3.8798 	 85.33 	 977997.57
-42.6762 	 -3.8078 	 8.65 	 978021.18
-42.471 	 -3.7085 	 48.37 	 978009.02
-42.1237 	 -3.7086 	 45.46 	 978017.54
-42.0379 	 -3.8736 	 11.84 	 978021.87
-42.0425 	 -3.9599 	 65.03 	 978016.53
-41.9676 	 -3.9611 	 26.3 	 978021.21
-42.2042 	 -4.0399 	 66.31 	 978006.55
-41.2881 	 -4.1237 	 69.61 	 978004.55
-42.3745 	 -4.4524 	 84.83 	 978001.47
-42.3729 	 -4.371 	 74.62 	 978000.31
-42.3741 	 -4.2917 	 66.77 	 977993.76
-42.3723 	 -4.2055 	 84.88 	 977995.36
-42.4586 	 -4.2083 	 71.69 	 977999.84
-42.5447 	 -4.2054 	 96.45 	 977995.95
-42.6245 	 -4.2069 	 50.09 	 978007.98
-42.4594 	 -4.1289 	 24.1 	 978021.27
-42.842 	 -4.0481 	 13.96 	 978025.12
-42.7844 	 -3.967 	 12.66 	 978022.32
-42.7073 	 -4.0419 	 33.46 	 978015.08
-42.9699 	 -4.3118 	 18.83 	 978011.13
-42.5396 	 -4.4572 	 92.7 	 978003.18
-42.461 	 -4.4584 	 74.33 	 978006.1
-42.4531 	 -4.3703 	 89.56 	 977997.53
-42.958 	 -4.3753 	 21.25 	 978009.52
-42.7839 	 -4.375 	 60.72 	 978014.42
-42.7098 	 -4.2945 	 51.1 	 978011.94
-42.7982 	 -4.2894 	 36.2 	 978017.26
-42.6168 	 -4.368 	 87.49 	 978003.4
-42.6221 	 -4.4568 	 82.51 	 978006.04
-42.7081 	 -4.4585 	 85.93 	 978002.66
-42.7102 	 -4.3794 	 68.61 	 978008.75
-42.6283 	 -4.2941 	 86.67 	 978001.18
-42.5451 	 -4.2892 	 81.2 	 978001.13
-42.9334 	 -8.1328 	 240.33 	 978035.04
-42.9245 	 -8.158 	 229.61 	 978037.14
-42.9101 	 -8.179 	 245.55 	 978033.95
-42.8985 	 -8.2033 	 250.41 	 978032.15
-42.892 	 -8.2512 	 264.2 	 978024.17
-42.8818 	 -8.2743 	 306.35 	 978017.17
-42.8842 	 -8.2977 	 314.82 	 978020.56
-42.8917 	 -8.3181 	 328.54 	 978022.16
-41.2806 	 -3.7201 	 387.62 	 977949.19
-41.3761 	 -3.7929 	 144.75 	 977997.52
-41.364 	 -3.7018 	 134.63 	 978000.27
-41.2944 	 -4.0407 	 123.68 	 977999.18
-41.2071 	 -4.1147 	 240.74 	 977972.3
-41.2785 	 -4.2129 	 120.37 	 978000.46
-41.464 	 -4.1295 	 119.24 	 978009.72
-41.1942 	 -4.4661 	 521.26 	 977920.8
-41.2111 	 -4.3757 	 439.46 	 977936.05
-42.2924 	 -3.9537 	 45.4 	 978013.14
-41.9674 	 -3.7942 	 14.59 	 978022.62
-42.7795 	 -4.0501 	 29.31 	 978019.69
-42.5417 	 -4.3747 	 73.46 	 978004.46
-41.5593 	 -4.2923 	 249.9 	 977979.27
-41.4555 	 -4.2918 	 110.3 	 978002.61
-41.6274 	 -4.5385 	 357.32 	 977953.63
-41.7997 	 -4.5248 	 154.11 	 978003.39
-42.1269 	 -4.377 	 98.92 	 977993.6
-41.9576 	 -4.2908 	 123.77 	 977990.24
-42.2918 	 -4.5414 	 98.74 	 977998.94
-42.457 	 -4.2863 	 77.04 	 977998.07
-41.8825 	 -4.2904 	 147.75 	 977989.71
-41.6223 	 -3.8408 	 111.34 	 978007.43
-41.6303 	 -3.7999 	 116.07 	 978008.09
-41.5547 	 -3.7803 	 86.79 	 978011.24
-41.5012 	 -3.9161 	 69.56 	 978018.1
-41.6582 	 -3.7168 	 61.04 	 978026.47
-41.7954 	 -3.7102 	 40.66 	 978011.98
-41.7909 	 -3.7913 	 44.25 	 978012.99
-41.7878 	 -3.8656 	 58.83 	 978012.53
-41.8653 	 -3.9422 	 69.2 	 978007.95
-41.8777 	 -4.1264 	 118.14 	 977995.95
-41.9612 	 -4.1321 	 102.32 	 978003.29
-42.0391 	 -4.1222 	 107.35 	 978003.47
-41.6358 	 -4.2957 	 209.54 	 977992.35
-41.7128 	 -4.2929 	 210.71 	 977994.11
-41.6265 	 -4.3785 	 322.66 	 977968.7
-41.5408 	 -4.3746 	 364.69 	 977951.94
-41.4413 	 -4.3851 	 705.9 	 977878.15
-41.5431 	 -4.5451 	 339.24 	 977954.78
-41.538 	 -4.6317 	 336.82 	 977952.05
-41.6164 	 -4.6218 	 262.52 	 977969.04
-41.7018 	 -4.6269 	 259.87 	 977970.39
-41.7177 	 -4.5442 	 215.58 	 977983.16
-41.7725 	 -4.4576 	 203.46 	 977994.99
-41.8755 	 -4.625 	 132.78 	 978003.74
-42.044 	 -4.5416 	 110.99 	 977996.92
-42.1258 	 -4.5431 	 99.38 	 977996.11
-42.1194 	 -4.4608 	 104.24 	 977994.4
-42.0476 	 -4.4572 	 131.34 	 977988.6
-42.0415 	 -4.375 	 107.4 	 977994.69
-41.85333 	 -6.439444 	 313.027 	 977979.29
-44.57894 	 -7.394772 	 343.097 	 977970.46
-42.83051 	 -9.015832 	 433.147 	 978059.67
-45.18849 	 -10.51953 	 504.538 	 978069.53
-41.36631 	 -6.994314 	 206.031 	 978014.63
-44.74709 	 -10.35215 	 337.249 	 978117.64
-43.01939 	 -6.76843 	 92.725 	 978037.74
-41.8909 	 -7.885802 	 290.655 	 978028.84
-41.27112 	 -7.6403 	 220.42 	 978037.77
-45.33472 	 -9.825378 	 479.167 	 978035.22
-45.30597 	 -10.0181 	 421.365 	 978064.73
-41.76198 	 -7.113843 	 255.034 	 978002.52
-43.13733 	 -7.207152 	 201.307 	 978008.19
-42.33977 	 -6.477744 	 403.009 	 977961.54
-42.57417 	 -7.592817 	 145.389 	 978038.11
-40.76329 	 -7.353763 	 470.368 	 977972.65
-42.95129 	 -8.087075 	 249.704 	 978031.55
-41.71943 	 -2.958549 	 5.362 	 978019.75
-44.31516 	 -9.058807 	 240.926 	 978040.3
-41.34299 	 -5.466725 	 254.245 	 977979.91
-44.65724 	 -9.466992 	 391.606 	 978040.61
-42.3194 	 -6.005284 	 199.083 	 978001.27
-41.40405 	 -6.263804 	 271.174 	 977977.17
-41.88345 	 -6.315235 	 205.979 	 978000.63
-41.82954 	 -3.209971 	 44.862 	 978008.99
-42.41781 	 -3.839444 	 52.045 	 978005.66
-42.00289 	 -5.47407 	 133.143 	 978022.08
-42.75572 	 -8.86836 	 575.246 	 978006.06
-42.11819 	 -4.782915 	 99.236 	 978000.71
-41.40712 	 -4.49054 	 527.951 	 977914.13
-42.37419 	 -4.970316 	 133.782 	 977994.09
