LONG(deg) 	 LAT(deg) 	 ALT_GEOM(m) 	 GRAV(mGal)
-51.9691 	 -22.8391 	 413.5 	 978674.15
-52.9806 	 -22.6648 	 271.06 	 978696.94
-52.9672 	 -22.7189 	 294.89 	 978694.02
-52.9892 	 -22.7625 	 354.48 	 978681.47
-52.999 	 -22.6366 	 262.02 	 978697.48
-52.9968 	 -22.798 	 339.93 	 978685.92
-52.9872 	 -22.8369 	 322.06 	 978691.0
-51.0644 	 -22.7961 	 331.35 	 978661.22
-53.1631 	 -22.7238 	 312.73 	 978682.29
-48.5086 	 -25.5192 	 5.79 	 978967.86
-48.508 	 -25.5157 	 4.36 	 978967.77
-48.5636 	 -25.562 	 10.79 	 978966.64
-48.5092 	 -25.7611 	 3.59 	 978990.22
-48.5417 	 -25.8458 	 3.22 	 978987.32
-52.893 	 -22.9109 	 472.41 	 978662.74
-52.8628 	 -22.9261 	 460.39 	 978666.03
-52.8285 	 -22.9294 	 481.17 	 978660.73
-52.5945 	 -22.9913 	 443.69 	 978670.03
-52.6691 	 -22.9573 	 450.81 	 978665.15
-52.1869 	 -23.1607 	 528.86 	 978668.44
-52.1545 	 -23.0223 	 475.59 	 978671.56
-52.0588 	 -22.8922 	 347.24 	 978694.85
-52.4557 	 -23.078 	 459.52 	 978678.44
-52.365 	 -23.0987 	 518.11 	 978670.16
-52.342 	 -23.1086 	 476.59 	 978679.88
-52.2851 	 -23.1413 	 485.86 	 978677.62
-52.2579 	 -23.1622 	 506.72 	 978673.34
-52.2403 	 -23.1727 	 527.84 	 978669.01
-52.1887 	 -23.2138 	 551.79 	 978666.86
-52.1727 	 -23.2388 	 562.78 	 978664.87
-51.909 	 -22.8126 	 394.4 	 978674.16
-52.1266 	 -23.2923 	 581.07 	 978659.79
-51.7924 	 -22.7329 	 377.37 	 978668.19
-51.8141 	 -22.7475 	 343.13 	 978676.49
-54.5739 	 -25.4153 	 190.06 	 978895.5
-54.56 	 -25.4411 	 233.45 	 978887.05
-54.5811 	 -25.4089 	 230.77 	 978884.35
-54.5725 	 -25.5539 	 212.87 	 978901.2
-53.129 	 -22.7248 	 325.03 	 978682.01
-53.0497 	 -22.6806 	 290.08 	 978692.19
-53.0191 	 -22.6226 	 263.68 	 978694.6
-53.0144 	 -22.8159 	 346.41 	 978684.96
-52.9661 	 -22.86 	 347.72 	 978685.63
-52.945 	 -22.8817 	 351.89 	 978685.8
-52.638 	 -22.9652 	 491.29 	 978656.94
-52.8054 	 -22.9284 	 461.07 	 978665.34
-48.8816 	 -25.3501 	 459.76 	 978847.96
-48.5342 	 -25.8187 	 3.29 	 978989.5
-48.5706 	 -25.8678 	 5.86 	 978982.17
-48.573 	 -25.8768 	 6.03 	 978982.34
-48.5792 	 -25.9226 	 4.07 	 978980.11
-52.0088 	 -23.3945 	 551.52 	 978663.63
-51.9831 	 -23.4136 	 563.72 	 978662.77
-52.7325 	 -22.9388 	 454.1 	 978663.47
-52.1039 	 -23.3381 	 563.04 	 978663.13
-52.0779 	 -23.3657 	 576.29 	 978659.1
-51.1261 	 -23.5053 	 563.06 	 978654.6
-51.0972 	 -23.725 	 772.2 	 978650.25
-51.1578 	 -23.7914 	 735.32 	 978633.38
-50.9783 	 -23.7172 	 740.33 	 978639.45
-50.8458 	 -23.4258 	 618.76 	 978632.45
-50.9544 	 -23.3794 	 415.2 	 978668.22
-50.8897 	 -23.4725 	 537.03 	 978652.65
-50.7186 	 -23.3322 	 604.34 	 978632.02
-50.7533 	 -23.4347 	 679.39 	 978621.1
-50.7 	 -23.4989 	 739.17 	 978614.9
-50.6003 	 -23.4817 	 671.12 	 978622.61
-50.5822 	 -23.3861 	 622.46 	 978627.15
-50.8728 	 -23.6083 	 693.45 	 978629.36
-48.9054 	 -25.3329 	 906.38 	 978765.42
-48.8862 	 -25.3509 	 583.63 	 978823.68
-51.8087 	 -23.4779 	 600.5 	 978654.17
-51.7979 	 -23.4856 	 624.11 	 978650.08
-51.7918 	 -23.4861 	 652.8 	 978644.21
-51.9032 	 -23.4221 	 550.24 	 978664.95
-52.4422 	 -23.0939 	 467.22 	 978677.83
-48.6169 	 -25.9498 	 2.99 	 978981.67
-48.643 	 -25.9527 	 6.56 	 978979.95
-48.6638 	 -25.9611 	 9.1 	 978979.21
-48.6891 	 -25.9729 	 7.34 	 978977.27
-48.9465 	 -25.3053 	 846.98 	 978779.55
-48.9268 	 -25.2809 	 821.23 	 978780.75
-51.9113 	 -22.8135 	 397.31 	 978673.78
-51.8667 	 -22.7709 	 409.81 	 978664.73
-51.7703 	 -22.6653 	 380.82 	 978664.92
-51.9528 	 -23.2017 	 416.76 	 978683.18
-52.1689 	 -23.235 	 573.87 	 978662.35
-52.1953 	 -23.1658 	 517.91 	 978671.32
-52.1795 	 -23.1265 	 547.89 	 978661.68
-52.1546 	 -22.9812 	 453.01 	 978674.47
-51.8242 	 -23.1972 	 561.91 	 978650.67
-48.8911 	 -25.1961 	 837.06 	 978765.2
-48.9264 	 -25.3211 	 871.84 	 978774.54
-51.2436 	 -23.505 	 653.32 	 978640.19
-50.8419 	 -23.7022 	 697.54 	 978640.92
-50.4753 	 -23.9897 	 878.34 	 978644.16
-50.6025 	 -23.2961 	 611.52 	 978630.65
-50.66 	 -23.4089 	 583.59 	 978635.68
-50.5531 	 -23.5492 	 765.19 	 978605.39
-50.4781 	 -23.6239 	 526.94 	 978665.54
-50.4125 	 -23.6819 	 520.83 	 978675.91
-50.4117 	 -23.5647 	 510.84 	 978669.6
-50.355 	 -23.4911 	 838.53 	 978595.09
-50.6319 	 -23.5503 	 731.84 	 978615.39
-50.6992 	 -23.5783 	 741.94 	 978614.35
-50.6069 	 -23.6367 	 911.67 	 978581.34
-50.7114 	 -23.6642 	 863.14 	 978595.99
-50.4997 	 -23.4981 	 779.73 	 978600.31
-50.4764 	 -23.4275 	 572.57 	 978637.09
-50.3597 	 -23.4064 	 576.72 	 978642.12
-50.2483 	 -23.4369 	 508.15 	 978663.71
-50.1606 	 -23.4769 	 483.76 	 978671.37
-50.8161 	 -23.2728 	 471.49 	 978659.28
-50.8856 	 -23.2858 	 433.97 	 978664.07
-50.8842 	 -23.1592 	 468.26 	 978642.75
-50.9483 	 -23.2061 	 349.63 	 978668.48
-50.9164 	 -23.0725 	 429.44 	 978640.43
-50.5122 	 -23.2411 	 451.81 	 978661.92
-50.425 	 -23.2661 	 499.87 	 978650.01
-50.4431 	 -23.3292 	 438.97 	 978663.41
-50.7958 	 -23.1997 	 426.79 	 978662.96
-50.8519 	 -22.9911 	 408.15 	 978640.4
-50.9878 	 -22.8064 	 331.73 	 978662.69
-50.8781 	 -22.8325 	 354.51 	 978653.46
-50.8631 	 -22.9086 	 390.31 	 978645.55
-50.7789 	 -23.0603 	 485.89 	 978631.74
-50.4281 	 -23.1911 	 390.16 	 978669.4
-50.355 	 -23.2244 	 505.07 	 978643.58
-50.3356 	 -23.3006 	 628.74 	 978621.83
-50.2886 	 -23.3672 	 607.86 	 978634.28
-50.2114 	 -23.3553 	 565.51 	 978639.24
-50.7031 	 -23.1025 	 506.79 	 978640.09
-50.8158 	 -23.1258 	 355.6 	 978663.11
-50.9581 	 -23.135 	 364.85 	 978657.85
-50.2139 	 -23.6319 	 547.05 	 978669.61
-50.2281 	 -23.7033 	 609.54 	 978654.45
-50.3108 	 -23.6344 	 525.44 	 978675.82
-50.7075 	 -22.9994 	 395.39 	 978650.45
-50.6294 	 -22.9683 	 358.48 	 978664.5
-50.2769 	 -23.1439 	 416.68 	 978655.4
-50.2208 	 -23.1894 	 408.48 	 978662.25
-50.6506 	 -23.1817 	 675.05 	 978613.73
-50.2086 	 -23.0986 	 422.78 	 978648.77
-50.1372 	 -23.1167 	 424.78 	 978655.39
-50.14 	 -23.2311 	 512.88 	 978640.98
-50.1842 	 -23.275 	 457.08 	 978657.34
-49.7133 	 -24.2561 	 838.45 	 978669.7
-49.9942 	 -23.0031 	 466.56 	 978637.79
-50.0703 	 -23.3092 	 475.32 	 978654.04
-49.5006 	 -25.8719 	 815.37 	 978796.02
-51.4236 	 -23.475 	 810.94 	 978618.27
-51.1139 	 -23.3303 	 539.45 	 978642.17
-51.0247 	 -23.3483 	 479.97 	 978650.49
-51.0297 	 -23.4492 	 445.59 	 978669.25
-51.1267 	 -23.4197 	 470.06 	 978662.38
-50.5758 	 -23.0506 	 470.02 	 978648.48
-50.5358 	 -22.9472 	 357.18 	 978666.35
-50.1581 	 -23.0361 	 432.85 	 978638.17
-50.0692 	 -23.1517 	 498.07 	 978638.32
-50.0447 	 -23.2278 	 532.98 	 978632.48
-50.6114 	 -23.11 	 434.75 	 978658.45
-50.4128 	 -22.915 	 344.69 	 978656.11
-50.4003 	 -22.9983 	 466.42 	 978637.92
-51.3986 	 -23.6106 	 773.45 	 978632.15
-51.1361 	 -23.9339 	 899.68 	 978625.34
-51.3197 	 -23.6014 	 702.12 	 978642.39
-51.2275 	 -23.5858 	 505.48 	 978673.57
-51.1469 	 -23.6019 	 598.51 	 978656.94
-51.5414 	 -23.5619 	 834.8 	 978614.06
-51.5078 	 -23.7633 	 604.95 	 978668.66
-50.2673 	 -23.0746 	 450.59 	 978642.31
-50.1211 	 -23.0395 	 486.24 	 978629.04
-49.9507 	 -23.0013 	 470.71 	 978636.42
-49.9333 	 -23.0713 	 463.15 	 978642.47
-51.3653 	 -23.7258 	 611.68 	 978666.07
-50.9633 	 -22.9872 	 352.25 	 978655.43
-51.0811 	 -23.0872 	 438.15 	 978645.38
-51.1681 	 -23.2242 	 555.73 	 978629.92
-51.0136 	 -23.0928 	 341.32 	 978661.47
-51.1764 	 -23.0683 	 608.25 	 978613.39
-51.4033 	 -23.2492 	 719.96 	 978614.51
-51.3342 	 -23.2133 	 518.6 	 978645.78
-51.2653 	 -23.1894 	 473.44 	 978649.93
-51.3064 	 -23.1194 	 415.25 	 978660.03
-51.3892 	 -23.1464 	 536.51 	 978645.03
-51.2697 	 -22.9811 	 407.39 	 978655.44
-51.2792 	 -23.0439 	 379.37 	 978663.7
-51.3572 	 -23.0525 	 395.16 	 978665.18
-51.5075 	 -23.2561 	 603.29 	 978645.4
-51.3592 	 -22.9669 	 363.55 	 978667.97
-51.5619 	 -23.095 	 525.3 	 978651.16
-51.6139 	 -23.0178 	 589.5 	 978632.14
-51.5908 	 -22.9464 	 436.84 	 978661.22
-51.5 	 -22.9494 	 520.26 	 978641.42
-51.5653 	 -23.7031 	 576.58 	 978670.57
-51.6103 	 -23.6528 	 570.06 	 978669.51
-51.7319 	 -23.5075 	 643.02 	 978647.94
-51.3656 	 -23.4175 	 704.65 	 978635.76
-51.4392 	 -23.7439 	 527.37 	 978682.57
-51.4244 	 -23.8242 	 703.1 	 978651.45
-51.4614 	 -23.6792 	 640.01 	 978659.83
-51.5856 	 -23.4814 	 676.68 	 978644.4
-51.3981 	 -23.3606 	 757.49 	 978619.45
-50.4853 	 -23.0839 	 373.19 	 978668.55
-50.3047 	 -23.0214 	 450.76 	 978637.57
-50.1519 	 -22.9739 	 367.15 	 978647.23
-50.2539 	 -22.9558 	 372.31 	 978642.0
-50.0706 	 -23.4158 	 473.59 	 978667.38
-50.1197 	 -23.3647 	 484.07 	 978672.48
-51.3819 	 -22.8414 	 462.71 	 978642.89
-51.4344 	 -22.9178 	 473.5 	 978646.75
-51.4447 	 -23.01 	 567.42 	 978634.35
-51.4408 	 -23.1906 	 650.12 	 978627.69
-51.3739 	 -22.7467 	 420.59 	 978644.59
-51.3278 	 -22.9 	 337.73 	 978667.89
-51.2447 	 -22.9078 	 507.83 	 978628.92
-51.2872 	 -22.8378 	 351.77 	 978658.28
-51.275 	 -22.7656 	 413.68 	 978642.37
-51.3819 	 -22.6647 	 296.43 	 978665.19
-51.1961 	 -22.855 	 332.13 	 978658.99
-51.1053 	 -22.8486 	 372.65 	 978652.51
-51.0225 	 -22.8681 	 349.62 	 978658.64
-51.0831 	 -22.9214 	 491.0 	 978631.24
-51.1981 	 -22.9839 	 593.04 	 978614.46
-51.0344 	 -23.0292 	 371.27 	 978653.76
-51.0322 	 -22.9364 	 335.95 	 978659.54
-49.9056 	 -23.8975 	 684.55 	 978667.43
-49.9233 	 -23.9681 	 761.37 	 978656.21
-49.8392 	 -23.9194 	 684.53 	 978666.25
-49.7175 	 -23.9119 	 651.44 	 978676.96
-49.5514 	 -23.9642 	 527.33 	 978708.48
-51.7422 	 -23.9725 	 404.17 	 978711.38
-51.6528 	 -23.9831 	 471.95 	 978697.69
-51.6797 	 -23.9228 	 350.67 	 978720.9
-51.5044 	 -23.9211 	 662.18 	 978661.8
-51.7067 	 -22.7675 	 394.54 	 978664.05
-51.625 	 -22.7003 	 338.65 	 978666.28
-51.7711 	 -22.7111 	 398.47 	 978662.57
-51.7689 	 -22.7844 	 428.15 	 978658.76
-51.7875 	 -22.8594 	 356.75 	 978680.07
-51.8567 	 -22.7628 	 394.51 	 978667.67
-51.9331 	 -22.8161 	 354.3 	 978684.24
-51.7761 	 -22.9483 	 480.99 	 978657.7
-51.8628 	 -22.8972 	 464.77 	 978663.42
-51.9508 	 -22.9517 	 341.61 	 978695.15
-51.8561 	 -22.9644 	 345.86 	 978691.91
-51.6378 	 -23.0925 	 411.12 	 978673.8
-51.6767 	 -23.1736 	 596.75 	 978639.92
-51.9622 	 -22.6192 	 365.1 	 978669.95
-51.7322 	 -23.1272 	 479.92 	 978661.11
-51.8308 	 -23.0328 	 484.55 	 978663.88
-51.7369 	 -23.0061 	 439.18 	 978666.99
-50.0397 	 -23.5144 	 492.07 	 978669.91
-50.0517 	 -23.585 	 536.22 	 978667.98
-50.0397 	 -23.7131 	 497.02 	 978682.9
-50.0822 	 -23.6783 	 465.36 	 978687.5
-49.9047 	 -23.2647 	 577.95 	 978634.39
-49.8681 	 -23.3478 	 519.52 	 978656.58
-50.1536 	 -23.5447 	 491.67 	 978671.94
-50.1703 	 -23.7261 	 596.7 	 978655.47
-50.3439 	 -23.7175 	 504.45 	 978679.33
-50.2769 	 -23.785 	 634.55 	 978654.13
-49.7914 	 -23.3786 	 515.24 	 978658.97
-49.725 	 -23.4331 	 509.55 	 978664.89
-49.6267 	 -23.6 	 493.94 	 978685.88
-50.3706 	 -23.8069 	 561.5 	 978679.0
-50.3872 	 -23.9411 	 818.73 	 978650.71
-49.8481 	 -23.5075 	 661.78 	 978631.58
-49.7544 	 -23.5183 	 528.14 	 978665.41
-49.8933 	 -23.515 	 750.25 	 978624.83
-50.0572 	 -23.7939 	 601.55 	 978671.38
-49.9942 	 -23.7769 	 560.11 	 978681.29
-50.0381 	 -23.9358 	 594.49 	 978689.65
-50.1175 	 -23.9128 	 769.74 	 978647.83
-50.2125 	 -23.9189 	 983.27 	 978594.12
-50.2222 	 -23.5144 	 524.92 	 978665.55
-51.2844 	 -22.72 	 405.86 	 978642.86
-51.4542 	 -22.8022 	 403.83 	 978655.15
-51.5269 	 -22.8094 	 412.12 	 978656.22
-51.6192 	 -22.815 	 407.61 	 978659.83
-51.6339 	 -22.7553 	 358.04 	 978666.42
-51.5672 	 -22.8836 	 435.49 	 978657.2
-51.4872 	 -22.8842 	 443.92 	 978653.85
-51.6192 	 -22.895 	 505.94 	 978644.19
-51.6831 	 -22.9511 	 507.9 	 978648.34
-49.4953 	 -24.385 	 1074.65 	 978628.05
-49.4897 	 -24.4347 	 952.28 	 978660.56
-49.6925 	 -24.5786 	 1070.08 	 978655.76
-49.3992 	 -25.0958 	 648.91 	 978791.44
-49.3625 	 -25.1642 	 834.84 	 978761.51
-49.4031 	 -25.2564 	 843.67 	 978766.86
-49.31 	 -25.2181 	 991.67 	 978734.29
-49.5364 	 -24.4567 	 953.14 	 978660.12
-49.5519 	 -24.3847 	 942.83 	 978656.92
-49.5558 	 -24.325 	 1193.77 	 978602.18
-49.8017 	 -24.3398 	 1103.67 	 978632.91
-49.9173 	 -24.5148 	 1058.46 	 978667.27
-49.9658 	 -24.6305 	 1006.99 	 978690.94
-49.9992 	 -24.7476 	 1062.76 	 978681.88
-50.0518 	 -24.8826 	 1079.32 	 978682.74
-50.1321 	 -24.9998 	 922.4 	 978716.79
-49.5897 	 -25.4639 	 935.93 	 978737.11
-49.2942 	 -25.4736 	 938.46 	 978753.36
-49.2496 	 -25.4577 	 888.47 	 978766.38
-49.5359 	 -25.8911 	 858.11 	 978789.85
-49.2873 	 -25.5101 	 929.08 	 978755.32
-49.7785 	 -26.0479 	 850.52 	 978796.75
-49.7921 	 -25.9467 	 783.42 	 978798.0
-49.7589 	 -25.8823 	 838.78 	 978782.95
-49.4754 	 -25.64 	 878.76 	 978761.79
-49.4514 	 -25.6254 	 919.89 	 978753.98
-49.6886 	 -25.717 	 952.95 	 978743.9
-49.3665 	 -25.5468 	 936.22 	 978750.05
-49.294 	 -25.4972 	 932.05 	 978753.88
-50.0844 	 -24.0097 	 712.06 	 978673.93
-50.1472 	 -23.9775 	 830.73 	 978645.05
-50.2353 	 -23.9697 	 605.36 	 978689.37
-50.3064 	 -23.5342 	 583.68 	 978655.49
-49.9836 	 -23.8803 	 568.85 	 978689.19
-49.8922 	 -23.7622 	 628.51 	 978664.96
-50.4342 	 -23.7711 	 512.72 	 978685.12
-49.8633 	 -23.44 	 642.73 	 978635.9
-49.8342 	 -23.5981 	 632.15 	 978644.52
-49.9672 	 -23.5989 	 524.81 	 978672.81
-50.645 	 -23.7275 	 1036.55 	 978542.31
-49.99 	 -23.3069 	 504.21 	 978651.11
-49.9294 	 -23.3417 	 474.34 	 978662.95
-49.9783 	 -23.4117 	 628.7 	 978638.04
-49.7408 	 -23.6936 	 555.34 	 978676.68
-49.6667 	 -23.6717 	 546.73 	 978678.77
-49.5808 	 -23.7017 	 496.87 	 978691.15
-49.6325 	 -23.7494 	 514.82 	 978692.17
-49.8797 	 -23.8425 	 678.65 	 978664.66
-51.2725 	 -23.9481 	 999.89 	 978608.08
-51.3344 	 -23.915 	 825.95 	 978639.63
-51.4119 	 -23.9558 	 753.57 	 978651.4
-51.5956 	 -24.0069 	 527.75 	 978687.36
-51.7381 	 -23.8992 	 427.66 	 978701.67
-51.7331 	 -23.8275 	 441.81 	 978694.74
-51.7117 	 -23.7525 	 536.61 	 978676.57
-51.0686 	 -23.8906 	 1002.46 	 978600.72
-50.9606 	 -23.6253 	 468.75 	 978677.15
-51.0314 	 -23.5619 	 431.87 	 978683.14
-50.9569 	 -23.5064 	 441.49 	 978673.86
-51.0636 	 -23.6483 	 716.52 	 978635.98
-51.1097 	 -23.8186 	 716.95 	 978658.33
-50.8517 	 -23.9264 	 671.79 	 978672.79
-51.5525 	 -23.87 	 407.65 	 978710.48
-51.5314 	 -23.8053 	 599.47 	 978671.39
-51.6017 	 -23.8078 	 478.56 	 978692.66
-51.6839 	 -23.3575 	 569.54 	 978652.52
-51.6314 	 -23.3097 	 629.81 	 978639.82
-51.58 	 -23.3858 	 680.87 	 978638.27
-51.6633 	 -23.4158 	 539.69 	 978662.81
-51.82 	 -23.0761 	 516.82 	 978655.97
-51.9417 	 -23.0372 	 476.33 	 978670.27
-51.9444 	 -23.0994 	 410.79 	 978685.11
-51.8681 	 -23.2544 	 484.95 	 978667.32
-51.8619 	 -23.5433 	 519.62 	 978674.03
-51.8044 	 -23.5917 	 536.97 	 978671.61
-49.2953 	 -24.7606 	 547.54 	 978775.6
-49.3131 	 -24.6886 	 633.5 	 978754.84
-49.3225 	 -24.8622 	 479.08 	 978803.01
-49.2317 	 -25.0869 	 599.52 	 978809.52
-49.6947 	 -24.7747 	 1048.81 	 978688.51
-49.7144 	 -24.8489 	 909.13 	 978727.54
-49.3717 	 -24.7475 	 466.05 	 978791.98
-49.4033 	 -24.6861 	 772.11 	 978733.29
-49.4444 	 -24.5869 	 898.43 	 978691.16
-49.5072 	 -24.5775 	 1026.39 	 978656.11
-49.5314 	 -24.7192 	 737.47 	 978748.61
-49.2072 	 -24.8564 	 665.32 	 978767.95
-49.1686 	 -24.9219 	 726.99 	 978762.73
-49.4258 	 -24.9617 	 507.91 	 978823.35
-49.4086 	 -24.8992 	 393.17 	 978838.62
-49.4961 	 -24.9247 	 389.01 	 978834.9
-49.3406 	 -24.3447 	 886.67 	 978660.58
-49.3219 	 -24.2928 	 946.57 	 978649.45
-49.3819 	 -24.2953 	 918.78 	 978656.39
-49.3547 	 -24.8139 	 309.28 	 978830.48
-49.4633 	 -24.8536 	 441.55 	 978816.8
-49.5219 	 -24.8036 	 679.01 	 978758.24
-49.6122 	 -24.7836 	 910.71 	 978721.7
-49.3939 	 -24.4208 	 995.72 	 978642.71
-49.4256 	 -24.34 	 980.57 	 978641.77
-50.248 	 -23.0579 	 461.37 	 978632.99
-50.1958 	 -23.0352 	 468.46 	 978626.9
-50.1728 	 -23.0389 	 467.5 	 978630.09
-50.144 	 -23.0336 	 471.02 	 978630.77
-50.0067 	 -23.0094 	 469.53 	 978637.23
-50.0338 	 -23.0233 	 449.34 	 978642.87
-50.0618 	 -23.034 	 455.06 	 978643.79
-49.9236 	 -23.0025 	 443.71 	 978644.15
-49.9068 	 -23.0088 	 387.04 	 978658.43
-49.9235 	 -23.04 	 400.02 	 978653.11
-49.9393 	 -23.0962 	 433.78 	 978649.37
-51.8639 	 -23.4453 	 551.2 	 978663.89
-49.4758 	 -25.1375 	 749.7 	 978774.15
-49.6433 	 -25.0667 	 665.09 	 978770.78
-49.3389 	 -25.0103 	 477.34 	 978823.51
-49.5058 	 -24.5469 	 1045.98 	 978650.02
-49.5631 	 -24.4958 	 1008.42 	 978655.46
-49.72 	 -24.5 	 1034.85 	 978655.39
-49.2839 	 -24.9053 	 364.05 	 978833.29
-49.6517 	 -24.8994 	 744.13 	 978754.54
-49.6747 	 -25.1414 	 924.14 	 978720.66
-49.2422 	 -24.8908 	 649.75 	 978772.37
-49.7297 	 -24.3289 	 1115.75 	 978622.29
-49.5592 	 -24.9406 	 420.63 	 978824.06
-49.7203 	 -25.0339 	 551.54 	 978793.44
-52.1217 	 -23.1986 	 518.7 	 978672.28
-51.7233 	 -23.4536 	 637.33 	 978645.22
-51.8578 	 -23.1322 	 569.37 	 978645.51
-51.7511 	 -23.3039 	 555.4 	 978652.95
-51.8469 	 -23.32 	 413.86 	 978682.56
-51.8436 	 -23.6617 	 512.99 	 978679.75
-51.8669 	 -23.7422 	 387.71 	 978706.18
-51.6914 	 -22.8586 	 459.81 	 978654.77
-51.6925 	 -22.7019 	 379.34 	 978662.95
-51.4694 	 -22.7136 	 387.58 	 978652.91
-51.8606 	 -22.8353 	 414.52 	 978668.91
-51.9456 	 -22.8792 	 398.6 	 978679.83
-49.8197 	 -24.1451 	 837.51 	 978666.27
-49.791 	 -24.1756 	 928.68 	 978651.51
-49.2356 	 -25.4497 	 907.65 	 978762.51
-49.8744 	 -24.4835 	 1078.51 	 978651.12
-49.927 	 -24.5363 	 1023.85 	 978677.24
-49.9429 	 -24.5815 	 1021.63 	 978685.99
-49.9552 	 -24.6064 	 1042.55 	 978684.29
-49.9759 	 -24.6804 	 997.94 	 978693.63
-49.9829 	 -24.712 	 1035.72 	 978685.43
-49.97 	 -24.6531 	 1003.15 	 978692.86
-50.0059 	 -24.7805 	 991.27 	 978697.81
-50.017 	 -24.817 	 987.85 	 978700.65
-50.0256 	 -24.8398 	 1049.91 	 978686.37
-50.0737 	 -24.8995 	 1094.6 	 978680.51
-50.1148 	 -24.9778 	 1033.83 	 978692.97
-50.1716 	 -25.0403 	 891.75 	 978723.43
-50.1788 	 -25.0603 	 914.77 	 978718.81
-50.1043 	 -24.9372 	 1057.42 	 978687.29
-49.7377 	 -25.4521 	 1045.25 	 978717.46
-49.6486 	 -25.4762 	 1156.4 	 978698.11
-49.5406 	 -25.4561 	 961.84 	 978738.58
-49.635 	 -25.4733 	 1083.92 	 978710.76
-49.3346 	 -25.4307 	 932.76 	 978760.31
-49.2753 	 -25.495 	 923.74 	 978757.46
-49.2614 	 -25.4789 	 896.81 	 978764.27
-49.3686 	 -25.4322 	 968.67 	 978752.78
-49.5612 	 -25.899 	 904.21 	 978781.54
-49.5875 	 -25.9094 	 828.55 	 978797.52
-49.6084 	 -25.9159 	 809.02 	 978800.99
-49.4624 	 -25.8718 	 842.07 	 978789.8
-49.4367 	 -25.8662 	 885.49 	 978780.27
-49.3847 	 -25.8651 	 902.21 	 978770.39
-49.318 	 -25.7341 	 903.26 	 978770.86
-49.313 	 -25.6599 	 909.45 	 978770.67
-49.3033 	 -25.5436 	 931.48 	 978755.86
-49.776 	 -26.0264 	 922.23 	 978780.32
-49.7873 	 -26.0954 	 786.53 	 978810.66
-51.5939 	 -23.1806 	 571.39 	 978647.69
-51.7617 	 -22.6483 	 380.07 	 978664.19
-51.8839 	 -22.6586 	 343.97 	 978675.22
-51.9539 	 -22.7125 	 378.25 	 978670.48
-51.8869 	 -22.7153 	 408.62 	 978663.05
-51.5178 	 -23.1869 	 472.9 	 978666.98
-51.7236 	 -23.0633 	 403.66 	 978675.42
-50.0164 	 -23.6431 	 575.45 	 978662.07
-50.1169 	 -23.7556 	 612.99 	 978656.48
-50.1875 	 -23.7911 	 713.88 	 978632.95
-49.7272 	 -23.6092 	 581.92 	 978666.12
-50.0717 	 -23.8594 	 772.14 	 978642.41
-50.5028 	 -23.7608 	 524.12 	 978681.45
-50.32 	 -23.9939 	 709.69 	 978677.71
-50.3211 	 -23.9394 	 581.96 	 978700.51
-49.7881 	 -23.4569 	 645.09 	 978636.28
-50.7778 	 -23.7942 	 1057.01 	 978575.87
-49.7147 	 -23.7464 	 664.76 	 978660.2
-49.9519 	 -23.6972 	 501.76 	 978679.47
-49.6222 	 -23.9194 	 602.94 	 978686.84
-49.6375 	 -23.9906 	 587.72 	 978693.65
-49.7131 	 -23.9783 	 655.87 	 978681.7
-51.1861 	 -23.845 	 928.07 	 978616.12
-50.9742 	 -23.9122 	 766.64 	 978652.91
-51.005 	 -23.8222 	 766.66 	 978643.01
-50.8272 	 -23.9875 	 763.16 	 978658.81
-50.9128 	 -23.8833 	 713.59 	 978662.45
-51.5728 	 -23.7258 	 499.66 	 978686.22
-50.9 	 -23.765 	 715.12 	 978646.5
-51.2019 	 -23.9586 	 1011.86 	 978604.56
-49.5692 	 -25.09 	 754.61 	 978764.91
-49.6256 	 -24.4925 	 912.08 	 978675.94
-49.7553 	 -24.4442 	 986.49 	 978661.2
-49.6522 	 -24.4069 	 944.16 	 978662.98
-49.2169 	 -25.2481 	 972.11 	 978744.55
-49.2125 	 -25.1867 	 925.45 	 978741.03
-49.5328 	 -25.1981 	 682.18 	 978788.06
-49.6425 	 -24.9583 	 783.06 	 978746.31
-49.6131 	 -25.1967 	 662.56 	 978779.58
-54.0648 	 -25.5611 	 218.09 	 978893.95
-54.4016 	 -25.5429 	 275.85 	 978887.87
-54.4696 	 -25.5523 	 209.9 	 978900.01
-49.9468 	 -23.1302 	 472.29 	 978645.27
-49.9885 	 -23.214 	 509.94 	 978638.12
-50.0229 	 -23.2239 	 503.61 	 978638.82
-50.0522 	 -23.2572 	 606.7 	 978619.11
-50.0814 	 -23.2992 	 479.06 	 978651.47
-50.0669 	 -23.3383 	 471.8 	 978659.47
-50.0656 	 -23.3647 	 487.85 	 978658.52
-50.0608 	 -23.3828 	 500.35 	 978657.74
-50.0069 	 -23.4472 	 522.92 	 978661.19
-49.9842 	 -23.4639 	 529.76 	 978662.04
-49.9589 	 -23.4756 	 558.04 	 978658.44
-50.9017 	 -23.5397 	 463.29 	 978672.8
-51.2261 	 -23.6539 	 591.0 	 978666.13
-51.1794 	 -23.6878 	 738.92 	 978638.21
-51.2933 	 -23.6775 	 738.75 	 978638.71
-51.3267 	 -23.5528 	 688.77 	 978644.08
-51.1575 	 -23.5247 	 649.41 	 978640.3
-51.2406 	 -23.4394 	 614.2 	 978642.98
-51.2947 	 -23.4089 	 636.63 	 978642.61
-51.3664 	 -23.7833 	 622.94 	 978667.07
-51.5033 	 -23.4986 	 604.91 	 978660.88
-51.5122 	 -23.4228 	 684.2 	 978641.67
-51.2061 	 -22.7556 	 342.28 	 978652.19
-51.1233 	 -23.0081 	 460.04 	 978638.06
-50.9247 	 -22.8667 	 368.3 	 978652.65
-51.0739 	 -23.1772 	 461.88 	 978643.04
-50.9853 	 -23.2125 	 422.07 	 978653.55
-51.4475 	 -23.3272 	 739.0 	 978622.78
-51.535 	 -23.0158 	 562.82 	 978636.98
-49.7668 	 -24.2203 	 962.01 	 978645.31
-49.7326 	 -24.2518 	 927.23 	 978652.18
-49.7327 	 -24.2657 	 859.49 	 978667.76
-49.9192 	 -23.5163 	 638.07 	 978643.64
-49.9138 	 -23.5676 	 673.51 	 978638.34
-49.8636 	 -23.6009 	 671.54 	 978637.71
-49.8409 	 -23.644 	 632.69 	 978648.08
-49.8451 	 -23.6198 	 676.13 	 978636.48
-49.8266 	 -23.6889 	 670.0 	 978650.37
-49.807 	 -23.6995 	 661.89 	 978654.75
-49.7846 	 -23.7346 	 667.61 	 978656.89
-49.8024 	 -23.7784 	 738.54 	 978645.95
-49.7904 	 -23.8305 	 764.53 	 978643.91
-49.8249 	 -23.8923 	 769.0 	 978647.86
-49.8114 	 -23.966 	 832.38 	 978641.89
-49.8255 	 -24.0129 	 820.71 	 978647.53
-49.8442 	 -24.0854 	 863.86 	 978653.13
-49.8503 	 -24.1158 	 884.02 	 978654.64
-49.7437 	 -24.2883 	 945.86 	 978652.35
-49.762 	 -24.3083 	 1040.21 	 978636.25
-49.7847 	 -24.324 	 1076.96 	 978634.66
-49.8331 	 -24.3731 	 1160.9 	 978624.55
-49.8632 	 -24.4036 	 1090.71 	 978643.56
-49.743 	 -25.8296 	 883.22 	 978768.43
-49.1217 	 -25.7852 	 943.19 	 978786.86
-49.134 	 -25.7283 	 926.81 	 978782.55
-49.1454 	 -25.6906 	 905.24 	 978773.43
-49.159 	 -25.644 	 894.91 	 978770.23
-49.168 	 -25.6208 	 920.51 	 978765.36
-49.1524 	 -25.6702 	 907.76 	 978771.56
-49.1255 	 -25.7607 	 954.56 	 978784.35
-49.1352 	 -25.8045 	 914.64 	 978792.09
-49.537 	 -25.6787 	 882.77 	 978762.07
-49.5114 	 -25.6733 	 895.29 	 978760.29
-49.5047 	 -25.6422 	 886.76 	 978758.48
-49.4086 	 -25.5946 	 901.88 	 978757.59
-49.1735 	 -25.5994 	 881.56 	 978775.93
-49.1877 	 -25.5562 	 909.7 	 978773.98
-49.2252 	 -25.4775 	 888.97 	 978768.37
-49.7007 	 -25.7283 	 991.9 	 978736.22
-49.6586 	 -25.7196 	 963.89 	 978744.94
-49.4142 	 -25.5931 	 874.67 	 978763.07
-51.5467 	 -22.7436 	 405.99 	 978652.63
-51.1647 	 -22.9258 	 527.98 	 978623.05
-51.2339 	 -23.7425 	 798.9 	 978633.1
-51.3408 	 -23.4953 	 715.47 	 978637.98
-51.4867 	 -23.6083 	 763.18 	 978632.33
-50.9336 	 -22.9331 	 333.36 	 978658.12
-51.2336 	 -23.1397 	 457.36 	 978647.55
-50.5158 	 -23.8303 	 608.68 	 978672.04
-49.6253 	 -23.8286 	 585.97 	 978680.29
-50.6847 	 -23.9569 	 698.61 	 978672.08
-51.3694 	 -23.8636 	 756.51 	 978645.21
-50.9156 	 -23.97 	 764.37 	 978659.47
-49.7267 	 -23.8342 	 604.29 	 978675.93
-51.7483 	 -23.3842 	 527.38 	 978661.49
-51.8403 	 -23.4258 	 510.21 	 978669.65
-49.5614 	 -25.2761 	 679.98 	 978786.88
-49.6197 	 -24.3047 	 1166.35 	 978608.46
-49.715 	 -24.3811 	 1012.08 	 978646.54
-49.1975 	 -24.7614 	 247.14 	 978822.18
-49.5697 	 -24.5633 	 1054.48 	 978657.79
-54.5301 	 -25.5502 	 217.92 	 978899.71
-49.6317 	 -24.7008 	 955.05 	 978705.21
-49.6131 	 -24.6119 	 1001.72 	 978675.51
-49.5342 	 -24.6372 	 838.13 	 978707.82
-49.4622 	 -24.6253 	 793.85 	 978724.32
-49.2219 	 -24.9739 	 619.53 	 978791.53
-49.3261 	 -24.4681 	 820.68 	 978695.85
-49.2689 	 -24.4297 	 1001.27 	 978656.15
-49.2606 	 -24.3644 	 879.18 	 978670.22
-49.3547 	 -24.9531 	 668.59 	 978783.27
-49.4194 	 -25.0239 	 710.47 	 978781.02
-49.5144 	 -24.9872 	 650.94 	 978784.21
-49.545 	 -24.8819 	 745.24 	 978753.6
-49.49 	 -24.3356 	 884.33 	 978659.65
-49.4875 	 -24.5078 	 1007.77 	 978652.71
-49.7814 	 -24.7267 	 1044.54 	 978680.03
-49.8325 	 -24.6625 	 1037.36 	 978678.9
-49.7253 	 -24.6475 	 1066.75 	 978664.14
-49.4442 	 -25.2053 	 769.53 	 978773.57
-49.2897 	 -25.1386 	 933.88 	 978744.38
-49.6097 	 -24.4125 	 977.96 	 978654.49
-49.5244 	 -24.2792 	 1126.41 	 978609.91
-49.6631 	 -24.3425 	 1245.57 	 978593.44
-49.5031 	 -25.0708 	 547.59 	 978814.76
-49.5767 	 -25.0194 	 704.35 	 978768.5
-49.7895 	 -26.075 	 825.62 	 978802.85
-49.5735 	 -25.6948 	 956.25 	 978748.16
-48.9341 	 -25.8795 	 462.52 	 978879.63
-50.2303 	 -23.05 	 479.29 	 978628.05
-50.2253 	 -23.0383 	 461.52 	 978628.53
-49.9808 	 -23.0014 	 431.89 	 978643.06
-49.9589 	 -23.1519 	 430.17 	 978653.84
-49.9728 	 -23.1581 	 471.24 	 978644.27
-49.9322 	 -23.4917 	 593.26 	 978653.17
-49.7064 	 -24.2483 	 890.36 	 978657.61
-49.7878 	 -24.2025 	 955.71 	 978648.95
-49.9147 	 -23.5667 	 676.52 	 978637.93
-49.9008 	 -23.5581 	 639.73 	 978644.33
-49.8147 	 -23.9386 	 816.27 	 978641.68
-50.0167 	 -24.7875 	 1006.23 	 978696.28
-50.0342 	 -24.8625 	 1062.03 	 978686.38
-50.0933 	 -24.9172 	 1136.86 	 978671.68
-50.1514 	 -25.0225 	 862.34 	 978729.08
-49.3047 	 -25.4528 	 905.54 	 978763.11
-54.2633 	 -24.1053 	 275.72 	 978792.73
-54.2648 	 -24.1249 	 257.93 	 978797.95
-54.2473 	 -24.2119 	 309.31 	 978789.19
-54.2385 	 -24.238 	 338.71 	 978783.75
-54.229 	 -24.2611 	 274.96 	 978795.45
-54.2108 	 -24.3063 	 322.21 	 978792.89
-54.2481 	 -24.3929 	 251.82 	 978813.15
-54.247 	 -24.4078 	 259.4 	 978812.85
-54.2974 	 -24.4792 	 260.38 	 978818.77
-54.2311 	 -24.6374 	 279.38 	 978828.86
-54.2397 	 -24.6592 	 272.41 	 978833.84
-54.3355 	 -24.8581 	 263.15 	 978858.8
-54.2422 	 -24.7773 	 272.62 	 978846.43
-54.2091 	 -24.7157 	 247.51 	 978837.38
-54.2529 	 -24.6173 	 276.84 	 978828.37
-54.2782 	 -24.607 	 238.68 	 978835.34
-54.5287 	 -25.4986 	 262.26 	 978885.41
-54.5014 	 -25.3657 	 226.78 	 978889.57
-54.4748 	 -25.4054 	 241.59 	 978888.47
-53.9039 	 -25.6083 	 287.59 	 978884.46
-53.8526 	 -25.6303 	 286.61 	 978884.72
-53.8387 	 -25.6464 	 294.34 	 978883.52
-53.7708 	 -25.7072 	 386.61 	 978865.07
-53.7594 	 -25.7189 	 378.56 	 978866.38
-49.7883 	 -24.5189 	 1036.8 	 978659.25
-49.8506 	 -24.5728 	 1047.15 	 978669.24
-49.7806 	 -24.6331 	 1001.68 	 978680.99
-49.4694 	 -25.2828 	 759.04 	 978778.71
-51.7697 	 -23.8689 	 476.66 	 978690.37
-51.7247 	 -23.6403 	 498.24 	 978684.06
-49.3533 	 -24.5578 	 857.77 	 978697.13
-49.2661 	 -25.0122 	 938.31 	 978734.07
-49.3153 	 -25.0661 	 634.64 	 978798.23
-49.7914 	 -24.8019 	 1036.49 	 978686.36
-49.7342 	 -24.9353 	 817.7 	 978750.47
-49.3475 	 -24.645 	 737.63 	 978735.38
-49.4106 	 -24.4956 	 1049.67 	 978644.42
-49.7909 	 -26.0023 	 848.24 	 978791.53
-49.7914 	 -25.9759 	 866.26 	 978784.43
-49.6326 	 -25.9312 	 842.57 	 978794.49
-49.6475 	 -25.952 	 806.76 	 978804.03
-49.7109 	 -26.0538 	 823.5 	 978808.03
-49.7302 	 -26.0658 	 802.09 	 978812.23
-49.7903 	 -25.9285 	 829.99 	 978787.4
-49.7715 	 -25.9083 	 853.97 	 978781.98
-52.1252 	 -22.6198 	 280.03 	 978690.82
-53.5236 	 -22.8953 	 301.34 	 978692.8
-53.6029 	 -22.9667 	 232.57 	 978706.52
-53.6087 	 -23.0493 	 244.5 	 978705.71
-51.1536 	 -23.1414 	 530.79 	 978632.27
-49.7261 	 -25.8111 	 834.02 	 978776.95
-49.7443 	 -25.8606 	 865.28 	 978775.81
-49.6441 	 -25.7188 	 976.83 	 978743.15
-52.1242 	 -23.7922 	 381.43 	 978712.04
-52.1276 	 -23.6229 	 335.17 	 978713.22
-52.4635 	 -23.6316 	 398.2 	 978709.51
-52.619 	 -23.3887 	 362.39 	 978709.06
-52.3846 	 -23.361 	 365.5 	 978706.5
-52.6318 	 -23.1159 	 358.32 	 978696.28
-52.8696 	 -23.1177 	 368.39 	 978697.48
-53.1364 	 -22.8618 	 398.7 	 978674.66
-52.373 	 -22.8727 	 386.38 	 978685.98
-52.3657 	 -22.6357 	 260.09 	 978693.17
-52.712 	 -22.6406 	 265.93 	 978684.7
-49.5468 	 -25.6855 	 904.29 	 978758.45
-49.7228 	 -25.7509 	 886.85 	 978758.44
-49.6007 	 -25.7086 	 976.1 	 978743.46
-49.6258 	 -25.7022 	 989.5 	 978740.13
-49.3478 	 -25.5291 	 906.13 	 978757.26
-49.0459 	 -25.8409 	 888.9 	 978808.58
-49.7905 	 -25.9682 	 833.84 	 978790.15
-49.7621 	 -25.8435 	 819.0 	 978781.85
-50.9536 	 -23.2833 	 409.6 	 978665.89
-51.5869 	 -23.2692 	 692.48 	 978628.5
-50.1478 	 -23.6275 	 484.43 	 978683.02
-51.5436 	 -23.3278 	 722.8 	 978621.17
-53.5553 	 -26.2889 	 844.62 	 978804.18
-53.9671 	 -25.5969 	 258.86 	 978888.6
-53.9437 	 -25.5906 	 285.41 	 978883.25
-53.7098 	 -25.7649 	 411.57 	 978858.74
-53.7009 	 -25.8222 	 532.58 	 978837.67
-53.7208 	 -25.8495 	 416.8 	 978862.38
-53.7219 	 -25.92 	 514.03 	 978849.26
-53.6742 	 -26.0967 	 537.18 	 978851.54
-53.6475 	 -26.159 	 539.45 	 978850.75
-53.6384 	 -26.1344 	 636.23 	 978834.26
-53.6312 	 -26.1852 	 717.91 	 978821.17
-53.6423 	 -26.201 	 726.46 	 978821.81
-54.2008 	 -25.4956 	 280.73 	 978879.5
-54.2588 	 -25.495 	 279.23 	 978882.21
-49.4307 	 -25.617 	 898.36 	 978758.72
-49.0884 	 -25.8457 	 875.52 	 978807.12
-49.0663 	 -25.8461 	 882.08 	 978808.65
-48.9066 	 -25.9436 	 149.77 	 978941.35
-48.9183 	 -25.9194 	 206.49 	 978929.17
-48.9235 	 -25.9036 	 290.63 	 978911.73
-48.9377 	 -25.8601 	 587.77 	 978859.15
-48.9524 	 -25.8538 	 746.3 	 978832.18
-49.3902 	 -25.5632 	 916.03 	 978753.82
-49.325 	 -25.5194 	 893.51 	 978761.57
-49.3018 	 -25.5137 	 912.23 	 978758.48
-48.9739 	 -25.8525 	 774.17 	 978829.86
-48.9967 	 -25.8482 	 796.88 	 978828.37
-49.0223 	 -25.8396 	 839.45 	 978819.7
-53.9791 	 -25.5904 	 227.95 	 978894.61
-53.7222 	 -25.9676 	 580.1 	 978838.04
-53.708 	 -25.8871 	 444.4 	 978859.52
-52.1401 	 -22.93543 	 438.788 	 978676.48
-52.49502 	 -23.02266 	 454.907 	 978672.85
-51.99055 	 -22.85638 	 381.614 	 978682.68
-48.47591 	 -25.69733 	 4.807 	 978996.01
-51.93349 	 -23.40588 	 541.851 	 978666.86
-51.20215 	 -23.32271 	 583.51 	 978636.47
-52.97357 	 -22.73759 	 308.626 	 978692.01
-52.4412 	 -23.09272 	 467.495 	 978677.58
-48.61077 	 -25.87599 	 5.783 	 978981.82
-51.36532 	 -23.31432 	 743.741 	 978615.52
-50.72693 	 -23.24647 	 396.114 	 978672.14
-49.94636 	 -23.50528 	 512.712 	 978669.91
-50.44649 	 -24.00364 	 868.008 	 978651.74
-51.79193 	 -22.69639 	 375.727 	 978667.36
-49.71324 	 -24.25569 	 836.262 	 978670.21
-49.70482 	 -24.24189 	 915.007 	 978651.84
-49.83352 	 -23.68822 	 622.396 	 978659.71
-50.00008 	 -24.78812 	 991.798 	 978699.15
-49.23677 	 -25.45409 	 911.184 	 978761.88
-49.23095 	 -25.44837 	 925.765 	 978759.25
-49.23594 	 -25.45226 	 913.689 	 978761.4
-49.23743 	 -25.45553 	 911.134 	 978761.85
-51.88843 	 -23.19333 	 504.47 	 978663.15
-49.79827 	 -24.1701 	 940.479 	 978647.99
