LONG(deg) 	 LAT(deg) 	 ALT_GEOM(m) 	 GRAV(mGal)
-44.0274 	 -22.5816 	 383.27 	 978656.86
-43.9777 	 -22.5813 	 433.42 	 978650.28
-43.9353 	 -22.6056 	 469.32 	 978648.69
-44.1711 	 -22.6025 	 404.47 	 978646.45
-44.1558 	 -22.6469 	 486.36 	 978638.46
-44.0936 	 -22.6583 	 536.96 	 978634.51
-44.1408 	 -22.7426 	 460.53 	 978659.7
-44.1591 	 -22.7884 	 592.75 	 978639.58
-44.7094 	 -23.1236 	 -0.74 	 978763.62
-44.7081 	 -23.1739 	 8.44 	 978772.88
-44.7133 	 -23.2178 	 -3.72 	 978782.68
-44.7331 	 -23.2231 	 2.09 	 978780.12
-44.687 	 -23.2616 	 41.83 	 978781.32
-44.714 	 -23.3099 	 68.1 	 978783.26
-44.2434 	 -22.8608 	 639.84 	 978632.81
-44.281 	 -22.8927 	 14.05 	 978753.95
-44.5403 	 -23.0272 	 0.63 	 978761.59
-44.5006 	 -23.0236 	 34.83 	 978754.3
-44.4658 	 -23.0042 	 50.87 	 978749.1
-44.5961 	 -23.0447 	 -2.26 	 978759.67
-44.6656 	 -23.0481 	 -0.79 	 978752.33
-44.7064 	 -23.0994 	 -0.29 	 978758.48
-44.1235 	 -22.5597 	 434.73 	 978638.15
-44.0985 	 -22.5893 	 455.63 	 978639.63
-41.3792 	 -21.784 	 1.45 	 978715.86
-41.4209 	 -21.8357 	 4.15 	 978720.12
-41.4885 	 -21.8265 	 20.11 	 978713.67
-41.559 	 -21.8689 	 28.4 	 978715.98
-41.6085 	 -21.9074 	 23.72 	 978719.09
-41.3393 	 -21.544 	 54.62 	 978693.63
-41.3393 	 -21.481 	 42.98 	 978692.44
-41.3468 	 -21.4188 	 82.79 	 978677.68
-41.3338 	 -21.3541 	 42.91 	 978677.12
-41.3186 	 -21.2926 	 14.33 	 978677.49
-41.3152 	 -21.2284 	 8.47 	 978672.02
-43.1843 	 -22.8947 	 -4.63 	 978793.16
-44.5333 	 -22.5508 	 489.51 	 978613.62
-44.5328 	 -22.5711 	 542.46 	 978605.06
-44.55 	 -22.5692 	 499.61 	 978612.79
-44.5725 	 -22.5603 	 487.35 	 978613.07
-44.5522 	 -22.5539 	 483.02 	 978614.25
-44.5381 	 -22.5331 	 454.71 	 978617.67
-44.3683 	 -22.4344 	 385.0 	 978621.03
-44.3389 	 -22.4611 	 408.22 	 978622.75
-44.3783 	 -22.4603 	 391.67 	 978623.93
-44.3017 	 -22.4608 	 396.41 	 978627.96
-44.3128 	 -22.4578 	 397.05 	 978626.63
-44.3372 	 -22.4667 	 686.48 	 978566.94
-44.3586 	 -22.4792 	 391.81 	 978622.77
-44.3783 	 -22.4792 	 443.29 	 978616.51
-41.3328 	 -21.7517 	 4.57 	 978718.89
-41.4128 	 -21.7144 	 6.2 	 978709.74
-44.3764 	 -22.4986 	 506.42 	 978604.88
-44.2867 	 -22.3911 	 417.43 	 978618.66
-44.305 	 -22.3739 	 439.2 	 978616.9
-44.3397 	 -22.3681 	 432.81 	 978615.24
-44.3361 	 -22.3853 	 424.41 	 978618.93
-44.3306 	 -22.4125 	 387.1 	 978622.22
-44.3397 	 -22.4064 	 395.6 	 978622.16
-44.3578 	 -22.4086 	 386.92 	 978624.54
-44.3247 	 -22.3994 	 389.53 	 978623.3
-44.2031 	 -22.4072 	 441.76 	 978620.35
-44.1833 	 -22.3956 	 422.68 	 978623.36
-44.205 	 -22.3844 	 418.89 	 978622.97
-44.2061 	 -22.3597 	 572.97 	 978593.33
-44.2283 	 -22.3722 	 543.11 	 978597.75
-44.2386 	 -22.4028 	 426.33 	 978621.0
-44.2275 	 -22.43 	 416.07 	 978624.51
-44.2339 	 -22.4492 	 416.55 	 978625.43
-44.2467 	 -22.3922 	 412.37 	 978620.68
-44.4567 	 -22.4422 	 357.56 	 978620.38
-44.4667 	 -22.4286 	 410.3 	 978619.81
-44.4758 	 -22.4058 	 483.82 	 978602.77
-44.4825 	 -22.4003 	 456.97 	 978607.62
-44.4928 	 -22.4106 	 501.53 	 978599.32
-44.4897 	 -22.4356 	 454.08 	 978607.8
-44.4747 	 -22.4433 	 444.48 	 978610.63
-43.2297 	 -22.8864 	 -3.3 	 978792.77
-43.1668 	 -22.8974 	 -3.5 	 978793.12
-43.1665 	 -22.8969 	 -3.34 	 978793.19
-43.3089 	 -22.8194 	 2.12 	 978782.35
-43.1822 	 -22.8306 	 55.5 	 978766.73
-43.1822 	 -22.8306 	 56.7 	 978766.31
-43.1881 	 -22.9869 	 -1.51 	 978805.01
-43.1889 	 -22.9861 	 -2.33 	 978804.61
-43.1914 	 -22.9831 	 -2.59 	 978803.24
-43.3064 	 -22.8097 	 -1.49 	 978782.76
-43.1889 	 -22.9881 	 0.35 	 978803.47
-43.2039 	 -22.9856 	 -0.27 	 978803.5
-43.2131 	 -22.9806 	 -3.63 	 978803.13
-43.2133 	 -22.9792 	 -4.53 	 978803.45
-43.1919 	 -22.9775 	 -2.57 	 978802.42
-43.1889 	 -22.975 	 -2.29 	 978802.06
-43.1836 	 -22.9686 	 -0.51 	 978800.39
-43.1794 	 -22.9542 	 -2.55 	 978799.35
-43.1761 	 -22.9531 	 -2.33 	 978798.8
-43.1669 	 -22.9556 	 0.36 	 978796.76
-43.1661 	 -22.9547 	 -0.87 	 978797.09
-43.1806 	 -22.9419 	 -3.61 	 978798.8
-43.1822 	 -22.9497 	 -3.47 	 978798.65
-43.1844 	 -22.9381 	 1.35 	 978797.17
-43.1781 	 -22.9331 	 -1.12 	 978797.46
-43.1767 	 -22.9272 	 -3.19 	 978796.62
-43.1761 	 -22.9167 	 -2.25 	 978796.12
-43.1708 	 -22.9139 	 -2.23 	 978794.52
-43.1758 	 -22.9097 	 2.95 	 978793.24
-43.1733 	 -22.9047 	 -3.38 	 978793.82
-43.1744 	 -22.9008 	 -3.19 	 978792.74
-43.1658 	 -22.8967 	 -3.37 	 978792.96
-43.1667 	 -22.8972 	 -3.34 	 978793.13
-43.1792 	 -22.8958 	 -3.65 	 978793.06
-43.1797 	 -22.8953 	 -3.65 	 978793.01
-43.1961 	 -22.8919 	 -3.57 	 978793.2
-43.2106 	 -22.8981 	 -3.53 	 978794.84
-43.2161 	 -22.8867 	 -3.57 	 978793.31
-43.2111 	 -22.8767 	 -2.37 	 978789.81
-43.2197 	 -22.8764 	 -3.84 	 978790.89
-43.2256 	 -22.8806 	 -3.26 	 978790.64
-43.1328 	 -22.8814 	 14.9 	 978785.29
-43.1297 	 -22.8836 	 -3.63 	 978789.17
-43.1322 	 -22.905 	 0.04 	 978789.7
-43.0947 	 -22.9219 	 -1.79 	 978792.7
-43.1067 	 -22.935 	 -0.91 	 978794.76
-43.1139 	 -22.93 	 -4.38 	 978795.34
-44.3006 	 -22.4417 	 381.34 	 978630.6
-44.2806 	 -22.4236 	 383.16 	 978630.76
-44.2608 	 -22.4067 	 386.72 	 978627.56
-44.2636 	 -22.3867 	 426.68 	 978618.57
-44.2628 	 -22.3694 	 469.76 	 978611.68
-44.2622 	 -22.4228 	 424.31 	 978622.94
-44.2808 	 -22.4422 	 445.58 	 978618.4
-44.2644 	 -22.47 	 385.08 	 978633.03
-44.2539 	 -22.4428 	 461.84 	 978615.53
-44.3203 	 -22.4439 	 406.37 	 978622.59
-44.3006 	 -22.4228 	 386.54 	 978625.22
-44.3006 	 -22.4083 	 387.23 	 978623.4
-44.3383 	 -22.4431 	 387.8 	 978623.31
-44.3556 	 -22.4258 	 392.59 	 978618.92
-44.4978 	 -22.4489 	 409.64 	 978616.47
-44.4414 	 -22.4436 	 443.78 	 978613.27
-44.435 	 -22.3825 	 421.12 	 978616.01
-44.4581 	 -22.3783 	 483.4 	 978602.02
-44.4183 	 -22.3883 	 415.93 	 978617.66
-44.4425 	 -22.4281 	 458.69 	 978609.31
-44.42 	 -22.4189 	 403.21 	 978621.38
-44.4017 	 -22.3864 	 421.29 	 978617.68
-44.3694 	 -22.4431 	 388.76 	 978621.7
-44.3769 	 -22.4439 	 387.87 	 978621.81
-44.4014 	 -22.4264 	 398.58 	 978620.44
-44.3978 	 -22.4431 	 405.19 	 978620.12
-44.4108 	 -22.445 	 394.55 	 978624.36
-44.4564 	 -22.4597 	 390.13 	 978622.51
-44.4864 	 -22.4694 	 398.62 	 978622.55
-44.4761 	 -22.4828 	 400.03 	 978622.7
-44.5 	 -22.4847 	 396.46 	 978622.46
-44.4933 	 -22.4953 	 443.84 	 978615.1
-44.4711 	 -22.4975 	 413.85 	 978623.19
-44.4567 	 -22.4786 	 416.63 	 978620.79
-44.4481 	 -22.4953 	 414.33 	 978623.12
-44.4292 	 -22.4969 	 428.09 	 978620.79
-44.4372 	 -22.4764 	 428.43 	 978619.11
-44.4167 	 -22.4758 	 402.51 	 978624.94
-44.4139 	 -22.495 	 479.92 	 978609.8
-44.4044 	 -22.4994 	 439.75 	 978619.33
-43.0244 	 -22.8547 	 22.3 	 978772.93
-43.1147 	 -22.9353 	 -3.23 	 978795.84
-43.0875 	 -22.8378 	 18.82 	 978779.11
-43.0786 	 -22.8839 	 26.66 	 978777.88
-42.9867 	 -22.8939 	 64.68 	 978771.29
-42.9678 	 -22.9039 	 75.35 	 978772.27
-44.3953 	 -22.4744 	 389.69 	 978627.01
-44.3931 	 -22.4606 	 400.76 	 978621.9
-44.4056 	 -22.4644 	 385.69 	 978626.24
-44.4933 	 -22.5356 	 509.08 	 978609.19
-44.4694 	 -22.5133 	 427.89 	 978623.81
-44.4431 	 -22.5194 	 498.23 	 978609.04
-44.4456 	 -22.53 	 540.66 	 978602.2
-44.5139 	 -22.4414 	 414.08 	 978615.57
-44.5069 	 -22.4264 	 439.56 	 978611.2
-44.5164 	 -22.4028 	 541.71 	 978587.44
-44.5517 	 -22.4194 	 635.87 	 978559.79
-44.5336 	 -22.4406 	 455.56 	 978605.19
-44.5333 	 -22.4622 	 397.67 	 978617.11
-44.5347 	 -22.4797 	 403.07 	 978617.87
-44.545 	 -22.4683 	 417.32 	 978611.8
-44.5519 	 -22.4822 	 407.2 	 978614.9
-44.5728 	 -22.4806 	 432.73 	 978603.76
-44.6267 	 -22.5014 	 455.28 	 978607.82
-44.6892 	 -22.4953 	 477.49 	 978602.79
-44.7086 	 -22.4786 	 546.42 	 978582.94
-44.7083 	 -22.4964 	 511.47 	 978595.79
-44.6397 	 -22.47 	 583.57 	 978571.78
-44.6508 	 -22.4767 	 509.48 	 978590.27
-44.6475 	 -22.4983 	 457.8 	 978607.21
-44.6478 	 -22.5089 	 481.86 	 978605.28
-44.5161 	 -22.4792 	 399.08 	 978619.48
-44.5172 	 -22.4967 	 403.6 	 978621.31
-44.5186 	 -22.5147 	 419.08 	 978622.06
-44.5333 	 -22.5222 	 429.01 	 978621.11
-44.57 	 -22.5308 	 497.38 	 978603.38
-44.6728 	 -22.5183 	 473.78 	 978608.42
-44.5167 	 -22.535 	 477.31 	 978614.4
-44.5136 	 -22.5508 	 502.67 	 978611.32
-44.5817 	 -22.4622 	 524.56 	 978576.25
-44.6075 	 -22.4519 	 829.78 	 978511.15
-44.5981 	 -22.5 	 447.28 	 978608.02
-44.5911 	 -22.4972 	 432.18 	 978609.81
-44.5978 	 -22.4869 	 597.45 	 978570.52
-44.5717 	 -22.4961 	 400.77 	 978617.43
-43.5197 	 -23.015 	 1.38 	 978803.53
-44.0311 	 -23.0003 	 -1.81 	 978788.5
-43.9992 	 -22.9314 	 -1.92 	 978783.5
-43.8392 	 -22.9372 	 0.86 	 978782.11
-43.8242 	 -22.9075 	 -2.52 	 978780.95
-41.9121 	 -21.1958 	 121.7 	 978637.92
-41.3269 	 -21.7369 	 8.38 	 978718.07
-43.1156 	 -22.9036 	 -1.51 	 978788.96
-43.986 	 -22.1544 	 438.03 	 978604.09
-44.0585 	 -22.1616 	 445.19 	 978603.16
-44.5919 	 -22.4628 	 578.72 	 978564.18
-44.6089 	 -22.4875 	 503.03 	 978590.51
-44.5528 	 -22.4978 	 394.49 	 978621.42
-44.32 	 -22.3878 	 407.14 	 978622.19
-44.2228 	 -22.3892 	 449.59 	 978615.77
-44.2222 	 -22.4417 	 389.87 	 978631.03
-44.6703 	 -22.4625 	 649.55 	 978556.85
-43.1769 	 -22.9347 	 -2.17 	 978797.71
-43.1686 	 -22.9072 	 -0.83 	 978793.58
-43.1797 	 -22.8953 	 -3.63 	 978792.51
-43.2053 	 -22.8756 	 -3.54 	 978789.4
-43.0053 	 -22.8675 	 23.94 	 978776.99
-42.9392 	 -22.9011 	 23.81 	 978784.46
-44.2806 	 -22.4614 	 382.55 	 978631.18
-44.3164 	 -22.4236 	 407.13 	 978620.04
-44.3589 	 -22.4628 	 393.01 	 978623.98
-44.3183 	 -22.4742 	 472.97 	 978612.41
-44.355 	 -22.4933 	 466.82 	 978610.27
-44.2869 	 -22.3706 	 437.85 	 978616.99
-44.3236 	 -22.3764 	 490.4 	 978606.79
-44.3506 	 -22.3936 	 404.64 	 978622.73
-44.1892 	 -22.3656 	 536.26 	 978601.36
-44.2425 	 -22.4228 	 421.53 	 978623.31
-44.2472 	 -22.365 	 463.2 	 978613.19
-44.5128 	 -22.4606 	 418.29 	 978613.66
-44.5319 	 -22.4283 	 459.03 	 978602.26
-44.5583 	 -22.45 	 554.62 	 978579.79
-44.6733 	 -22.5006 	 465.1 	 978607.7
-44.6903 	 -22.4731 	 504.37 	 978589.42
-44.6642 	 -22.4842 	 486.02 	 978597.96
-44.5519 	 -22.515 	 532.22 	 978596.51
-44.3406 	 -22.425 	 390.94 	 978620.86
-44.2197 	 -22.4072 	 428.79 	 978622.38
-44.5492 	 -22.5308 	 465.48 	 978614.16
-44.6489 	 -22.5531 	 490.38 	 978610.6
-44.2811 	 -22.4058 	 384.01 	 978626.63
-44.5792 	 -22.5186 	 400.61 	 978620.13
-44.3889 	 -22.4178 	 414.96 	 978617.77
-44.5342 	 -22.4961 	 401.33 	 978621.75
-44.6164 	 -23.0422 	 0.86 	 978757.81
-41.705 	 -22.1194 	 21.24 	 978736.37
-41.6849 	 -22.0648 	 6.25 	 978735.85
-41.7133 	 -22.2902 	 3.07 	 978753.28
-41.7452 	 -22.2281 	 4.89 	 978745.46
-41.7418 	 -22.1668 	 46.05 	 978733.62
-41.6383 	 -21.9489 	 35.66 	 978717.76
-41.6632 	 -22.0025 	 41.65 	 978723.74
-41.1889 	 -22.1153 	 -2.76 	 978748.31
-43.9314 	 -22.6863 	 408.68 	 978676.04
-43.9372 	 -22.6945 	 513.23 	 978652.72
-43.9732 	 -22.7022 	 436.5 	 978667.29
-44.0362 	 -22.6891 	 385.75 	 978673.77
-44.0571 	 -22.6812 	 430.33 	 978661.75
-44.0513 	 -22.6599 	 453.03 	 978655.73
-44.0266 	 -22.6526 	 482.7 	 978648.82
-43.995 	 -22.6433 	 456.02 	 978655.02
-44.1421 	 -22.6794 	 515.21 	 978637.99
-44.1538 	 -22.6227 	 424.45 	 978647.06
-44.1905 	 -22.5607 	 437.41 	 978637.37
-44.2139 	 -22.5747 	 428.47 	 978628.58
-44.2349 	 -22.5946 	 440.86 	 978639.3
-44.2588 	 -22.5875 	 443.29 	 978636.56
-44.2787 	 -22.5671 	 447.64 	 978631.98
-44.3039 	 -22.5612 	 483.01 	 978623.55
-44.3307 	 -22.5879 	 513.29 	 978619.7
-44.3577 	 -22.5933 	 480.66 	 978624.52
-44.3842 	 -22.5731 	 552.17 	 978607.04
-44.4142 	 -22.5865 	 599.03 	 978598.35
-44.0785 	 -22.5949 	 506.59 	 978632.15
-44.025 	 -22.5915 	 383.3 	 978657.53
-43.967 	 -22.5884 	 471.71 	 978644.76
-43.9293 	 -22.6346 	 368.02 	 978671.97
-43.8904 	 -22.6575 	 400.28 	 978671.39
-43.8694 	 -22.6853 	 382.99 	 978678.76
-43.8378 	 -22.661 	 403.85 	 978672.02
-43.8295 	 -22.5928 	 363.91 	 978670.21
-43.8498 	 -22.5987 	 363.99 	 978670.18
-43.9111 	 -22.6212 	 370.1 	 978670.51
-44.0725 	 -22.5062 	 400.17 	 978643.36
-43.6029 	 -22.3989 	 480.71 	 978632.28
-43.6028 	 -22.4285 	 587.98 	 978613.06
-43.5251 	 -22.4707 	 606.97 	 978615.28
-43.4801 	 -22.5234 	 597.86 	 978617.2
-42.3402 	 -21.6161 	 176.36 	 978649.92
-42.2323 	 -21.5995 	 155.83 	 978653.76
-42.2005 	 -21.59 	 147.99 	 978655.9
-42.2131 	 -21.5765 	 135.14 	 978656.95
-42.1431 	 -21.6308 	 86.05 	 978672.46
-42.185 	 -21.6352 	 134.42 	 978663.59
-42.2141 	 -21.663 	 104.86 	 978669.2
-42.1944 	 -21.6705 	 86.99 	 978673.13
-42.2304 	 -21.6885 	 85.4 	 978673.89
-42.2699 	 -21.6851 	 98.58 	 978670.49
-42.2439 	 -21.7114 	 89.87 	 978672.49
-42.2546 	 -21.7147 	 90.16 	 978673.09
-42.2691 	 -21.766 	 265.85 	 978644.08
-42.2998 	 -21.7812 	 358.58 	 978625.45
-42.2824 	 -21.807 	 243.86 	 978648.91
-42.3111 	 -21.8165 	 253.36 	 978647.26
-42.35 	 -21.8207 	 337.17 	 978628.54
-42.3868 	 -21.8031 	 196.5 	 978651.42
-42.3852 	 -21.7712 	 163.12 	 978657.91
-42.3719 	 -21.7515 	 104.14 	 978669.13
-42.3569 	 -21.7459 	 98.99 	 978670.48
-42.3111 	 -21.7388 	 95.2 	 978671.9
-42.6811 	 -21.8799 	 152.85 	 978664.46
-42.6046 	 -21.8539 	 146.56 	 978664.3
-42.5217 	 -21.8251 	 118.04 	 978667.41
-42.5178 	 -21.8421 	 184.6 	 978655.64
-42.4735 	 -21.8119 	 179.03 	 978655.41
-42.4541 	 -21.818 	 166.07 	 978659.45
-42.4849 	 -21.8648 	 233.74 	 978647.61
-42.4289 	 -21.8714 	 477.98 	 978601.81
-42.3966 	 -21.8561 	 473.66 	 978605.34
-42.3427 	 -21.8612 	 396.65 	 978623.68
-42.3127 	 -21.8546 	 392.31 	 978622.92
-42.2667 	 -21.8954 	 226.41 	 978661.67
-42.2332 	 -21.8967 	 272.87 	 978654.37
-42.189 	 -21.9087 	 176.89 	 978676.07
-42.1867 	 -21.9432 	 321.12 	 978651.08
-42.2032 	 -21.9652 	 319.63 	 978653.14
-42.2238 	 -21.952 	 215.63 	 978673.01
-42.2245 	 -21.9739 	 400.9 	 978636.44
-42.2788 	 -21.9935 	 299.19 	 978655.09
-42.3045 	 -21.9903 	 384.13 	 978639.35
-42.276 	 -21.9383 	 293.04 	 978654.12
-42.2229 	 -22.0099 	 328.67 	 978652.78
-42.1823 	 -22.0142 	 284.24 	 978659.25
-42.1624 	 -21.9913 	 305.99 	 978653.68
-42.114 	 -22.0126 	 254.39 	 978661.97
-42.1172 	 -21.9975 	 242.81 	 978665.3
-43.2719 	 -22.1 	 375.52 	 978637.33
-43.2224 	 -22.2268 	 635.74 	 978595.37
-43.2322 	 -22.1909 	 442.08 	 978629.11
-43.2293 	 -22.1518 	 440.25 	 978626.59
-43.276 	 -22.1885 	 325.27 	 978651.26
-43.2721 	 -22.2209 	 396.75 	 978641.67
-43.2769 	 -22.2694 	 715.07 	 978583.27
-43.2319 	 -22.266 	 692.26 	 978588.42
-43.1962 	 -22.2418 	 574.15 	 978608.18
-43.1862 	 -22.2777 	 554.05 	 978614.18
-43.1847 	 -22.3129 	 528.93 	 978620.66
-43.1366 	 -22.2876 	 715.36 	 978581.9
-43.2328 	 -22.3073 	 589.39 	 978611.78
-43.2728 	 -22.3147 	 687.33 	 978593.29
-43.2753 	 -22.3472 	 669.57 	 978598.29
-43.2725 	 -22.3905 	 910.68 	 978551.36
-43.2203 	 -22.3591 	 731.08 	 978584.48
-43.1911 	 -22.3528 	 633.41 	 978601.09
-43.219 	 -22.3828 	 1103.6 	 978510.13
-43.0243 	 -22.2012 	 528.33 	 978609.81
-43.562 	 -22.4735 	 583.36 	 978617.53
-43.6458 	 -22.4362 	 556.22 	 978619.52
-43.6519 	 -22.4785 	 490.78 	 978635.13
-43.6774 	 -22.4696 	 534.28 	 978624.31
-43.6554 	 -22.5186 	 476.05 	 978643.04
-43.611 	 -22.5152 	 549.58 	 978629.24
-43.6848 	 -22.5154 	 455.78 	 978644.86
-43.7591 	 -22.5372 	 416.32 	 978652.78
-43.7787 	 -22.5526 	 409.86 	 978655.78
-43.73 	 -22.4781 	 464.83 	 978636.93
-43.6918 	 -22.4254 	 419.08 	 978642.32
-43.7323 	 -22.4354 	 428.55 	 978640.78
-43.7739 	 -22.433 	 351.59 	 978654.78
-43.7721 	 -22.466 	 498.94 	 978627.75
-43.8115 	 -22.4535 	 353.97 	 978654.05
-43.8592 	 -22.4421 	 371.91 	 978649.6
-43.8616 	 -22.3943 	 643.82 	 978605.08
-43.8509 	 -22.4831 	 379.57 	 978651.32
-43.8455 	 -22.5099 	 482.36 	 978633.44
-43.8172 	 -22.4897 	 356.29 	 978655.36
-43.8193 	 -22.5572 	 363.52 	 978664.72
-43.8414 	 -22.569 	 371.7 	 978664.88
-43.4361 	 -22.4875 	 401.94 	 978652.3
-43.4322 	 -22.518 	 690.22 	 978596.97
-43.3944 	 -22.4812 	 567.44 	 978622.3
-43.4009 	 -22.5107 	 732.9 	 978593.12
-43.3548 	 -22.468 	 692.13 	 978597.65
-43.3129 	 -22.4822 	 993.36 	 978538.67
-43.3235 	 -22.4265 	 864.33 	 978562.65
-43.3443 	 -22.4256 	 890.55 	 978557.88
-43.3189 	 -22.3984 	 793.07 	 978574.77
-43.3618 	 -22.3964 	 823.69 	 978566.84
-43.4033 	 -22.4247 	 645.06 	 978605.04
-43.3893 	 -22.4077 	 591.01 	 978614.73
-43.3169 	 -22.3505 	 731.08 	 978584.81
-43.3537 	 -22.3457 	 672.59 	 978593.69
-43.3512 	 -22.3165 	 527.41 	 978619.92
-43.3096 	 -22.3044 	 583.48 	 978606.76
-43.3141 	 -22.2757 	 707.35 	 978580.65
-43.4057 	 -22.3523 	 496.97 	 978628.23
-43.4341 	 -22.3549 	 525.22 	 978622.95
-43.4324 	 -22.4003 	 586.48 	 978615.71
-43.4405 	 -22.3138 	 425.57 	 978638.95
-43.5599 	 -22.3961 	 488.62 	 978630.76
-43.5197 	 -22.398 	 561.07 	 978617.37
-43.48 	 -22.3833 	 552.82 	 978618.77
-43.4863 	 -22.3468 	 450.49 	 978634.91
-43.482 	 -22.3111 	 379.51 	 978643.55
-43.5231 	 -22.3518 	 582.77 	 978609.13
-42.0692 	 -22.0052 	 415.96 	 978628.38
-41.9871 	 -21.9919 	 631.63 	 978594.58
-41.9708 	 -22.0196 	 362.57 	 978648.58
-42.0059 	 -22.0279 	 587.86 	 978606.32
-42.0275 	 -21.9829 	 659.2 	 978584.01
-42.3201 	 -21.9307 	 292.25 	 978645.22
-42.3208 	 -21.9129 	 373.7 	 978628.71
-42.3544 	 -21.9497 	 364.42 	 978632.23
-42.3492 	 -22.0372 	 457.56 	 978626.4
-42.3247 	 -22.0113 	 427.68 	 978628.55
-42.2653 	 -22.0049 	 294.53 	 978659.57
-42.3891 	 -22.0338 	 506.08 	 978612.91
-42.7036 	 -21.9277 	 272.17 	 978644.04
-42.7234 	 -21.9446 	 291.93 	 978639.69
-42.7428 	 -22.0025 	 332.74 	 978633.34
-42.6207 	 -21.9114 	 231.5 	 978653.08
-42.6419 	 -21.9402 	 268.73 	 978646.37
-42.681 	 -21.9882 	 275.99 	 978643.26
-42.6797 	 -22.0028 	 287.52 	 978640.51
-42.6591 	 -22.0136 	 283.74 	 978642.14
-42.64 	 -21.9946 	 349.26 	 978628.78
-42.6231 	 -22.0058 	 455.97 	 978612.16
-42.6218 	 -21.9622 	 313.91 	 978636.35
-42.5665 	 -21.9463 	 413.49 	 978614.89
-42.54 	 -21.9573 	 645.46 	 978573.55
-42.5486 	 -21.9681 	 646.42 	 978574.7
-42.5379 	 -22.0214 	 787.61 	 978552.86
-42.5445 	 -22.0186 	 784.94 	 978552.9
-42.3949 	 -21.9738 	 382.89 	 978629.26
-42.4246 	 -21.9919 	 408.81 	 978629.27
-42.4516 	 -22.0078 	 413.81 	 978627.04
-42.4676 	 -21.9884 	 430.52 	 978619.92
-42.4292 	 -22.1517 	 614.79 	 978599.08
-42.9003 	 -22.7983 	 93.55 	 978747.91
-43.5122 	 -22.3122 	 361.2 	 978646.18
-43.4679 	 -22.2802 	 312.08 	 978654.51
-43.4347 	 -22.2609 	 301.48 	 978655.15
-43.683 	 -22.3873 	 349.78 	 978651.76
-43.6823 	 -22.346 	 335.28 	 978651.22
-43.7264 	 -22.3607 	 475.97 	 978623.71
-43.7298 	 -22.3993 	 398.15 	 978643.37
-43.7725 	 -22.3956 	 364.03 	 978647.46
-43.8541 	 -22.3547 	 680.94 	 978598.3
-43.8133 	 -22.3898 	 483.38 	 978629.88
-43.8028 	 -22.3557 	 664.48 	 978596.07
-43.7788 	 -22.3486 	 656.51 	 978595.66
-43.7619 	 -22.3145 	 602.94 	 978605.84
-43.73 	 -22.302 	 576.93 	 978606.41
-43.6046 	 -22.3615 	 487.11 	 978625.75
-43.5643 	 -22.3481 	 463.53 	 978629.67
-43.5535 	 -22.3095 	 419.77 	 978635.55
-43.5188 	 -22.2695 	 306.3 	 978653.06
-43.5675 	 -22.2675 	 310.46 	 978650.36
-43.5959 	 -22.2739 	 514.37 	 978609.89
-43.6051 	 -22.3062 	 314.2 	 978651.98
-43.6478 	 -22.314 	 325.8 	 978650.45
-43.6903 	 -22.3087 	 497.59 	 978617.69
-43.8137 	 -22.3036 	 602.45 	 978609.28
-43.8534 	 -22.3044 	 653.19 	 978595.48
-43.8614 	 -22.2603 	 494.93 	 978617.85
-43.7306 	 -22.2666 	 530.39 	 978617.98
-43.7664 	 -22.2651 	 518.98 	 978620.56
-43.767 	 -22.2274 	 617.0 	 978595.76
-43.8148 	 -22.2291 	 509.4 	 978612.5
-43.8575 	 -22.2196 	 627.92 	 978583.84
-43.8128 	 -22.2766 	 726.7 	 978580.48
-43.7325 	 -22.2288 	 532.6 	 978613.89
-43.6857 	 -22.2306 	 529.42 	 978613.03
-43.6948 	 -22.2639 	 1018.65 	 978500.08
-43.5701 	 -22.1373 	 443.82 	 978615.81
-43.5588 	 -22.1053 	 400.68 	 978624.21
-43.6081 	 -22.1471 	 510.35 	 978605.71
-43.6479 	 -22.1454 	 412.8 	 978625.34
-43.6909 	 -22.151 	 423.16 	 978622.9
-43.6867 	 -22.1809 	 500.61 	 978614.68
-43.7249 	 -22.1847 	 517.48 	 978607.89
-43.7358 	 -22.1534 	 448.22 	 978615.19
-43.7779 	 -22.1479 	 636.95 	 978576.13
-43.8086 	 -22.148 	 667.41 	 978568.83
-43.8546 	 -22.1548 	 598.57 	 978579.48
-43.6067 	 -22.1927 	 523.71 	 978604.99
-43.6376 	 -22.189 	 549.11 	 978602.25
-43.6096 	 -22.2327 	 613.2 	 978590.23
-43.6465 	 -22.264 	 559.99 	 978602.81
-43.639 	 -22.2303 	 690.39 	 978576.45
-43.7666 	 -22.1879 	 491.2 	 978612.36
-43.8138 	 -22.1929 	 529.26 	 978601.79
-43.8578 	 -22.1872 	 761.18 	 978554.7
-43.5169 	 -22.1022 	 412.33 	 978621.5
-43.5588 	 -22.2333 	 476.3 	 978616.3
-43.5258 	 -22.1887 	 497.52 	 978609.01
-42.477 	 -22.0258 	 465.96 	 978614.72
-42.5242 	 -21.8796 	 341.42 	 978627.65
-42.4811 	 -21.8938 	 489.35 	 978599.2
-42.4963 	 -21.9193 	 600.24 	 978580.02
-42.4417 	 -21.8807 	 475.62 	 978602.31
-42.4098 	 -21.8996 	 508.07 	 978598.83
-42.4245 	 -21.9225 	 642.88 	 978573.29
-42.3827 	 -21.9342 	 484.05 	 978607.44
-42.36 	 -21.9094 	 444.91 	 978614.99
-42.0517 	 -21.9975 	 580.3 	 978597.09
-41.9541 	 -22.0021 	 301.57 	 978661.02
-41.9299 	 -21.981 	 263.89 	 978665.23
-41.8322 	 -22.0019 	 56.14 	 978712.64
-41.8024 	 -21.983 	 37.97 	 978714.86
-41.8624 	 -22.0194 	 64.83 	 978709.86
-41.88 	 -22.0255 	 70.16 	 978707.87
-41.446 	 -21.5665 	 40.73 	 978700.46
-41.4015 	 -21.6014 	 22.43 	 978706.46
-41.3805 	 -21.5751 	 54.1 	 978698.41
-41.3503 	 -21.5577 	 68.06 	 978693.77
-41.3114 	 -21.5625 	 53.14 	 978699.13
-41.3502 	 -21.6044 	 45.12 	 978701.6
-41.357 	 -21.6558 	 24.13 	 978709.52
-41.3442 	 -21.5187 	 33.05 	 978700.01
-41.3134 	 -21.5231 	 41.32 	 978699.02
-41.3856 	 -21.5209 	 28.75 	 978700.12
-41.3973 	 -21.4801 	 29.88 	 978697.13
-41.4779 	 -21.4797 	 78.62 	 978680.45
-41.4392 	 -21.4688 	 65.5 	 978684.83
-41.434 	 -21.4495 	 54.37 	 978684.17
-41.3964 	 -21.4363 	 53.68 	 978684.7
-41.3906 	 -21.4076 	 96.7 	 978672.1
-41.3629 	 -21.387 	 93.69 	 978672.14
-41.3945 	 -21.3582 	 99.44 	 978665.03
-41.4413 	 -21.3911 	 70.83 	 978674.65
-41.4763 	 -21.3939 	 80.13 	 978672.96
-41.4671 	 -21.3535 	 104.15 	 978665.12
-41.4402 	 -21.3577 	 88.94 	 978667.49
-41.5206 	 -21.4057 	 100.15 	 978670.43
-41.266 	 -21.7316 	 13.79 	 978728.01
-41.2264 	 -21.7397 	 15.73 	 978733.62
-41.1926 	 -21.7195 	 14.63 	 978734.46
-41.1774 	 -21.6888 	 11.39 	 978733.13
-41.1707 	 -21.6647 	 10.61 	 978731.01
-41.1447 	 -21.6849 	 13.84 	 978736.01
-41.1335 	 -21.6385 	 11.97 	 978732.36
-41.1456 	 -21.5998 	 12.03 	 978723.69
-41.1124 	 -21.6052 	 11.26 	 978729.47
-41.1049 	 -21.6517 	 11.16 	 978737.43
-41.0777 	 -21.5846 	 10.31 	 978731.58
-41.0675 	 -21.5553 	 10.63 	 978728.1
-41.0743 	 -21.522 	 12.14 	 978723.2
-41.5216 	 -21.4327 	 80.01 	 978675.43
-41.4802 	 -21.4301 	 85.83 	 978675.1
-41.4393 	 -21.5192 	 32.6 	 978699.02
-41.5205 	 -21.3564 	 122.14 	 978662.69
-41.5665 	 -21.3563 	 117.12 	 978664.58
-41.2671 	 -21.6838 	 21.72 	 978720.29
-41.2647 	 -21.6508 	 23.55 	 978715.95
-43.2428 	 -22.1306 	 279.85 	 978653.16
-43.5203 	 -22.2288 	 409.55 	 978629.15
-43.4743 	 -22.2249 	 301.02 	 978651.79
-43.5226 	 -22.1516 	 785.77 	 978547.11
-43.5617 	 -22.1752 	 619.81 	 978584.02
-43.4754 	 -22.1896 	 495.04 	 978611.65
-43.4403 	 -22.1902 	 412.97 	 978628.63
-43.3911 	 -22.1845 	 452.26 	 978622.17
-43.3492 	 -22.1907 	 278.14 	 978657.6
-43.3912 	 -22.2349 	 294.91 	 978657.04
-43.3522 	 -22.2329 	 342.6 	 978647.72
-43.3101 	 -22.1038 	 476.74 	 978612.86
-43.4863 	 -22.1054 	 421.01 	 978619.46
-43.4745 	 -22.1513 	 659.17 	 978576.76
-43.4353 	 -22.1592 	 551.79 	 978598.34
-43.396 	 -22.1405 	 415.26 	 978626.0
-43.4335 	 -22.0992 	 589.29 	 978587.81
-43.402 	 -22.1029 	 664.63 	 978574.08
-43.3531 	 -22.1544 	 420.88 	 978626.67
-43.3515 	 -22.1043 	 407.42 	 978625.42
-44.1942 	 -22.8345 	 532.7 	 978656.04
-44.8278 	 -23.2037 	 756.52 	 978616.96
-44.7925 	 -23.2138 	 199.48 	 978733.62
-44.7903 	 -23.0222 	 1251.66 	 978506.0
-44.711 	 -23.1632 	 15.05 	 978767.63
-44.6995 	 -23.1515 	 36.32 	 978764.61
-41.2339 	 -21.6789 	 16.17 	 978726.0
-41.2315 	 -21.6475 	 16.63 	 978720.41
-41.2715 	 -21.6127 	 21.31 	 978710.32
-41.2288 	 -21.6132 	 20.73 	 978713.45
-41.193 	 -21.6006 	 16.79 	 978716.79
-41.2209 	 -21.5598 	 33.34 	 978706.93
-41.1826 	 -21.5569 	 18.91 	 978713.33
-41.1455 	 -21.5615 	 12.01 	 978718.17
-41.1861 	 -21.518 	 36.69 	 978705.73
-41.1393 	 -21.5206 	 19.79 	 978713.79
-41.1026 	 -21.5234 	 10.7 	 978720.47
-41.1055 	 -21.5625 	 9.9 	 978723.66
-41.0606 	 -21.4772 	 10.14 	 978720.52
-41.312 	 -21.4799 	 38.56 	 978696.74
-41.2668 	 -21.4836 	 32.79 	 978700.61
-41.2272 	 -21.4785 	 58.53 	 978698.09
-41.2316 	 -21.4369 	 71.85 	 978691.83
-41.1881 	 -21.4312 	 55.19 	 978697.97
-41.2303 	 -21.3932 	 38.48 	 978695.37
-41.2658 	 -21.4064 	 92.27 	 978682.55
-41.2732 	 -21.4233 	 56.96 	 978691.73
-41.3108 	 -21.4017 	 60.08 	 978685.97
-41.3106 	 -21.4433 	 44.07 	 978694.93
-42.398 	 -22.1952 	 625.16 	 978598.54
-42.3541 	 -22.1815 	 559.42 	 978611.67
-42.3134 	 -22.1922 	 615.31 	 978602.41
-42.3419 	 -22.2248 	 727.81 	 978584.54
-42.3195 	 -22.2629 	 695.26 	 978592.65
-42.3049 	 -22.2406 	 664.68 	 978595.57
-42.269 	 -22.2273 	 670.91 	 978590.31
-42.2635 	 -22.1901 	 567.33 	 978612.8
-42.2294 	 -22.1807 	 587.73 	 978608.95
-42.197 	 -22.1939 	 869.99 	 978555.24
-42.1888 	 -22.2237 	 1062.31 	 978517.59
-42.223 	 -22.2395 	 1053.92 	 978522.02
-42.199 	 -22.2601 	 1044.21 	 978520.23
-42.2262 	 -22.2679 	 1192.76 	 978494.29
-42.2721 	 -22.261 	 1048.05 	 978519.41
-42.1526 	 -22.1749 	 813.15 	 978566.98
-42.0634 	 -22.1888 	 528.96 	 978616.34
-42.0989 	 -22.14 	 683.79 	 978591.41
-42.0203 	 -22.1337 	 788.94 	 978568.41
-41.9839 	 -22.1026 	 337.61 	 978653.4
-41.9608 	 -22.1336 	 588.3 	 978611.16
-41.9393 	 -22.0606 	 50.19 	 978712.28
-41.9884 	 -22.0509 	 451.43 	 978634.72
-42.2163 	 -22.1511 	 664.66 	 978591.96
-42.2282 	 -22.1088 	 668.38 	 978585.89
-42.1861 	 -22.102 	 555.85 	 978606.89
-42.174 	 -22.0777 	 392.26 	 978637.38
-42.1073 	 -22.0745 	 504.1 	 978617.85
-42.0145 	 -22.0631 	 592.33 	 978606.71
-42.038 	 -22.0882 	 388.0 	 978645.31
-42.0607 	 -22.1023 	 421.16 	 978639.1
-42.1852 	 -22.1329 	 647.45 	 978591.57
-42.1506 	 -22.1412 	 865.72 	 978552.46
-42.1543 	 -22.1107 	 717.25 	 978577.6
-42.117 	 -22.1021 	 835.74 	 978557.39
-42.2275 	 -22.0615 	 375.21 	 978643.64
-42.2638 	 -22.0736 	 422.65 	 978636.28
-42.2697 	 -22.1031 	 447.53 	 978630.87
-42.2655 	 -22.1513 	 503.44 	 978621.24
-42.3177 	 -22.1567 	 576.72 	 978605.64
-42.3505 	 -22.1363 	 517.09 	 978618.62
-42.3929 	 -22.1446 	 684.56 	 978589.48
-42.4311 	 -22.187 	 712.53 	 978582.52
-42.3923 	 -22.2279 	 640.3 	 978598.86
-42.3605 	 -22.2631 	 936.69 	 978549.15
-42.3825 	 -22.2708 	 783.55 	 978577.8
-42.4351 	 -22.1069 	 663.18 	 978589.14
-42.4858 	 -22.0726 	 688.66 	 978575.32
-42.5624 	 -22.0688 	 764.38 	 978561.21
-42.5559 	 -22.0979 	 763.77 	 978561.87
-42.5301 	 -22.1099 	 600.0 	 978594.62
-42.5218 	 -22.1349 	 694.69 	 978577.35
-42.565 	 -22.1471 	 899.02 	 978538.33
-42.5118 	 -22.1967 	 742.0 	 978577.34
-42.4702 	 -22.153 	 638.03 	 978595.9
-42.4735 	 -22.1831 	 641.12 	 978598.13
-42.4352 	 -22.2283 	 667.31 	 978594.59
-42.4449 	 -22.2751 	 1020.23 	 978528.08
-42.4827 	 -22.2628 	 820.36 	 978567.54
-42.4812 	 -22.2272 	 975.1 	 978534.61
-42.5625 	 -22.182 	 1003.11 	 978520.62
-42.5496 	 -22.2362 	 942.63 	 978538.44
-42.5665 	 -22.2644 	 959.65 	 978535.17
-42.6083 	 -22.2726 	 1115.7 	 978504.71
-42.3986 	 -22.0946 	 625.55 	 978597.96
-42.4352 	 -22.0632 	 651.44 	 978583.3
-42.3611 	 -22.0542 	 493.71 	 978623.34
-42.3505 	 -22.1032 	 613.69 	 978603.02
-42.3126 	 -22.104 	 536.41 	 978615.74
-42.316 	 -22.07 	 418.45 	 978638.19
-42.4364 	 -22.1355 	 651.55 	 978594.22
-42.6488 	 -22.4511 	 81.03 	 978714.15
-42.6223 	 -22.4184 	 231.51 	 978677.75
-42.6279 	 -22.4158 	 295.87 	 978665.48
-42.5948 	 -22.4031 	 570.93 	 978614.2
-42.5646 	 -22.3843 	 811.81 	 978565.42
-42.5447 	 -22.3723 	 1063.85 	 978522.49
-42.5187 	 -22.3585 	 1002.93 	 978535.63
-42.5218 	 -22.31 	 884.92 	 978554.65
-42.4795 	 -22.3299 	 1120.17 	 978512.45
-42.4808 	 -22.3405 	 1152.37 	 978505.61
-42.4301 	 -22.3281 	 1270.57 	 978482.26
-42.4113 	 -22.3208 	 1082.86 	 978520.6
-42.4299 	 -22.3383 	 1144.06 	 978508.42
-42.4026 	 -22.3506 	 967.75 	 978544.31
-42.3551 	 -22.3595 	 693.56 	 978598.69
-42.3371 	 -22.3243 	 774.87 	 978583.21
-42.3125 	 -22.3187 	 980.96 	 978542.65
-44.7514 	 -23.1209 	 264.51 	 978703.34
-44.7174 	 -23.0685 	 84.79 	 978732.78
-44.6818 	 -23.0612 	 -0.46 	 978754.07
-44.571 	 -23.0461 	 -2.92 	 978761.61
-44.6144 	 -23.0275 	 32.86 	 978745.9
-44.6603 	 -23.0413 	 23.65 	 978745.67
-44.8022 	 -23.2526 	 324.64 	 978715.52
-44.7602 	 -23.2558 	 58.11 	 978769.19
-44.6994 	 -23.2376 	 27.24 	 978782.48
-44.7094 	 -23.254 	 7.48 	 978787.5
-44.663 	 -23.2615 	 59.88 	 978777.87
-44.6499 	 -23.2483 	 -1.29 	 978786.49
-44.701 	 -23.3008 	 73.95 	 978782.01
-44.7131 	 -23.344 	 -0.82 	 978802.32
-44.7076 	 -23.3358 	 115.32 	 978776.95
-44.6645 	 -23.3321 	 3.03 	 978802.59
-44.6656 	 -23.3384 	 -1.25 	 978804.74
-44.7508 	 -23.3191 	 131.04 	 978766.68
-42.2905 	 -22.3173 	 910.64 	 978554.63
-42.3184 	 -22.3532 	 640.49 	 978610.19
-42.2556 	 -22.3667 	 390.5 	 978655.98
-42.2116 	 -22.329 	 406.45 	 978649.51
-42.6752 	 -22.4954 	 46.58 	 978726.35
-42.6918 	 -22.513 	 46.85 	 978728.28
-42.7406 	 -22.5274 	 41.66 	 978734.04
-42.7744 	 -22.5355 	 36.3 	 978740.1
-42.7885 	 -22.5512 	 43.84 	 978741.61
-42.815 	 -22.5697 	 26.4 	 978747.74
-42.8577 	 -22.5569 	 26.29 	 978746.88
-42.8946 	 -22.5523 	 23.62 	 978744.68
-42.9019 	 -22.5219 	 33.65 	 978738.24
-42.9096 	 -22.4953 	 61.01 	 978725.43
-42.8688 	 -22.4199 	 865.46 	 978561.66
-42.8294 	 -22.3822 	 1043.09 	 978521.25
-42.8658 	 -22.3308 	 815.07 	 978564.15
-42.8224 	 -22.3216 	 892.32 	 978547.56
-42.8072 	 -22.3374 	 934.25 	 978539.04
-42.7831 	 -22.3318 	 1047.37 	 978519.12
-42.7864 	 -22.3414 	 1055.04 	 978518.04
-42.552 	 -22.3281 	 972.43 	 978541.68
-42.5859 	 -22.3329 	 1506.39 	 978431.18
-42.5846 	 -22.3345 	 1471.22 	 978433.68
-42.6458 	 -22.3193 	 1083.36 	 978513.94
-42.8269 	 -22.3184 	 1060.89 	 978518.45
-42.7084 	 -22.3223 	 1400.14 	 978446.93
-42.7081 	 -22.3348 	 1384.85 	 978452.08
-42.6687 	 -22.3396 	 1059.92 	 978522.06
-42.6563 	 -22.3501 	 1057.78 	 978521.82
-42.6872 	 -22.3756 	 1066.85 	 978519.77
-42.6889 	 -22.5586 	 36.37 	 978731.53
-42.6447 	 -22.5699 	 169.29 	 978706.54
-42.6069 	 -22.5808 	 136.24 	 978715.49
-42.5988 	 -22.5931 	 74.53 	 978728.97
-42.581 	 -22.5853 	 63.93 	 978731.1
-42.5532 	 -22.57 	 54.88 	 978734.26
-42.5178 	 -22.5687 	 52.23 	 978735.92
-42.7245 	 -22.6567 	 39.56 	 978736.89
-42.7316 	 -22.6098 	 29.36 	 978733.48
-42.7174 	 -22.5784 	 27.85 	 978732.73
-42.7248 	 -22.4854 	 53.8 	 978727.54
-42.7135 	 -22.4511 	 131.97 	 978705.88
-42.7033 	 -22.4448 	 241.93 	 978683.23
-42.7639 	 -22.463 	 40.45 	 978730.41
-42.7598 	 -22.4404 	 40.96 	 978724.04
-42.7265 	 -22.4161 	 196.98 	 978686.56
-42.8037 	 -22.472 	 38.2 	 978731.13
-42.8027 	 -22.4576 	 48.29 	 978724.35
-42.8229 	 -22.5038 	 25.55 	 978738.08
-42.8346 	 -22.4924 	 39.03 	 978733.82
-42.8461 	 -22.5376 	 28.13 	 978743.47
-42.6108 	 -22.4825 	 392.16 	 978660.2
-42.6418 	 -22.5148 	 50.78 	 978727.47
-42.6233 	 -22.5209 	 93.62 	 978718.64
-42.7634 	 -22.6156 	 21.76 	 978742.86
-42.7588 	 -22.6615 	 32.15 	 978741.64
-42.779 	 -22.6809 	 29.28 	 978746.43
-42.803 	 -22.7021 	 31.41 	 978750.68
-41.3427 	 -21.8112 	 12.35 	 978726.02
-41.3046 	 -21.8119 	 13.19 	 978731.29
-41.2999 	 -21.7856 	 16.03 	 978728.05
-41.2729 	 -21.8129 	 11.4 	 978736.81
-41.273 	 -21.9384 	 10.75 	 978749.74
-41.2806 	 -21.9713 	 9.43 	 978751.85
-41.3037 	 -21.9654 	 10.29 	 978750.23
-41.7668 	 -21.534 	 77.23 	 978679.66
-41.728 	 -21.5156 	 71.95 	 978679.59
-41.698 	 -21.4954 	 55.39 	 978681.49
-41.6929 	 -21.4242 	 42.44 	 978681.55
-41.6924 	 -21.3993 	 50.01 	 978678.47
-41.7077 	 -21.3651 	 61.71 	 978671.98
-41.7148 	 -21.344 	 69.35 	 978668.49
-41.2182 	 -21.8545 	 12.63 	 978748.02
-41.2277 	 -21.8988 	 10.58 	 978751.9
-41.2196 	 -21.938 	 10.9 	 978755.12
-41.1843 	 -21.9433 	 10.47 	 978759.3
-41.1887 	 -21.9807 	 10.36 	 978759.06
-41.1433 	 -21.9777 	 9.97 	 978763.79
-41.0306 	 -22.0332 	 14.66 	 978758.63
-43.9363 	 -22.8227 	 519.57 	 978664.87
-43.9015 	 -22.8074 	 469.79 	 978673.43
-43.8904 	 -22.7779 	 414.36 	 978682.19
-43.8457 	 -22.7691 	 389.42 	 978687.24
-43.8183 	 -22.775 	 456.97 	 978671.87
-43.8878 	 -22.9058 	 4.17 	 978772.49
-43.8528 	 -22.8962 	 1.17 	 978775.52
-43.8115 	 -22.8482 	 15.88 	 978770.24
-43.8095 	 -22.8121 	 22.52 	 978763.88
-43.8396 	 -22.8299 	 19.16 	 978763.03
-43.8599 	 -22.8468 	 19.98 	 978763.63
-43.8925 	 -22.8641 	 98.96 	 978744.69
-43.92 	 -22.8782 	 396.11 	 978687.56
-44.0172 	 -22.8938 	 322.87 	 978705.02
-43.9749 	 -22.8971 	 460.27 	 978680.79
-44.077 	 -22.9143 	 6.47 	 978768.62
-44.1005 	 -22.931 	 2.05 	 978771.22
-44.1136 	 -22.9071 	 96.53 	 978743.06
-44.353 	 -23.0205 	 29.39 	 978764.77
-44.3482 	 -22.9957 	 60.14 	 978755.43
-44.2449 	 -23.0492 	 33.7 	 978775.54
-44.1942 	 -23.0518 	 28.08 	 978777.85
-42.8111 	 -22.7331 	 25.42 	 978755.88
-42.7616 	 -22.7597 	 55.04 	 978755.11
-42.4198 	 -22.6211 	 38.17 	 978748.67
-42.3035 	 -22.466 	 47.7 	 978736.04
-42.2986 	 -22.4486 	 102.95 	 978720.49
-42.2892 	 -22.4291 	 289.01 	 978678.26
-42.2821 	 -22.4126 	 490.92 	 978638.95
-42.3038 	 -22.3962 	 586.76 	 978622.22
-42.3633 	 -22.3823 	 923.55 	 978556.14
-42.3832 	 -22.3887 	 807.31 	 978578.82
-42.383 	 -22.3785 	 1148.1 	 978507.38
-42.5127 	 -22.4019 	 976.02 	 978543.41
-42.4985 	 -22.4227 	 985.17 	 978543.37
-42.501 	 -22.4279 	 1018.53 	 978538.04
-42.4414 	 -22.4042 	 860.69 	 978567.91
-42.4317 	 -22.4235 	 850.32 	 978571.41
-42.4797 	 -22.6142 	 55.85 	 978741.7
-42.5063 	 -22.6195 	 84.6 	 978734.66
-42.4696 	 -22.5696 	 41.74 	 978740.02
-42.4507 	 -22.5514 	 37.09 	 978741.65
-42.4028 	 -22.525 	 31.21 	 978744.01
-42.4238 	 -22.5213 	 36.34 	 978740.92
-42.397 	 -22.4737 	 45.58 	 978736.93
-42.4187 	 -22.4674 	 78.44 	 978726.53
-42.3829 	 -22.4571 	 84.81 	 978725.67
-42.3745 	 -22.4434 	 217.49 	 978696.15
-42.3624 	 -22.4966 	 43.28 	 978740.01
-42.8946 	 -22.7453 	 21.56 	 978752.4
-42.9034 	 -22.7794 	 28.79 	 978759.65
-42.8693 	 -22.8078 	 58.21 	 978761.32
-42.8806 	 -22.8437 	 60.14 	 978769.84
-42.8659 	 -22.8535 	 95.42 	 978766.97
-42.9012 	 -22.8843 	 43.93 	 978781.23
-42.7656 	 -22.8435 	 116.86 	 978762.03
-42.8898 	 -22.6097 	 17.66 	 978756.97
-42.8976 	 -22.6279 	 12.63 	 978758.51
-42.8627 	 -22.6117 	 14.43 	 978755.47
-42.8369 	 -22.6276 	 14.97 	 978754.8
-42.8117 	 -22.6238 	 19.1 	 978752.35
-42.8103 	 -22.6322 	 16.72 	 978752.35
-42.8416 	 -22.6832 	 17.63 	 978752.1
-42.9065 	 -22.6767 	 13.99 	 978758.03
-42.8483 	 -22.7624 	 40.55 	 978753.32
-42.8239 	 -22.786 	 37.66 	 978763.89
-42.5469 	 -22.5294 	 64.84 	 978730.0
-42.5361 	 -22.5372 	 52.18 	 978734.28
-42.4811 	 -22.5211 	 42.41 	 978739.27
-42.5096 	 -22.4984 	 93.35 	 978721.95
-42.4778 	 -22.4925 	 60.99 	 978731.23
-42.8045 	 -22.8094 	 56.92 	 978763.71
-42.7851 	 -22.8211 	 61.14 	 978769.62
-42.8051 	 -22.8391 	 72.34 	 978768.38
-42.653 	 -22.5938 	 235.92 	 978692.71
-42.6745 	 -22.612 	 183.76 	 978697.68
-42.701 	 -22.6327 	 70.83 	 978723.23
-42.6595 	 -22.6629 	 188.54 	 978700.77
-42.5818 	 -22.6647 	 66.35 	 978736.35
-42.5864 	 -22.6528 	 109.52 	 978725.81
-43.2874 	 -22.1433 	 304.33 	 978653.14
-41.6362 	 -21.4899 	 34.7 	 978687.5
-41.6059 	 -21.5116 	 33.77 	 978689.94
-41.5466 	 -21.5231 	 28.0 	 978694.7
-41.5189 	 -21.5343 	 25.98 	 978698.39
-41.4816 	 -21.5526 	 37.81 	 978700.21
-41.4304 	 -21.5955 	 21.88 	 978705.36
-41.402 	 -21.6484 	 22.93 	 978707.23
-41.3589 	 -21.6995 	 30.14 	 978710.1
-41.1811 	 -21.895 	 12.87 	 978755.65
-41.1421 	 -21.932 	 11.57 	 978763.39
-41.107 	 -22.0173 	 11.99 	 978754.42
-41.0736 	 -22.0239 	 12.43 	 978755.05
-41.1043 	 -22.0729 	 14.8 	 978751.26
-41.1411 	 -22.0973 	 11.12 	 978750.36
-41.8467 	 -21.5248 	 63.04 	 978682.25
-41.8273 	 -21.5222 	 79.88 	 978678.99
-41.8461 	 -21.4888 	 152.36 	 978670.34
-41.8262 	 -21.4715 	 128.07 	 978673.4
-41.8073 	 -21.4436 	 111.05 	 978671.79
-41.7862 	 -21.4517 	 93.68 	 978674.79
-41.7812 	 -21.4875 	 88.11 	 978677.2
-41.2277 	 -21.7665 	 11.88 	 978737.22
-41.1902 	 -21.7692 	 12.51 	 978742.46
-41.1477 	 -21.768 	 11.73 	 978746.89
-41.1531 	 -21.7127 	 12.05 	 978739.1
-41.1089 	 -21.7183 	 12.91 	 978746.79
-41.0654 	 -21.7184 	 13.34 	 978750.97
-41.0264 	 -21.7181 	 11.43 	 978754.97
-41.0232 	 -21.6762 	 12.31 	 978751.78
-41.0154 	 -21.6353 	 13.34 	 978747.3
-41.0582 	 -21.6493 	 11.57 	 978743.86
-41.0566 	 -21.6827 	 13.91 	 978748.25
-41.103 	 -21.6831 	 11.37 	 978743.26
-41.2718 	 -21.7665 	 15.34 	 978730.74
-41.6733 	 -21.3299 	 84.55 	 978666.79
-41.6392 	 -21.4868 	 99.36 	 978663.9
-41.7442 	 -21.3811 	 65.0 	 978673.03
-41.7717 	 -21.3973 	 101.27 	 978667.8
-41.8094 	 -21.3991 	 123.4 	 978659.91
-41.8431 	 -21.4278 	 121.07 	 978663.74
-41.709 	 -21.3098 	 121.17 	 978654.95
-41.7047 	 -21.2838 	 82.77 	 978659.44
-41.7308 	 -21.2817 	 104.85 	 978653.54
-41.2299 	 -21.8077 	 12.14 	 978742.09
-41.1849 	 -21.8149 	 11.6 	 978748.49
-41.1406 	 -21.8132 	 12.53 	 978753.93
-41.1006 	 -21.8104 	 13.79 	 978756.0
-41.0594 	 -21.8022 	 11.84 	 978760.1
-41.0371 	 -21.7722 	 11.52 	 978758.32
-41.0161 	 -21.8022 	 11.38 	 978764.08
-41.0085 	 -21.8487 	 13.42 	 978770.38
-41.0003 	 -21.8856 	 13.14 	 978773.13
-41.6932 	 -21.5983 	 179.75 	 978669.24
-41.6611 	 -21.5869 	 74.63 	 978688.46
-41.6428 	 -21.5789 	 69.13 	 978689.89
-41.6058 	 -21.5597 	 47.1 	 978693.81
-41.6489 	 -21.514 	 44.39 	 978687.44
-41.6733 	 -21.5298 	 58.5 	 978686.0
-41.6875 	 -21.5593 	 88.38 	 978682.19
-43.3129 	 -22.1451 	 386.88 	 978636.61
-43.3155 	 -22.1966 	 340.17 	 978649.66
-42.9357 	 -22.1841 	 681.67 	 978577.35
-42.9849 	 -22.1889 	 566.43 	 978602.42
-43.0176 	 -22.2191 	 527.53 	 978608.11
-43.0648 	 -22.2342 	 536.87 	 978609.45
-43.0577 	 -22.2565 	 688.1 	 978577.26
-43.022 	 -22.2723 	 964.04 	 978530.3
-43.156 	 -22.3216 	 620.7 	 978602.56
-43.1313 	 -22.3462 	 748.06 	 978579.31
-43.1051 	 -22.3501 	 813.62 	 978567.32
-43.1468 	 -22.3922 	 713.97 	 978592.51
-43.1419 	 -22.4427 	 701.66 	 978598.63
-43.1826 	 -22.4729 	 873.69 	 978562.85
-43.1549 	 -22.4738 	 770.33 	 978585.94
-43.2681 	 -22.4805 	 1066.77 	 978527.8
-43.1819 	 -22.4005 	 942.75 	 978548.53
-43.231 	 -22.4284 	 963.3 	 978542.53
-43.2676 	 -22.4276 	 1261.24 	 978482.26
-43.0586 	 -22.4279 	 1090.56 	 978516.34
-43.0958 	 -22.4307 	 935.5 	 978549.3
-43.0491 	 -22.4104 	 1287.96 	 978475.28
-43.0267 	 -22.4131 	 1380.89 	 978457.47
-43.0183 	 -22.4197 	 1302.28 	 978475.36
-42.9821 	 -22.3995 	 877.36 	 978558.95
-42.9804 	 -22.4402 	 904.96 	 978559.39
-42.9867 	 -22.4626 	 980.61 	 978541.28
-42.9487 	 -22.4861 	 134.61 	 978707.65
-43.0 	 -22.4744 	 820.89 	 978569.82
-42.9402 	 -22.436 	 948.04 	 978549.02
-43.1 	 -22.1805 	 444.01 	 978626.37
-43.1014 	 -22.1475 	 328.96 	 978650.33
-43.0672 	 -22.1064 	 314.95 	 978646.83
-43.0279 	 -22.0585 	 265.08 	 978652.25
-43.1038 	 -22.1078 	 354.48 	 978639.31
-43.1509 	 -22.0966 	 280.93 	 978653.51
-43.1978 	 -22.0626 	 390.0 	 978631.29
-43.2302 	 -22.0632 	 427.49 	 978624.37
-42.9829 	 -22.2286 	 1082.43 	 978498.58
-43.064 	 -22.3053 	 1050.45 	 978516.01
-43.0957 	 -22.3072 	 787.16 	 978564.9
-43.0652 	 -22.3647 	 766.9 	 978577.87
-43.0239 	 -22.3161 	 919.2 	 978542.4
-42.9734 	 -22.3103 	 808.99 	 978566.09
-42.9682 	 -22.2749 	 833.72 	 978556.93
-43.0178 	 -22.3439 	 1230.66 	 978483.79
-42.975 	 -22.351 	 995.09 	 978530.0
-42.8918 	 -22.1457 	 737.05 	 978562.38
-42.8539 	 -22.138 	 805.64 	 978548.41
-42.8492 	 -22.0973 	 744.57 	 978558.77
-42.8088 	 -22.0899 	 677.46 	 978568.73
-42.7946 	 -22.056 	 461.09 	 978610.93
-42.7791 	 -22.0678 	 465.22 	 978608.74
-42.7699 	 -22.1017 	 983.89 	 978511.83
-42.7833 	 -22.1368 	 879.28 	 978538.14
-42.8037 	 -22.1551 	 854.09 	 978544.0
-41.7307 	 -21.564 	 58.59 	 978687.86
-41.7578 	 -21.549 	 88.29 	 978679.11
-41.0674 	 -21.8588 	 12.66 	 978764.38
-41.0549 	 -21.8894 	 12.06 	 978768.6
-40.9981 	 -21.9335 	 11.67 	 978775.72
-40.9989 	 -21.9749 	 11.87 	 978765.14
-41.0514 	 -21.9333 	 11.1 	 978771.18
-41.0634 	 -21.9735 	 10.04 	 978766.13
-41.1009 	 -21.9756 	 10.49 	 978767.79
-41.0897 	 -21.9379 	 10.29 	 978768.76
-41.1029 	 -21.8905 	 12.21 	 978763.7
-41.1396 	 -21.8927 	 9.7 	 978760.24
-41.3894 	 -21.6812 	 15.54 	 978711.57
-41.4378 	 -21.6461 	 21.12 	 978708.62
-41.4717 	 -21.6377 	 48.59 	 978698.47
-41.4801 	 -21.6128 	 44.72 	 978699.67
-41.4911 	 -21.5058 	 37.6 	 978692.7
-41.5186 	 -21.4762 	 66.99 	 978681.83
-41.5486 	 -21.4841 	 40.5 	 978687.52
-41.7578 	 -21.2006 	 116.96 	 978644.28
-41.7054 	 -21.2133 	 123.14 	 978644.93
-41.7988 	 -21.2863 	 149.5 	 978642.84
-41.803 	 -21.2977 	 98.02 	 978654.26
-41.7678 	 -21.3129 	 80.47 	 978659.97
-41.7697 	 -21.3523 	 92.3 	 978662.05
-41.7961 	 -21.3681 	 107.64 	 978658.61
-41.8391 	 -21.4116 	 137.16 	 978656.7
-41.6456 	 -21.4377 	 67.35 	 978678.04
-41.6067 	 -21.4307 	 71.49 	 978676.06
-41.5594 	 -21.437 	 55.36 	 978681.09
-41.5705 	 -21.4074 	 108.48 	 978668.8
-41.6085 	 -21.3887 	 120.67 	 978665.05
-41.6513 	 -21.388 	 65.57 	 978675.69
-41.6416 	 -21.3549 	 99.18 	 978663.01
-41.6162 	 -21.3688 	 14.06 	 978671.36
-41.3542 	 -21.8508 	 12.12 	 978731.68
-41.3154 	 -21.895 	 12.16 	 978742.21
-41.3292 	 -21.9221 	 11.52 	 978743.64
-41.3516 	 -21.9377 	 11.36 	 978743.93
-41.3548 	 -21.8964 	 11.68 	 978738.43
-41.3846 	 -21.8875 	 10.28 	 978735.27
-41.3885 	 -21.8518 	 9.89 	 978728.18
-41.3971 	 -21.8086 	 14.42 	 978716.99
-41.4336 	 -21.801 	 33.14 	 978709.33
-41.4401 	 -21.7756 	 24.85 	 978708.9
-41.719 	 -21.4806 	 62.98 	 978680.2
-41.7282 	 -21.4387 	 82.53 	 978673.55
-41.5436 	 -21.5813 	 82.49 	 978691.44
-41.5246 	 -21.5681 	 47.84 	 978698.02
-41.5241 	 -21.5931 	 38.77 	 978700.48
-41.1734 	 -21.8533 	 11.68 	 978753.0
-41.1346 	 -21.8503 	 12.43 	 978757.19
-41.0959 	 -21.8501 	 12.87 	 978760.02
-41.2362 	 -21.9788 	 10.95 	 978752.92
-41.2291 	 -22.022 	 11.56 	 978745.36
-41.1872 	 -22.0194 	 11.05 	 978750.45
-41.1869 	 -22.073 	 11.74 	 978751.01
-41.1467 	 -22.0158 	 10.91 	 978753.65
-41.8272 	 -21.6358 	 55.1 	 978692.6
-44.4746 	 -22.8764 	 1158.6 	 978517.12
-44.4179 	 -22.9022 	 69.18 	 978728.26
-44.7804 	 -23.2059 	 287.81 	 978717.0
-44.5381 	 -22.9923 	 -0.39 	 978752.57
-44.5535 	 -22.9624 	 5.94 	 978745.18
-44.5651 	 -22.9517 	 12.03 	 978739.0
-44.5936 	 -22.9454 	 48.77 	 978725.55
-44.584 	 -22.9956 	 147.37 	 978721.17
-44.187 	 -22.8575 	 656.1 	 978631.17
-44.1909 	 -22.8945 	 798.45 	 978600.99
-44.2195 	 -22.8928 	 802.93 	 978598.79
-44.2277 	 -22.8524 	 549.99 	 978651.96
-44.1483 	 -22.8249 	 669.57 	 978629.24
-44.1031 	 -22.8066 	 537.1 	 978655.52
-44.0673 	 -22.808 	 502.25 	 978663.79
-44.0331 	 -22.8158 	 509.69 	 978663.75
-44.062 	 -22.8526 	 645.7 	 978638.79
-44.089 	 -22.853 	 790.53 	 978605.98
-44.1512 	 -22.8603 	 979.79 	 978566.41
-44.1879 	 -22.8037 	 510.65 	 978656.1
-44.2717 	 -22.8835 	 68.21 	 978740.07
-44.3151 	 -22.8933 	 5.4 	 978752.9
-44.3858 	 -22.906 	 199.58 	 978710.09
-44.2835 	 -22.9489 	 95.3 	 978743.17
-44.2011 	 -22.9636 	 186.54 	 978727.21
-44.1495 	 -23.0337 	 64.89 	 978767.49
-44.1447 	 -22.9515 	 90.6 	 978749.73
-44.2282 	 -22.78 	 639.35 	 978617.13
-44.2296 	 -22.8035 	 984.08 	 978557.95
-44.1796 	 -22.7637 	 534.25 	 978642.89
-44.1934 	 -22.717 	 1141.1 	 978510.7
-44.2275 	 -22.7342 	 1188.36 	 978503.3
-44.1055 	 -22.7444 	 511.19 	 978652.4
-44.0948 	 -22.7687 	 531.64 	 978653.11
-44.0276 	 -22.7715 	 466.34 	 978669.8
-44.0271 	 -22.7282 	 456.52 	 978664.57
-44.0577 	 -22.7342 	 484.1 	 978659.19
-43.9696 	 -22.7205 	 557.69 	 978646.92
-43.8582 	 -22.7264 	 65.78 	 978747.9
-43.8067 	 -22.7369 	 69.9 	 978747.51
-43.7694 	 -22.7319 	 194.07 	 978722.56
-44.1105 	 -22.7193 	 474.83 	 978656.49
-44.02 	 -22.8582 	 446.78 	 978683.37
-43.973 	 -22.8424 	 503.57 	 978669.85
-43.9448 	 -22.8482 	 516.97 	 978667.13
-42.807 	 -22.1786 	 913.43 	 978532.07
-42.8494 	 -22.1803 	 826.34 	 978552.69
-42.887 	 -22.104 	 635.63 	 978580.98
-42.8907 	 -22.0631 	 713.47 	 978565.93
-42.8565 	 -22.0581 	 785.86 	 978550.48
-42.8896 	 -22.1849 	 673.33 	 978576.77
-42.9037 	 -22.2201 	 712.25 	 978575.59
-42.9306 	 -22.2237 	 959.48 	 978526.35
-42.9248 	 -22.2687 	 724.24 	 978577.61
-42.9379 	 -22.3164 	 745.68 	 978577.8
-42.9369 	 -22.3851 	 890.43 	 978555.51
-42.9089 	 -22.4241 	 846.39 	 978566.87
-42.9041 	 -22.2805 	 862.16 	 978552.83
-42.896 	 -22.3184 	 957.63 	 978537.41
-42.8875 	 -22.3543 	 940.3 	 978543.82
-42.8014 	 -22.2778 	 904.63 	 978544.55
-42.775 	 -22.2683 	 932.85 	 978537.08
-42.7654 	 -22.2326 	 897.79 	 978541.59
-42.7281 	 -22.2687 	 1041.81 	 978516.19
-42.6523 	 -22.2637 	 1050.07 	 978514.5
-42.6478 	 -22.2405 	 1036.53 	 978516.09
-42.6063 	 -22.2364 	 1010.51 	 978520.39
-42.8616 	 -22.2256 	 963.5 	 978528.84
-42.8473 	 -22.2719 	 810.84 	 978561.75
-42.8071 	 -22.2332 	 832.82 	 978554.98
-42.7694 	 -22.1903 	 1052.53 	 978510.15
-42.7296 	 -22.2265 	 1080.4 	 978507.89
-42.6892 	 -22.2241 	 977.81 	 978528.17
-42.6901 	 -22.1807 	 954.57 	 978530.1
-42.6524 	 -22.1824 	 967.83 	 978527.77
-42.6403 	 -22.1467 	 898.45 	 978538.28
-42.6032 	 -22.1529 	 990.28 	 978522.39
-42.603 	 -22.1909 	 1069.01 	 978508.14
-42.7256 	 -22.1899 	 961.57 	 978527.12
-42.6806 	 -22.1585 	 918.2 	 978534.73
-42.7328 	 -22.146 	 999.03 	 978517.24
-42.7261 	 -22.1083 	 923.64 	 978527.46
-42.6961 	 -22.1001 	 686.98 	 978575.02
-42.6837 	 -22.0689 	 444.61 	 978618.57
-42.7278 	 -22.0555 	 607.57 	 978582.63
-42.6443 	 -22.0704 	 627.37 	 978583.69
-42.6057 	 -22.0617 	 705.92 	 978569.34
-42.6445 	 -22.1004 	 516.96 	 978610.1
-42.9699 	 -22.1384 	 693.87 	 978574.91
-42.9733 	 -22.0974 	 444.71 	 978620.77
-42.9411 	 -22.0905 	 461.3 	 978617.36
-42.9279 	 -22.0671 	 511.39 	 978604.22
-42.9702 	 -22.0589 	 509.02 	 978604.29
-43.0282 	 -22.1155 	 407.22 	 978629.5
-43.0531 	 -22.131 	 381.58 	 978634.57
-43.0664 	 -22.1816 	 524.06 	 978611.7
-43.0176 	 -22.1483 	 612.44 	 978591.42
-43.1089 	 -22.2664 	 559.48 	 978607.2
-43.1423 	 -22.2336 	 529.92 	 978615.16
-43.1516 	 -22.1986 	 337.73 	 978647.57
-43.1892 	 -22.1802 	 326.09 	 978650.75
-43.1826 	 -22.1423 	 328.22 	 978646.6
-43.1861 	 -22.1052 	 288.89 	 978653.07
-43.2254 	 -22.1091 	 311.14 	 978649.67
-41.8402 	 -21.6628 	 79.76 	 978688.92
-41.8564 	 -21.6757 	 58.99 	 978692.31
-41.8825 	 -21.7034 	 83.78 	 978688.53
-41.9021 	 -21.7192 	 78.82 	 978689.27
-41.9892 	 -21.7317 	 72.01 	 978688.02
-41.9954 	 -21.7683 	 102.03 	 978683.1
-42.0137 	 -21.7783 	 80.84 	 978686.99
-41.7693 	 -21.6856 	 43.87 	 978699.86
-41.7306 	 -21.6952 	 69.91 	 978694.83
-41.6891 	 -21.6883 	 270.3 	 978653.38
-41.7694 	 -21.735 	 105.58 	 978689.06
-41.7237 	 -21.7289 	 235.89 	 978658.56
-41.7226 	 -21.7688 	 737.43 	 978564.49
-41.7048 	 -21.7536 	 570.9 	 978596.82
-41.6795 	 -21.7348 	 486.54 	 978611.13
-41.6462 	 -21.6966 	 313.15 	 978646.61
-41.9124 	 -21.7613 	 199.03 	 978665.44
-41.9338 	 -21.7668 	 64.46 	 978689.97
-41.9484 	 -21.8026 	 92.3 	 978684.83
-41.9661 	 -21.8232 	 88.74 	 978686.38
-41.9536 	 -21.8442 	 260.97 	 978655.53
-41.967 	 -21.8602 	 296.89 	 978648.91
-41.9747 	 -21.8878 	 197.98 	 978667.45
-41.9499 	 -21.905 	 374.04 	 978633.63
-41.9504 	 -21.8935 	 502.88 	 978610.42
-41.9688 	 -21.948 	 587.92 	 978600.11
-41.5353 	 -21.6787 	 23.31 	 978704.77
-41.5543 	 -21.6961 	 65.74 	 978699.41
-41.5576 	 -21.7243 	 41.71 	 978707.59
-41.5995 	 -21.7268 	 45.41 	 978703.71
-41.596 	 -21.7005 	 80.35 	 978692.41
-41.6485 	 -21.7582 	 120.66 	 978683.19
-41.6374 	 -21.7376 	 39.18 	 978702.06
-41.5897 	 -21.7727 	 68.08 	 978700.2
-41.5579 	 -21.7653 	 14.16 	 978714.08
-41.5226 	 -21.7642 	 15.53 	 978715.17
-41.5212 	 -21.7259 	 22.9 	 978712.02
-41.4775 	 -21.7369 	 15.11 	 978712.46
-41.4355 	 -21.732 	 16.03 	 978711.02
-42.0873 	 -21.8255 	 103.71 	 978686.71
-42.0748 	 -21.8407 	 122.25 	 978683.54
-42.1016 	 -21.8583 	 148.73 	 978679.25
-42.1371 	 -21.91 	 212.28 	 978669.85
-42.1056 	 -21.9304 	 199.01 	 978671.08
-42.0772 	 -21.9307 	 154.75 	 978679.77
-42.0546 	 -21.9062 	 169.54 	 978675.59
-42.035 	 -21.9001 	 158.64 	 978676.49
-41.5487 	 -21.6571 	 61.55 	 978698.32
-41.6061 	 -21.804 	 16.53 	 978714.47
-41.6427 	 -21.8223 	 21.07 	 978710.78
-41.6576 	 -21.8426 	 19.59 	 978717.03
-41.6873 	 -21.8554 	 18.74 	 978715.52
-41.7293 	 -21.8518 	 23.9 	 978710.38
-41.7273 	 -21.8981 	 67.86 	 978707.16
-41.7727 	 -21.8887 	 31.53 	 978711.8
-41.7802 	 -21.9343 	 30.08 	 978715.06
-41.7668 	 -21.985 	 44.01 	 978714.92
-41.8915 	 -21.5892 	 60.75 	 978685.22
-41.9674 	 -21.6197 	 52.34 	 978686.75
-41.9374 	 -21.6407 	 94.55 	 978681.37
-41.9154 	 -21.656 	 98.95 	 978679.69
-41.9381 	 -21.6835 	 105.17 	 978679.48
-41.9739 	 -21.6989 	 147.06 	 978672.46
-42.0045 	 -21.7272 	 100.31 	 978682.04
-42.0214 	 -21.7984 	 97.01 	 978685.04
-42.0322 	 -21.8645 	 134.76 	 978681.83
-41.4705 	 -21.7744 	 15.15 	 978712.02
-41.5208 	 -21.8163 	 26.56 	 978715.1
-41.5225 	 -21.8555 	 53.58 	 978713.82
-41.489 	 -21.8417 	 16.85 	 978720.43
-41.5614 	 -21.8227 	 33.71 	 978714.97
-41.6096 	 -21.8502 	 29.47 	 978717.06
-41.6328 	 -21.905 	 27.48 	 978719.13
-41.6872 	 -21.9021 	 25.14 	 978716.47
-41.7959 	 -21.6841 	 286.57 	 978653.76
-41.8013 	 -21.723 	 81.88 	 978692.33
-41.8204 	 -21.7637 	 275.91 	 978657.74
-41.8448 	 -21.7818 	 311.34 	 978647.66
-41.8613 	 -21.8075 	 662.68 	 978578.15
-41.8315 	 -21.8013 	 889.43 	 978535.8
-41.8712 	 -21.8346 	 856.56 	 978540.39
-41.8926 	 -21.8483 	 1120.52 	 978485.2
-41.9018 	 -21.8119 	 646.27 	 978584.89
-41.6893 	 -21.9386 	 82.37 	 978707.63
-41.733 	 -21.9396 	 23.52 	 978716.47
-41.7325 	 -21.9774 	 53.72 	 978715.01
-41.6823 	 -21.9753 	 48.89 	 978719.1
-41.6525 	 -21.9724 	 76.14 	 978714.88
-41.6085 	 -21.9478 	 24.04 	 978725.65
-41.5541 	 -21.9437 	 44.66 	 978725.37
-41.5511 	 -21.9727 	 42.37 	 978728.8
-41.6104 	 -21.9776 	 47.76 	 978723.79
-41.885 	 -21.9518 	 207.11 	 978675.4
-41.8525 	 -21.9556 	 119.74 	 978696.0
-41.8136 	 -21.9425 	 69.49 	 978705.35
-41.8032 	 -21.8995 	 36.15 	 978706.82
-41.8078 	 -21.8722 	 196.75 	 978669.49
-41.5628 	 -21.8967 	 62.73 	 978715.72
-41.5245 	 -21.9083 	 39.15 	 978725.47
-41.7553 	 -22.2147 	 11.22 	 978743.21
-41.483 	 -21.9028 	 13.46 	 978732.36
-41.4575 	 -21.8757 	 13.15 	 978728.68
-41.4668 	 -21.9373 	 12.02 	 978737.11
-41.4347 	 -21.9278 	 13.14 	 978736.43
-41.4092 	 -21.9442 	 9.36 	 978742.22
-41.4503 	 -21.9802 	 11.91 	 978743.48
-41.4847 	 -21.9716 	 14.36 	 978739.09
-41.5204 	 -21.9733 	 20.86 	 978735.47
-41.5316 	 -21.9488 	 33.19 	 978730.48
-41.8638 	 -21.7178 	 95.57 	 978686.69
-42.077 	 -21.6511 	 67.51 	 978682.47
-42.1056 	 -21.6857 	 71.63 	 978682.9
-42.1272 	 -21.7061 	 72.85 	 978682.7
-42.1466 	 -21.737 	 92.62 	 978682.38
-42.1378 	 -21.7618 	 107.81 	 978682.52
-42.104 	 -21.7674 	 140.28 	 978674.6
-42.1007 	 -21.7399 	 98.35 	 978681.18
-42.0679 	 -21.7266 	 101.21 	 978680.15
-42.0509 	 -21.7627 	 97.83 	 978684.91
-41.2613 	 -22.0362 	 11.87 	 978746.02
-41.2653 	 -22.0671 	 11.01 	 978746.98
-41.3051 	 -22.0569 	 12.36 	 978744.13
-41.2966 	 -22.0927 	 12.95 	 978746.5
-41.2745 	 -22.1004 	 10.9 	 978748.81
-41.2574 	 -22.1366 	 13.24 	 978752.52
-41.2235 	 -22.1391 	 14.89 	 978749.76
-41.2133 	 -22.0765 	 11.24 	 978750.85
-42.1384 	 -21.8112 	 111.87 	 978684.54
-42.1506 	 -21.8461 	 113.09 	 978685.32
-42.1808 	 -21.8582 	 125.66 	 978685.25
-42.256 	 -21.847 	 148.77 	 978674.46
-42.2333 	 -21.8441 	 148.46 	 978675.71
-42.2238 	 -21.8172 	 113.68 	 978679.93
-42.2048 	 -21.7968 	 126.99 	 978677.27
-42.185 	 -21.7707 	 101.24 	 978681.75
-42.2139 	 -21.7774 	 107.39 	 978677.2
-42.1736 	 -21.8176 	 84.02 	 978680.78
-41.3618 	 -22.0983 	 12.6 	 978757.47
-41.3966 	 -22.0674 	 13.16 	 978755.83
-41.4299 	 -22.0725 	 14.12 	 978754.0
-41.4406 	 -22.0194 	 10.88 	 978749.04
-41.4799 	 -22.0173 	 10.84 	 978745.03
-41.4812 	 -22.0607 	 21.26 	 978747.68
-41.5171 	 -22.0593 	 26.6 	 978743.37
-41.5282 	 -22.0245 	 10.92 	 978742.37
-42.2417 	 -22.4802 	 39.37 	 978743.01
-42.2695 	 -22.4854 	 30.5 	 978745.68
-42.2803 	 -22.5071 	 24.92 	 978748.46
-42.3172 	 -22.5136 	 30.18 	 978747.45
-42.3602 	 -22.5625 	 30.92 	 978750.38
-42.383 	 -22.5808 	 30.07 	 978750.65
-42.4735 	 -22.6455 	 36.41 	 978750.49
-42.4236 	 -22.6298 	 34.61 	 978750.96
-42.1429 	 -22.4842 	 25.0 	 978749.88
-42.0933 	 -22.4788 	 22.69 	 978750.78
-42.073 	 -22.4332 	 97.12 	 978731.86
-42.0262 	 -22.4765 	 31.58 	 978750.55
-41.9723 	 -22.4877 	 12.17 	 978756.85
-41.9341 	 -22.4855 	 10.69 	 978760.12
-41.946 	 -22.4368 	 26.23 	 978753.91
-41.9798 	 -22.4413 	 30.75 	 978749.3
-42.5068 	 -22.6621 	 50.09 	 978745.39
-42.5372 	 -22.6905 	 54.58 	 978748.79
-42.5679 	 -22.6896 	 54.95 	 978746.87
-42.6014 	 -22.7024 	 70.74 	 978740.71
-42.6395 	 -22.714 	 56.78 	 978744.56
-42.6572 	 -22.7031 	 49.61 	 978740.0
-42.6911 	 -22.7201 	 39.3 	 978746.12
-42.7398 	 -22.7398 	 33.71 	 978753.8
-42.74 	 -22.7584 	 56.23 	 978755.11
-41.6374 	 -22.0143 	 39.77 	 978729.86
-41.6075 	 -22.0257 	 62.06 	 978727.64
-41.5605 	 -22.023 	 15.7 	 978739.14
-41.5602 	 -22.0549 	 12.07 	 978742.95
-41.6438 	 -22.0673 	 19.68 	 978739.02
-42.3801 	 -22.6746 	 26.55 	 978758.72
-42.3532 	 -22.7164 	 21.73 	 978765.61
-42.3704 	 -22.6987 	 31.32 	 978759.88
-42.4052 	 -22.7241 	 29.02 	 978762.86
-42.4359 	 -22.7189 	 43.45 	 978760.24
-42.4481 	 -22.6939 	 53.71 	 978754.32
-42.4858 	 -22.6994 	 51.85 	 978754.38
-42.4768 	 -22.7244 	 35.66 	 978760.74
-42.4783 	 -22.7607 	 52.62 	 978766.06
-42.4851 	 -22.8006 	 74.0 	 978770.78
-41.8912 	 -22.3096 	 21.02 	 978745.32
-41.8409 	 -22.2357 	 22.23 	 978743.34
-41.8008 	 -22.2609 	 23.31 	 978747.16
-41.7586 	 -22.1848 	 51.34 	 978735.54
-41.7871 	 -22.1517 	 72.95 	 978727.86
-41.8547 	 -22.0959 	 63.47 	 978720.72
-41.887 	 -22.0913 	 52.42 	 978718.79
-41.9093 	 -22.0689 	 41.24 	 978716.57
-42.5929 	 -22.7562 	 88.6 	 978754.03
-42.5652 	 -22.7845 	 85.04 	 978762.06
-42.58 	 -22.7991 	 98.88 	 978761.06
-42.5943 	 -22.8045 	 167.58 	 978748.77
-42.5183 	 -22.8087 	 86.13 	 978766.54
-42.4256 	 -22.8014 	 48.2 	 978774.31
-42.3932 	 -22.8123 	 54.52 	 978777.41
-42.3441 	 -22.8106 	 47.08 	 978782.04
-42.3161 	 -22.8157 	 36.44 	 978788.37
-41.7269 	 -22.1481 	 40.88 	 978736.91
-41.6853 	 -22.1435 	 33.82 	 978740.55
-41.7209 	 -22.0326 	 68.01 	 978721.62
-41.7727 	 -22.0194 	 50.94 	 978718.94
-41.8147 	 -22.0217 	 86.54 	 978708.47
-41.8552 	 -22.0178 	 66.7 	 978710.07
-41.8599 	 -21.9818 	 47.23 	 978709.33
-41.8107 	 -21.9827 	 54.97 	 978710.99
-41.7236 	 -22.0719 	 22.58 	 978734.39
-42.2988 	 -22.7323 	 31.89 	 978770.46
-42.281 	 -22.7243 	 33.68 	 978770.49
-42.2352 	 -22.7374 	 37.47 	 978776.0
-42.2005 	 -22.7416 	 28.6 	 978781.93
-42.2196 	 -22.7628 	 48.6 	 978781.02
-42.1926 	 -22.7612 	 47.11 	 978783.8
-42.1617 	 -22.7471 	 17.77 	 978788.02
-42.1501 	 -22.7687 	 19.64 	 978795.16
-42.152 	 -22.809 	 53.05 	 978798.53
-42.1755 	 -22.8221 	 45.1 	 978801.36
-42.2268 	 -22.8214 	 34.51 	 978798.45
-42.267 	 -22.8204 	 65.43 	 978788.48
-41.7296 	 -22.1072 	 71.57 	 978727.12
-41.7667 	 -22.1011 	 27.52 	 978733.2
-41.7712 	 -22.0602 	 57.49 	 978722.63
-41.8148 	 -22.1048 	 31.59 	 978730.67
-41.8182 	 -22.0621 	 49.35 	 978718.97
-41.8568 	 -22.0566 	 36.97 	 978720.53
-41.8906 	 -22.0256 	 53.16 	 978709.33
-41.926 	 -22.1145 	 67.71 	 978713.58
-41.924 	 -22.1294 	 59.87 	 978717.38
-42.2973 	 -22.5492 	 23.3 	 978753.42
-42.2833 	 -22.5625 	 27.82 	 978752.81
-42.2636 	 -22.603 	 21.42 	 978755.36
-42.2681 	 -22.6398 	 37.95 	 978756.62
-42.2974 	 -22.6603 	 22.92 	 978760.73
-42.2933 	 -22.6731 	 65.59 	 978753.82
-42.2774 	 -22.6971 	 40.08 	 978764.41
-42.3647 	 -22.6415 	 22.23 	 978758.7
-42.3472 	 -22.6137 	 27.68 	 978758.33
-42.3108 	 -22.6068 	 20.85 	 978756.98
-41.9429 	 -22.3254 	 29.13 	 978742.27
-41.9875 	 -22.3045 	 26.97 	 978735.99
-41.9823 	 -22.269 	 38.31 	 978732.64
-41.9813 	 -22.2309 	 32.21 	 978730.11
-42.0178 	 -22.2331 	 45.03 	 978723.95
-42.0549 	 -22.2367 	 88.11 	 978708.37
-42.0619 	 -22.2671 	 199.1 	 978687.32
-42.0218 	 -22.1846 	 145.21 	 978697.25
-41.9694 	 -22.1955 	 35.16 	 978726.01
-42.7031 	 -22.7024 	 90.09 	 978730.05
-42.7094 	 -22.6898 	 89.23 	 978723.95
-42.7213 	 -22.7992 	 63.27 	 978765.01
-42.7131 	 -22.8359 	 143.21 	 978753.4
-42.6845 	 -22.8127 	 111.18 	 978755.71
-42.6695 	 -22.8434 	 263.98 	 978732.44
-42.6323 	 -22.8456 	 754.23 	 978619.3
-42.6483 	 -22.8162 	 99.49 	 978760.65
-42.6599 	 -22.7823 	 55.73 	 978761.74
-42.6726 	 -22.7783 	 52.2 	 978760.04
-41.9411 	 -22.3977 	 33.7 	 978748.59
-41.9087 	 -22.5051 	 13.18 	 978761.44
-41.8622 	 -22.4606 	 13.96 	 978762.07
-41.83 	 -22.4241 	 15.45 	 978760.81
-41.8816 	 -22.4014 	 29.99 	 978753.71
-41.81 	 -22.3563 	 12.13 	 978754.72
-41.9025 	 -22.3559 	 26.82 	 978746.88
-41.8735 	 -22.3045 	 23.95 	 978745.92
-42.1988 	 -22.5277 	 11.36 	 978753.92
-42.2094 	 -22.541 	 11.1 	 978755.18
-42.2182 	 -22.5446 	 12.06 	 978754.8
-42.2013 	 -22.5507 	 10.74 	 978755.65
-42.1335 	 -22.5175 	 15.22 	 978757.56
-42.1363 	 -22.5421 	 10.23 	 978759.3
-42.1147 	 -22.55 	 10.85 	 978759.52
-42.1186 	 -22.5204 	 15.3 	 978757.98
-42.9958 	 -22.8775 	 77.31 	 978765.63
-44.2601 	 -22.3049 	 614.0 	 978576.53
-44.2707 	 -22.2841 	 556.69 	 978583.52
-44.3156 	 -22.2717 	 643.17 	 978561.77
-42.0681 	 -22.5279 	 10.97 	 978758.05
-42.0501 	 -22.5508 	 11.69 	 978757.66
-41.6502 	 -22.1098 	 35.58 	 978739.53
-41.5961 	 -22.1091 	 51.56 	 978738.83
-41.5942 	 -22.1476 	 30.89 	 978744.97
-41.6427 	 -22.1495 	 56.13 	 978737.52
-41.5627 	 -22.139 	 16.61 	 978749.14
-41.521 	 -22.1478 	 15.72 	 978751.95
-41.4752 	 -22.1522 	 15.51 	 978756.41
-41.4392 	 -22.1304 	 11.39 	 978756.99
-41.3992 	 -22.1372 	 15.19 	 978758.22
-41.3571 	 -22.1365 	 13.89 	 978756.21
-41.6073 	 -22.187 	 28.65 	 978747.76
-41.6442 	 -22.1836 	 17.07 	 978748.28
-41.9967 	 -22.6792 	 11.68 	 978782.72
-41.9527 	 -22.7429 	 12.79 	 978804.8
-41.8804 	 -22.747 	 13.59 	 978810.72
-41.873 	 -22.7457 	 105.81 	 978790.52
-41.8725 	 -22.7591 	 103.67 	 978792.57
-41.8951 	 -22.7622 	 16.85 	 978812.53
-41.9309 	 -22.7994 	 13.76 	 978821.4
-41.9798 	 -22.7811 	 16.64 	 978812.53
-41.9903 	 -22.8406 	 13.66 	 978824.13
-41.9958 	 -22.8766 	 10.75 	 978833.19
-41.69 	 -22.1861 	 26.74 	 978744.98
-41.558 	 -22.1816 	 18.38 	 978751.72
-41.595 	 -22.2283 	 13.83 	 978755.53
-41.5588 	 -22.2403 	 12.69 	 978758.87
-41.5149 	 -22.1838 	 14.78 	 978756.22
-41.4859 	 -22.1841 	 14.36 	 978758.1
-41.4811 	 -22.2108 	 14.09 	 978761.38
-41.5102 	 -22.2193 	 11.71 	 978760.68
-41.433 	 -22.1856 	 15.65 	 978760.98
-41.3925 	 -22.186 	 11.97 	 978760.5
-42.0608 	 -22.7238 	 29.66 	 978783.48
-42.0859 	 -22.7481 	 20.86 	 978792.4
-42.0984 	 -22.7749 	 31.14 	 978796.96
-42.0399 	 -22.7903 	 24.01 	 978807.6
-42.0676 	 -22.8027 	 33.9 	 978807.0
-42.0596 	 -22.8567 	 14.35 	 978823.57
-42.0438 	 -22.9591 	 16.08 	 978836.54
-42.1071 	 -22.9457 	 12.94 	 978838.72
-42.1542 	 -22.9442 	 11.21 	 978834.76
-42.1834 	 -22.9401 	 14.0 	 978833.06
-41.6824 	 -22.2268 	 25.28 	 978748.39
-41.6447 	 -22.2274 	 30.04 	 978748.51
-41.6497 	 -22.2686 	 14.05 	 978755.08
-41.604 	 -22.2589 	 14.09 	 978757.79
-41.6806 	 -22.2623 	 45.17 	 978746.22
-41.729 	 -22.2696 	 29.53 	 978748.23
-41.6964 	 -22.3043 	 14.15 	 978756.51
-41.7715 	 -22.3034 	 11.78 	 978754.37
-42.3882 	 -22.8935 	 10.87 	 978803.39
-42.3517 	 -22.9226 	 12.05 	 978814.63
-42.3283 	 -22.9148 	 11.16 	 978814.87
-42.3132 	 -22.9288 	 11.97 	 978819.82
-42.2752 	 -22.9111 	 10.68 	 978819.61
-42.2634 	 -22.9256 	 19.85 	 978822.04
-42.2355 	 -22.9311 	 14.61 	 978825.85
-44.3412 	 -22.2601 	 917.21 	 978506.82
-44.3196 	 -22.2992 	 611.42 	 978573.24
-44.3484 	 -22.327 	 510.99 	 978594.8
-44.3963 	 -22.3388 	 464.79 	 978604.03
-44.4172 	 -22.3194 	 614.8 	 978568.04
-44.4022 	 -22.3263 	 497.44 	 978593.95
-44.2407 	 -22.2886 	 626.54 	 978572.4
-44.2231 	 -22.3 	 605.63 	 978578.83
-44.1903 	 -22.3027 	 684.66 	 978564.82
-44.1804 	 -22.273 	 505.62 	 978595.65
-44.1622 	 -22.2471 	 588.08 	 978577.35
-44.143 	 -22.2575 	 661.44 	 978565.77
-44.1353 	 -22.3213 	 668.9 	 978576.15
-44.1332 	 -22.3593 	 521.09 	 978606.69
-44.1477 	 -22.397 	 455.52 	 978620.0
-44.1728 	 -22.4186 	 463.04 	 978617.69
-44.1029 	 -22.4035 	 521.71 	 978610.81
-44.1145 	 -22.4401 	 447.72 	 978628.12
-44.1305 	 -22.4486 	 437.85 	 978629.89
-44.1291 	 -22.4612 	 469.4 	 978626.26
-44.0947 	 -22.4743 	 420.03 	 978639.74
-44.2409 	 -22.4937 	 378.72 	 978637.51
-44.4422 	 -22.3592 	 447.82 	 978606.84
-44.4921 	 -22.3533 	 544.35 	 978582.68
-44.1172 	 -22.2536 	 583.38 	 978581.06
-44.0874 	 -22.2384 	 551.49 	 978587.0
-44.06 	 -22.2307 	 605.46 	 978576.76
-44.037 	 -22.2457 	 628.36 	 978576.4
-44.0899 	 -22.1861 	 464.91 	 978598.51
-44.072 	 -22.1702 	 453.02 	 978599.99
-44.0131 	 -22.1671 	 452.48 	 978601.37
-43.9535 	 -22.1819 	 451.86 	 978605.87
-43.9817 	 -22.1675 	 586.4 	 978575.62
-44.0499 	 -22.255 	 589.09 	 978583.17
-44.0245 	 -22.2608 	 686.26 	 978568.04
-43.9825 	 -22.2595 	 810.75 	 978548.29
-43.9709 	 -22.248 	 815.23 	 978545.15
-43.9446 	 -22.2431 	 667.74 	 978576.44
-43.9433 	 -22.2716 	 640.68 	 978584.52
-43.9035 	 -22.2682 	 515.27 	 978611.02
-43.892 	 -22.2234 	 786.55 	 978553.49
-43.8946 	 -22.2739 	 871.45 	 978533.9
-43.9266 	 -22.3017 	 520.41 	 978615.27
-43.9124 	 -22.3285 	 624.97 	 978602.23
-43.9211 	 -22.3511 	 712.41 	 978588.0
-43.8935 	 -22.3556 	 711.53 	 978590.09
-43.9085 	 -22.488 	 366.99 	 978652.23
-44.0611 	 -22.4744 	 368.95 	 978652.16
-44.0171 	 -22.477 	 374.18 	 978650.6
-43.9757 	 -22.4818 	 378.46 	 978648.52
-43.9407 	 -22.491 	 358.67 	 978654.03
-43.9421 	 -22.5159 	 358.11 	 978657.05
-43.9221 	 -22.545 	 444.32 	 978645.73
-43.9157 	 -22.5412 	 442.17 	 978644.37
-43.9108 	 -22.5486 	 446.33 	 978645.57
-43.9948 	 -22.5184 	 358.79 	 978654.33
-44.0075 	 -22.5235 	 443.58 	 978635.87
-44.0756 	 -22.5764 	 488.72 	 978633.1
-42.2228 	 -22.8986 	 11.15 	 978820.73
-42.1568 	 -22.9152 	 10.69 	 978829.98
-42.1722 	 -22.914 	 10.49 	 978828.83
-41.8579 	 -22.1438 	 47.6 	 978727.04
-41.887 	 -22.1584 	 126.0 	 978709.52
-41.8193 	 -22.1824 	 30.17 	 978738.49
-41.844 	 -22.1979 	 25.02 	 978738.3
-41.8758 	 -22.1998 	 36.0 	 978733.51
-41.9017 	 -22.2306 	 21.43 	 978738.56
-41.9309 	 -22.2626 	 32.35 	 978737.1
-41.8978 	 -22.2734 	 15.11 	 978743.79
-41.9376 	 -22.2329 	 24.03 	 978736.8
-41.9376 	 -22.1933 	 49.13 	 978726.18
-42.3861 	 -22.8714 	 33.28 	 978793.94
-42.4269 	 -22.8636 	 33.66 	 978788.47
-42.4641 	 -22.8645 	 38.11 	 978787.94
-42.4862 	 -22.9313 	 16.83 	 978805.39
-42.4377 	 -22.9251 	 16.65 	 978805.69
-42.4052 	 -22.9343 	 17.94 	 978810.7
-42.5237 	 -22.9318 	 13.61 	 978804.95
-42.5612 	 -22.9316 	 10.98 	 978804.03
-42.6024 	 -22.9328 	 15.48 	 978801.9
-42.5981 	 -22.9027 	 17.88 	 978798.34
-41.7748 	 -22.2747 	 23.64 	 978747.64
-41.8114 	 -22.3102 	 10.26 	 978753.63
-41.9742 	 -22.3687 	 35.49 	 978741.34
-42.014 	 -22.4052 	 25.55 	 978745.6
-42.0708 	 -22.3941 	 34.22 	 978740.45
-42.0743 	 -22.35 	 46.7 	 978727.93
-42.5096 	 -22.8953 	 20.04 	 978798.23
-42.544 	 -22.8948 	 13.58 	 978799.15
-42.6604 	 -22.9282 	 21.27 	 978795.16
-42.6855 	 -22.9443 	 30.14 	 978798.72
-42.6901 	 -22.9604 	 71.32 	 978791.24
-42.7301 	 -22.9556 	 16.02 	 978800.22
-42.7541 	 -22.9565 	 17.85 	 978799.19
-42.8141 	 -22.9603 	 19.47 	 978800.98
-42.8557 	 -22.9607 	 19.79 	 978802.75
-42.896 	 -22.9654 	 17.92 	 978803.42
-42.9295 	 -22.9737 	 17.05 	 978805.93
-42.1844 	 -22.434 	 58.38 	 978733.88
-42.149 	 -22.4287 	 51.2 	 978735.27
-42.2234 	 -22.4325 	 216.78 	 978699.85
-42.2154 	 -22.3923 	 156.0 	 978703.89
-42.2274 	 -22.3599 	 296.09 	 978675.38
-42.1966 	 -22.344 	 272.22 	 978677.82
-42.1754 	 -22.3188 	 398.06 	 978649.66
-42.1566 	 -22.2669 	 502.73 	 978624.34
-42.1433 	 -22.2363 	 678.93 	 978591.01
-42.1184 	 -22.2598 	 418.51 	 978640.92
-42.2105 	 -22.6228 	 62.8 	 978752.13
-42.2123 	 -22.6305 	 26.18 	 978760.59
-42.1847 	 -22.6491 	 37.24 	 978761.49
-42.2113 	 -22.6772 	 32.89 	 978766.53
-42.1957 	 -22.6886 	 57.19 	 978763.44
-42.1576 	 -22.6729 	 28.42 	 978769.51
-44.0613 	 -22.3928 	 472.27 	 978624.03
-44.0719 	 -22.419 	 472.86 	 978626.47
-44.0122 	 -22.3863 	 505.75 	 978623.01
-43.9947 	 -22.7378 	 558.91 	 978617.61
-44.0054 	 -22.4171 	 470.11 	 978633.41
-43.9753 	 -22.429 	 441.69 	 978643.12
-43.9507 	 -22.4504 	 399.43 	 978648.03
-43.9376 	 -22.4136 	 448.45 	 978642.99
-44.2051 	 -22.4895 	 457.9 	 978624.65
-43.8818 	 -22.4344 	 445.77 	 978637.61
-43.8766 	 -22.4001 	 654.45 	 978601.71
-43.9722 	 -22.3246 	 569.69 	 978604.98
-43.9823 	 -22.3489 	 533.95 	 978615.14
-44.0207 	 -22.353 	 490.67 	 978618.72
-44.0329 	 -22.3322 	 578.86 	 978596.82
-44.0681 	 -22.3527 	 492.43 	 978614.34
-44.0673 	 -22.3317 	 648.54 	 978583.06
-44.0849 	 -22.3736 	 484.89 	 978615.87
-44.123 	 -22.3203 	 696.05 	 978571.07
-44.2871 	 -22.5015 	 556.1 	 978601.03
-44.3103 	 -22.5117 	 562.15 	 978600.42
-44.3736 	 -22.5035 	 492.91 	 978608.53
-44.3837 	 -22.5088 	 448.92 	 978619.17
-44.4568 	 -22.5441 	 443.6 	 978622.98
-44.5267 	 -22.6215 	 525.76 	 978614.65
-44.5437 	 -22.6099 	 521.99 	 978612.22
-42.1423 	 -21.5314 	 105.73 	 978661.9
-42.1277 	 -21.4987 	 117.29 	 978657.62
-42.1023 	 -21.4828 	 129.06 	 978656.72
-42.0794 	 -21.5111 	 163.58 	 978652.84
-42.0642 	 -21.4882 	 133.08 	 978658.05
-42.0534 	 -21.4524 	 143.31 	 978652.74
-42.0367 	 -21.4689 	 146.87 	 978654.54
-42.0095 	 -21.4382 	 159.38 	 978650.11
-41.9988 	 -21.4234 	 164.92 	 978647.53
-42.1005 	 -21.5149 	 104.35 	 978664.87
-42.1013 	 -21.5635 	 139.43 	 978658.69
-42.0592 	 -21.5675 	 93.07 	 978669.27
-42.038 	 -21.5441 	 115.2 	 978662.69
-42.0163 	 -21.5213 	 126.64 	 978657.58
-41.994 	 -21.5062 	 157.91 	 978649.43
-41.9727 	 -21.4928 	 231.76 	 978639.97
-41.8404 	 -21.6412 	 201.9 	 978648.69
-41.9088 	 -21.4677 	 209.75 	 978650.06
-41.9281 	 -21.3794 	 128.09 	 978652.13
-41.9001 	 -21.3845 	 157.61 	 978648.22
-42.0642 	 -21.6107 	 114.07 	 978671.83
-42.0214 	 -21.6176 	 82.54 	 978681.93
-41.9257 	 -21.5679 	 56.15 	 978688.13
-41.9644 	 -21.5627 	 155.02 	 978670.77
-41.9042 	 -21.533 	 343.84 	 978636.15
-41.9296 	 -21.512 	 517.57 	 978599.71
-41.926 	 -21.4454 	 203.93 	 978643.62
-41.8949 	 -21.4374 	 185.17 	 978649.34
-42.2287 	 -21.5029 	 104.78 	 978655.45
-42.283 	 -21.5436 	 141.03 	 978651.13
-42.3291 	 -21.5886 	 152.72 	 978646.85
-42.3438 	 -21.6053 	 168.9 	 978645.15
-42.3161 	 -21.6546 	 152.39 	 978654.66
-42.2749 	 -21.6383 	 145.27 	 978657.04
-42.1714 	 -22.6209 	 37.17 	 978759.92
-42.1552 	 -22.6037 	 24.14 	 978760.87
-42.1323 	 -22.6333 	 22.28 	 978765.23
-42.0879 	 -22.4478 	 88.24 	 978734.24
-42.0982 	 -22.3845 	 41.54 	 978732.8
-42.1203 	 -22.3708 	 149.17 	 978709.44
-42.1493 	 -22.389 	 381.16 	 978666.73
-42.1815 	 -22.3948 	 479.69 	 978646.39
-42.1386 	 -22.3511 	 233.02 	 978684.76
-42.1384 	 -22.3086 	 461.77 	 978636.3
-42.0569 	 -22.681 	 12.19 	 978779.08
-42.0772 	 -22.6634 	 17.39 	 978773.44
-42.0898 	 -22.674 	 45.28 	 978768.15
-42.1048 	 -22.6398 	 14.45 	 978770.17
-42.1083 	 -22.6218 	 32.99 	 978762.44
-42.0425 	 -22.6233 	 12.06 	 978770.46
-42.0101 	 -22.544 	 13.97 	 978757.27
-42.0173 	 -22.5176 	 15.99 	 978754.8
-42.0975 	 -22.3271 	 220.35 	 978685.95
-42.0621 	 -22.3137 	 261.75 	 978681.18
-42.0358 	 -22.3412 	 50.93 	 978728.53
-42.0084 	 -22.3316 	 27.99 	 978734.59
-42.2704 	 -22.7691 	 56.81 	 978775.81
-42.3244 	 -22.7557 	 41.91 	 978771.51
-42.3538 	 -22.7758 	 26.43 	 978776.95
-42.3932 	 -22.7727 	 50.44 	 978768.92
-42.4209 	 -22.7881 	 42.05 	 978773.14
-42.5583 	 -22.7444 	 70.44 	 978755.05
-42.5264 	 -22.7305 	 50.59 	 978756.8
-43.1772 	 -22.9233 	 -3.09 	 978796.91
-43.1331 	 -22.9058 	 1.26 	 978789.44
-41.5601 	 -21.1872 	 66.99 	 978657.67
-41.5211 	 -21.2265 	 101.36 	 978652.96
-41.4774 	 -21.2273 	 69.71 	 978659.26
-41.4395 	 -21.2659 	 87.53 	 978657.89
-41.3956 	 -21.2747 	 50.94 	 978665.38
-41.3164 	 -21.2643 	 22.63 	 978673.99
-41.3529 	 -21.2765 	 23.52 	 978673.62
-41.5189 	 -21.1881 	 56.11 	 978661.94
-41.4788 	 -21.2627 	 81.44 	 978659.78
-41.4295 	 -21.2295 	 51.76 	 978663.91
-41.3997 	 -21.2289 	 52.85 	 978664.19
-41.3466 	 -21.2332 	 12.96 	 978670.94
-41.8584 	 -21.0709 	 335.39 	 978580.43
-41.8195 	 -21.0522 	 504.31 	 978550.09
-41.8062 	 -21.024 	 694.09 	 978509.42
-41.7703 	 -21.0207 	 790.57 	 978495.89
-41.7697 	 -21.0697 	 240.73 	 978610.1
-41.6505 	 -21.1817 	 129.75 	 978639.92
-43.1401 	 -22.4135 	 681.63 	 978598.38
-41.6159 	 -21.4885 	 15.87 	 978689.18
-42.6545 	 -22.4663 	 41.97 	 978721.9
-41.6499 	 -21.2173 	 334.59 	 978603.9
-41.1091 	 -21.3964 	 19.52 	 978705.32
-41.0617 	 -21.3536 	 17.43 	 978704.97
-41.0651 	 -21.395 	 13.85 	 978710.1
-41.023 	 -21.3933 	 7.43 	 978715.41
-40.9837 	 -21.3864 	 -1.03 	 978719.54
-41.019 	 -21.3563 	 9.24 	 978711.1
-40.9786 	 -21.3503 	 6.45 	 978714.11
-40.9801 	 -21.3139 	 11.02 	 978706.08
-41.0259 	 -21.2478 	 -2.15 	 978698.94
-41.0269 	 -21.27 	 20.56 	 978696.52
-41.0655 	 -21.273 	 27.7 	 978693.37
-41.1023 	 -21.2748 	 26.74 	 978688.86
-41.1034 	 -21.2389 	 -4.51 	 978688.96
-41.1434 	 -21.2807 	 39.54 	 978681.97
-41.1466 	 -21.3072 	 41.92 	 978685.67
-41.1853 	 -21.3128 	 47.49 	 978681.77
-41.1879 	 -21.2701 	 55.54 	 978673.41
-41.228 	 -21.3096 	 14.28 	 978684.8
-41.6061 	 -21.1926 	 109.49 	 978646.86
-41.6098 	 -21.2236 	 98.65 	 978652.44
-41.6426 	 -21.2709 	 458.84 	 978585.13
-41.5241 	 -21.2655 	 78.57 	 978660.42
-41.5613 	 -21.267 	 98.74 	 978658.35
-41.5579 	 -21.2218 	 76.44 	 978660.68
-41.6001 	 -21.2615 	 294.26 	 978619.19
-41.8496 	 -21.2755 	 107.0 	 978647.39
-41.8874 	 -21.2667 	 123.35 	 978644.52
-41.8531 	 -21.2346 	 91.32 	 978649.31
-41.9272 	 -21.1484 	 123.92 	 978629.83
-41.9442 	 -21.1096 	 148.18 	 978621.53
-41.9757 	 -21.0573 	 183.24 	 978611.15
-41.9796 	 -21.0201 	 182.53 	 978605.87
-41.9921 	 -20.9818 	 264.34 	 978584.33
-42.0172 	 -20.979 	 210.38 	 978593.4
-41.8862 	 -21.1424 	 142.11 	 978626.57
-41.8966 	 -21.0992 	 146.36 	 978620.25
-41.8881 	 -21.0629 	 160.62 	 978613.03
-41.8858 	 -21.0255 	 248.05 	 978592.31
-41.8515 	 -21.0185 	 159.78 	 978608.82
-41.851 	 -20.9819 	 199.69 	 978596.2
-41.8564 	 -20.9411 	 702.24 	 978496.68
-41.8977 	 -20.978 	 462.59 	 978547.68
-41.937 	 -21.0186 	 192.44 	 978605.51
-41.9403 	 -21.0627 	 167.66 	 978613.4
-41.9425 	 -20.9817 	 225.65 	 978593.64
-41.9682 	 -20.9459 	 546.5 	 978526.18
-41.9349 	 -20.9402 	 380.66 	 978560.65
-41.9345 	 -20.8947 	 612.66 	 978513.74
-41.9368 	 -20.8671 	 590.33 	 978513.54
-41.9278 	 -20.8078 	 769.42 	 978473.91
-41.8981 	 -20.8197 	 739.47 	 978481.92
-41.902 	 -20.8485 	 728.67 	 978487.3
-41.9359 	 -21.2294 	 113.71 	 978638.86
-41.9778 	 -21.2284 	 125.88 	 978633.59
-42.018 	 -21.2309 	 164.23 	 978627.29
-42.0625 	 -21.2306 	 167.37 	 978626.93
-42.0645 	 -21.2709 	 157.17 	 978631.63
-42.0191 	 -21.2696 	 140.64 	 978634.61
-41.9828 	 -21.2625 	 137.45 	 978635.52
-41.8157 	 -21.1851 	 110.06 	 978642.84
-41.8523 	 -21.1472 	 126.7 	 978633.08
-41.8517 	 -21.1035 	 149.77 	 978621.4
-41.8169 	 -21.1503 	 136.53 	 978637.44
-41.8137 	 -21.1062 	 278.03 	 978605.19
-41.7762 	 -21.1037 	 233.81 	 978615.56
-41.7739 	 -21.1435 	 283.12 	 978607.05
-41.7343 	 -21.1407 	 189.09 	 978623.45
-41.7275 	 -21.1092 	 240.86 	 978611.37
-41.7368 	 -21.0631 	 262.66 	 978605.66
-41.7238 	 -21.0248 	 290.64 	 978593.25
-41.7263 	 -20.9728 	 438.38 	 978560.4
-41.739 	 -20.9416 	 467.0 	 978548.67
-41.7335 	 -20.8957 	 556.75 	 978523.16
-41.7632 	 -20.8867 	 579.2 	 978517.0
-41.897 	 -20.8957 	 697.46 	 978497.38
-41.8843 	 -20.9283 	 691.77 	 978500.09
-41.8508 	 -20.8996 	 677.13 	 978500.26
-41.859 	 -20.8555 	 668.69 	 978501.13
-41.929 	 -21.2792 	 118.56 	 978644.68
-41.9414 	 -21.3057 	 151.08 	 978639.88
-41.9774 	 -21.3131 	 174.83 	 978634.63
-42.025 	 -21.3492 	 174.97 	 978631.3
-42.026 	 -21.3128 	 145.46 	 978636.55
-42.0634 	 -21.3163 	 174.28 	 978627.78
-42.0659 	 -21.345 	 349.39 	 978598.42
-42.2316 	 -21.4375 	 127.15 	 978646.85
-42.2673 	 -21.4353 	 202.9 	 978631.11
-42.1479 	 -21.399 	 193.46 	 978630.67
-42.1109 	 -21.3651 	 241.9 	 978618.59
-42.2238 	 -21.3888 	 145.45 	 978640.11
-42.2265 	 -21.3583 	 248.59 	 978616.32
-42.1956 	 -21.3554 	 233.92 	 978619.03
-42.1854 	 -21.3185 	 456.78 	 978573.24
-42.1477 	 -21.2284 	 237.34 	 978611.43
-42.1467 	 -21.2696 	 193.07 	 978622.53
-42.1876 	 -21.2649 	 369.68 	 978587.92
-41.9809 	 -21.1508 	 145.8 	 978624.93
-42.0171 	 -21.1489 	 344.71 	 978584.69
-42.06 	 -21.1526 	 179.39 	 978617.5
-42.1014 	 -21.1418 	 207.32 	 978609.25
-42.1321 	 -21.1196 	 210.36 	 978604.25
-42.1082 	 -21.0972 	 213.54 	 978601.57
-42.1831 	 -21.1885 	 185.32 	 978615.45
-42.1464 	 -21.1912 	 179.54 	 978619.59
-42.0993 	 -21.0607 	 404.9 	 978561.43
-42.0703 	 -21.0727 	 243.15 	 978594.4
-42.0597 	 -21.1019 	 184.33 	 978611.18
-42.015 	 -21.0983 	 187.19 	 978611.43
-41.9765 	 -21.0959 	 152.26 	 978620.71
-42.017 	 -21.0636 	 191.95 	 978606.2
-42.0222 	 -21.0253 	 198.58 	 978600.19
-42.0639 	 -21.0199 	 484.96 	 978543.6
-42.1455 	 -20.9705 	 500.33 	 978533.67
-41.8584 	 -20.7727 	 634.02 	 978497.68
-41.8544 	 -20.8091 	 662.79 	 978497.4
-41.8128 	 -20.811 	 668.22 	 978494.78
-41.7704 	 -20.8167 	 592.08 	 978508.01
-41.7723 	 -20.8529 	 642.78 	 978500.74
-41.8125 	 -20.8526 	 674.28 	 978495.32
-41.8133 	 -20.8976 	 633.51 	 978506.41
-41.8104 	 -20.9422 	 610.38 	 978515.76
-41.7731 	 -20.9442 	 487.13 	 978539.75
-41.7684 	 -20.9812 	 579.67 	 978530.58
-41.8112 	 -20.9776 	 623.93 	 978514.41
-41.2676 	 -21.3089 	 19.5 	 978680.33
-41.2691 	 -21.2734 	 13.7 	 978677.7
-41.2318 	 -21.2715 	 7.1 	 978680.8
-43.1092 	 -22.8814 	 -0.04 	 978785.54
-41.912 	 -21.1961 	 109.15 	 978638.03
-42.9293 	 -22.6986 	 -2.19 	 978761.8
-42.9761 	 -22.6459 	 -3.75 	 978753.96
-43.018 	 -22.6687 	 -0.79 	 978752.63
-43.0237 	 -22.6474 	 -0.27 	 978762.45
-42.978 	 -22.6104 	 1.89 	 978755.73
-43.0068 	 -22.5717 	 19.32 	 978744.99
-43.0108 	 -22.5108 	 325.64 	 978673.08
-42.9811 	 -22.5247 	 23.21 	 978737.59
-42.9409 	 -22.5363 	 14.74 	 978741.14
-43.0254 	 -22.6038 	 8.0 	 978751.47
-42.9714 	 -22.5559 	 14.89 	 978743.74
-42.9351 	 -22.5573 	 15.38 	 978744.65
-42.9365 	 -22.5989 	 13.83 	 978750.63
-43.063 	 -22.6839 	 -4.06 	 978762.81
-43.0543 	 -22.5658 	 18.86 	 978740.43
-43.0757 	 -22.5899 	 13.19 	 978746.97
-43.1026 	 -22.6093 	 -0.65 	 978756.29
-43.1452 	 -22.6016 	 4.97 	 978750.13
-43.1791 	 -22.6144 	 5.7 	 978751.98
-43.102 	 -22.6816 	 -2.41 	 978765.9
-43.1084 	 -22.6509 	 4.83 	 978761.78
-43.178 	 -22.6921 	 3.63 	 978762.1
-43.1513 	 -22.6998 	 -0.45 	 978760.02
-43.1825 	 -22.7207 	 -4.48 	 978764.74
-43.2133 	 -22.7188 	 -3.44 	 978767.63
-43.2284 	 -22.6486 	 -2.7 	 978757.2
-43.2701 	 -22.6379 	 -0.29 	 978757.57
-43.235 	 -22.6218 	 5.93 	 978755.91
-43.1847 	 -22.5722 	 23.55 	 978740.17
-43.1601 	 -22.5066 	 879.84 	 978563.48
-43.1941 	 -22.5265 	 819.78 	 978581.15
-43.2297 	 -22.5197 	 842.53 	 978575.55
-43.2855 	 -22.7791 	 -1.78 	 978779.0
-43.2856 	 -22.6084 	 14.22 	 978752.93
-43.2364 	 -22.5559 	 497.73 	 978646.42
-43.271 	 -22.565 	 155.87 	 978716.41
-43.267 	 -22.5332 	 130.9 	 978712.64
-43.0659 	 -22.8447 	 22.46 	 978777.17
-43.0322 	 -22.8851 	 30.97 	 978778.79
-42.9743 	 -22.8601 	 79.84 	 978762.02
-42.9428 	 -22.8599 	 37.33 	 978769.17
-43.0504 	 -22.9637 	 4.81 	 978798.86
-42.9433 	 -22.8148 	 30.82 	 978763.27
-43.3455 	 -22.8041 	 1.25 	 978780.25
-43.3988 	 -22.7752 	 3.97 	 978775.27
-43.4352 	 -22.7537 	 10.33 	 978767.24
-43.4765 	 -22.7379 	 20.82 	 978761.39
-43.5202 	 -22.7417 	 36.26 	 978758.06
-43.5647 	 -22.7295 	 28.1 	 978755.92
-43.6022 	 -22.7312 	 19.09 	 978757.79
-43.6498 	 -22.7256 	 17.02 	 978759.67
-43.687 	 -22.7196 	 20.25 	 978756.88
-43.7197 	 -22.7156 	 36.85 	 978752.06
-43.7376 	 -22.7647 	 31.71 	 978759.64
-43.7673 	 -22.7856 	 22.86 	 978763.04
-43.7734 	 -22.818 	 7.89 	 978769.56
-43.7319 	 -22.8175 	 0.26 	 978772.38
-43.7273 	 -22.8487 	 -2.33 	 978776.96
-43.681 	 -22.815 	 3.97 	 978772.5
-43.3108 	 -22.6688 	 2.36 	 978758.22
-43.353 	 -22.6594 	 9.37 	 978759.58
-43.4001 	 -22.6769 	 0.96 	 978763.23
-43.4449 	 -22.6867 	 36.84 	 978752.98
-43.48 	 -22.685 	 30.83 	 978750.75
-43.5217 	 -22.6854 	 44.53 	 978744.04
-43.5634 	 -22.6637 	 37.67 	 978742.8
-43.6089 	 -22.6547 	 27.66 	 978745.02
-43.6571 	 -22.6754 	 21.18 	 978749.28
-43.6897 	 -22.6949 	 35.13 	 978749.25
-43.7401 	 -22.6777 	 43.66 	 978745.48
-43.7171 	 -22.613 	 40.09 	 978737.81
-43.6822 	 -22.5585 	 344.42 	 978672.03
-43.36 	 -22.6768 	 -1.66 	 978763.78
-43.3221 	 -22.6502 	 3.3 	 978759.79
-43.3524 	 -22.6 	 15.63 	 978748.27
-43.3154 	 -22.5956 	 14.19 	 978749.7
-43.3128 	 -22.569 	 22.11 	 978742.09
-43.3603 	 -22.5758 	 40.38 	 978736.47
-43.4077 	 -22.6422 	 4.42 	 978755.23
-43.4128 	 -22.6094 	 15.58 	 978745.76
-43.3977 	 -22.5779 	 36.98 	 978735.86
-43.4321 	 -22.5923 	 75.14 	 978727.55
-43.4416 	 -22.6396 	 8.0 	 978748.13
-43.4853 	 -22.6573 	 14.88 	 978745.16
-43.528 	 -22.6588 	 32.61 	 978741.02
-43.5614 	 -22.6361 	 36.73 	 978738.87
-43.5641 	 -22.5991 	 54.62 	 978725.05
-43.6605 	 -22.6436 	 28.55 	 978741.68
-43.6205 	 -22.5908 	 41.2 	 978730.24
-43.5978 	 -22.5633 	 45.01 	 978727.73
-43.5786 	 -22.5455 	 52.87 	 978724.63
-43.7744 	 -22.6931 	 57.32 	 978745.69
-43.8093 	 -22.6872 	 48.78 	 978748.79
-43.822 	 -22.651 	 287.02 	 978695.59
-43.7731 	 -22.6531 	 50.19 	 978743.51
-43.7593 	 -22.616 	 166.13 	 978713.36
-43.7197 	 -22.5758 	 323.51 	 978676.32
-43.6159 	 -22.7595 	 9.24 	 978764.9
-43.4821 	 -22.7615 	 24.97 	 978757.56
-43.5189 	 -22.7716 	 37.72 	 978757.14
-43.5464 	 -22.7874 	 30.74 	 978760.5
-43.564 	 -22.799 	 26.89 	 978762.82
-43.5937 	 -22.8159 	 12.4 	 978768.87
-43.6411 	 -22.803 	 6.69 	 978770.93
-43.659 	 -22.7819 	 13.19 	 978766.74
-43.6035 	 -22.8492 	 12.2 	 978770.31
-43.5604 	 -22.8631 	 18.47 	 978772.28
-43.5207 	 -22.8606 	 23.99 	 978773.52
-43.4782 	 -22.8564 	 32.5 	 978773.3
-43.4389 	 -22.8636 	 24.93 	 978778.74
-43.6483 	 -22.8829 	 2.68 	 978778.21
-43.6587 	 -22.8656 	 5.57 	 978776.43
-43.7226 	 -22.8821 	 -2.6 	 978779.13
-43.691 	 -22.8452 	 0.35 	 978775.82
-43.8248 	 -22.9236 	 -1.67 	 978783.27
-43.2853 	 -22.8821 	 9.09 	 978789.36
-43.3043 	 -22.9028 	 25.89 	 978789.78
-43.3332 	 -22.9225 	 83.83 	 978778.2
-43.3977 	 -23.0135 	 0.74 	 978806.87
-43.436 	 -23.0198 	 1.11 	 978804.64
-43.3581 	 -23.0105 	 0.93 	 978807.18
-43.3019 	 -22.9875 	 3.41 	 978802.27
-43.2875 	 -23.0088 	 82.76 	 978788.97
-43.2764 	 -22.9792 	 314.08 	 978740.47
-43.2343 	 -22.9311 	 29.2 	 978791.2
-43.2597 	 -22.9206 	 22.3 	 978792.06
-43.3932 	 -22.9728 	 -2.75 	 978802.24
-43.438 	 -22.9891 	 -2.55 	 978800.97
-43.481 	 -22.9877 	 1.42 	 978798.59
-43.5077 	 -22.995 	 2.98 	 978798.6
-43.5283 	 -22.9907 	 48.75 	 978789.52
-43.6345 	 -23.0057 	 -0.8 	 978797.11
-43.5564 	 -22.9822 	 8.79 	 978794.97
-43.5294 	 -22.9484 	 208.84 	 978749.61
-44.096 	 -22.70403 	 406.851 	 978668.36
-44.46526 	 -23.00541 	 43.848 	 978751.68
-41.11384 	 -21.47736 	 2.975 	 978712.92
-41.74075 	 -21.65348 	 34.886 	 978700.18
-41.71593 	 -21.2004 	 133.872 	 978638.59
-42.92403 	 -22.92677 	 8.583 	 978794.16
-43.30665 	 -22.8191 	 -1.461 	 978782.75
-44.03128 	 -22.99993 	 -3.359 	 978788.68
-41.77079 	 -22.38901 	 -1.196 	 978760.64
-41.76953 	 -22.3859 	 -3.408 	 978760.63
-43.10443 	 -22.75374 	 -0.91 	 978768.73
-43.11255 	 -22.76681 	 -4.41 	 978771.29
-41.32739 	 -21.73735 	 7.548 	 978717.66
-44.15507 	 -22.55566 	 376.539 	 978649.81
-44.66051 	 -22.49648 	 462.577 	 978606.23
-44.60019 	 -22.50493 	 438.895 	 978612.48
-44.31843 	 -22.4497 	 417.745 	 978621.38
-44.39435 	 -22.45596 	 401.715 	 978620.71
-43.67239 	 -22.41792 	 441.924 	 978637.72
-43.23643 	 -22.84657 	 -0.549 	 978785.03
-43.23154 	 -22.82368 	 -1.784 	 978780.35
-43.69736 	 -22.77141 	 12.177 	 978766.94
-41.89444 	 -22.4758 	 1.682 	 978762.12
-41.7845 	 -22.36956 	 0.056 	 978756.66
-42.18581 	 -22.84699 	 -0.042 	 978811.59
-43.30628 	 -22.81784 	 8.63 	 978779.68
-43.00729 	 -22.83489 	 11.714 	 978774.77
-44.63625 	 -22.51044 	 464.083 	 978608.82
-42.47636 	 -22.88589 	 6.958 	 978796.23
-42.31523 	 -22.86549 	 11.405 	 978802.41
-41.93055 	 -22.77448 	 -3.279 	 978814.55
-43.69669 	 -22.77281 	 11.532 	 978767.44
-43.6964 	 -22.77342 	 11.279 	 978767.52
-43.69627 	 -22.77367 	 10.934 	 978767.61
-43.69856 	 -22.76893 	 13.36 	 978766.36
-43.70104 	 -22.76378 	 16.097 	 978764.6
-43.69253 	 -22.78628 	 6.525 	 978769.1
-43.68617 	 -22.77438 	 16.317 	 978766.03
-40.99708 	 -22.01391 	 -2.893 	 978761.86
-41.61462 	 -21.49304 	 15.567 	 978689.67
-42.57856 	 -21.84414 	 134.542 	 978662.37
-42.59621 	 -21.9383 	 282.085 	 978638.8
-43.72174 	 -22.52753 	 417.349 	 978652.76
-42.06953 	 -22.08233 	 688.649 	 978584.07
-44.72814 	 -23.19482 	 0.257 	 978776.5
-42.1575 	 -21.92062 	 192.048 	 978672.09
-42.34223 	 -22.51904 	 14.911 	 978746.09
-41.77801 	 -22.23063 	 19.406 	 978743.1
-41.72309 	 -22.30155 	 2.797 	 978753.91
-42.03694 	 -22.42615 	 28.57 	 978743.96
-42.00294 	 -22.82501 	 1.959 	 978819.0
-41.9771 	 -22.78411 	 -1.299 	 978813.53
-42.01928 	 -22.71708 	 -3.147 	 978787.17
-41.99903 	 -22.65613 	 -3.6 	 978779.37
-41.9938 	 -22.58953 	 -4.06 	 978769.79
-42.044 	 -22.95158 	 1.783 	 978837.36
-42.0344 	 -22.90857 	 -2.717 	 978835.0
-41.91209 	 -21.19584 	 110.922 	 978637.53
-42.92853 	 -22.77152 	 10.816 	 978759.62
-43.07019 	 -22.64561 	 -0.311 	 978765.29
-42.98108 	 -22.80578 	 21.774 	 978766.8
-43.71307 	 -22.64068 	 34.698 	 978742.53
-41.91497 	 -22.49111 	 2.634 	 978760.35
-41.77828 	 -22.39254 	 1.489 	 978759.82
