        generated_by     ICGEM (hosted at GFZ-Potsdam)
     generating_date     2019/08/30
----------------------------------------------------------------------
           modelname     EIGEN-6C4
     max_used_degree          2190
----------------------------------------------------------------------
         tide_system     tide_free
    zero_degree_term     included
----------------------------------------------------------------------
          refsysname     WGS84
   max_degree_refpot             8
            gmrefpot      3.98600441800E+14[m**3/s**2]
        radiusrefpot     6378137.000 m
          flatrefpot      3.352810664747480E-03   (1/298.25722356300)
         omegarefpot      7.29211500000E-05 1/s
----------------------------------------------------------------------
    number_of_points           348
      latlimit_north      -8.0383000000000    
      latlimit_south      -13.483100000000    
      longlimit_west      -66.758600000000    
      longlimit_east      -59.845600000000    
----------------------------------------------------------------------
description of columns -----------------------------------------------
 1 identifier (from input)
 2 longitude  (from input)    [degree]
 3 latitude   (from input)    [degree]
 4 h_over_ell (from input)     [meter]
 -------------------------------------
 5 gravity                      [mGal]  gravity(h)                        
----------------------------------------------------------------------

end_of_head ================================================================
1            -65.81140000   -9.66610000  1.610400E+02  9.781417277293E+05
2            -65.73750000   -9.65830000  1.775200E+02  9.781360596101E+05
3            -65.67250000   -9.65280000  1.589100E+02  9.781389829117E+05
4            -65.60310000   -9.64640000  1.398600E+02  9.781455966733E+05
5            -65.53670000   -9.65720000  1.557200E+02  9.781401759282E+05
6            -65.48670000   -9.66440000  1.252100E+02  9.781480338650E+05
7            -64.94060000  -10.71670000  1.759100E+02  9.781933203916E+05
8            -64.88720000  -10.70890000  1.679600E+02  9.781926408781E+05
9            -66.44140000   -9.78440000  1.595600E+02  9.781561992910E+05
10           -66.52420000   -9.79750000  1.501600E+02  9.781612948745E+05
11           -66.60720000   -9.75670000  1.879700E+02  9.781527932806E+05
12           -66.75860000   -9.76220000  1.815600E+02  9.781599308417E+05
13           -64.97440000  -10.68530000  1.735000E+02  9.781959494018E+05
14           -61.10940000  -11.60580000  2.693300E+02  9.781752923170E+05
15           -61.31510000  -11.72590000  2.773300E+02  9.782059325204E+05
16           -59.84560000  -12.34810000  5.211700E+02  9.781788628943E+05
17           -59.86900000  -12.39920000  5.270800E+02  9.781792911293E+05
18           -59.89760000  -12.44210000  5.625700E+02  9.781684680081E+05
19           -59.94860000  -12.45910000  5.968500E+02  9.781546716129E+05
20           -59.99080000  -12.48930000  5.963100E+02  9.781518993324E+05
21           -60.03940000  -12.51800000  5.988300E+02  9.781499998242E+05
22           -60.08000000  -12.56570000  6.119800E+02  9.781465972711E+05
23           -60.08980000  -12.61320000  5.950200E+02  9.781494638089E+05
24           -60.09890000  -12.65280000  6.133400E+02  9.781422702281E+05
25           -60.11500000  -12.69440000  5.995800E+02  9.781479580349E+05
26           -61.90190000  -11.27330000  1.841300E+02  9.781934088648E+05
27           -61.90130000  -11.20540000  1.895800E+02  9.781854273266E+05
28           -61.90180000  -11.12240000  1.802300E+02  9.781830875746E+05
29           -61.92470000  -11.01280000  1.704700E+02  9.781832492032E+05
30           -61.91960000  -10.95400000  1.577900E+02  9.781826062140E+05
31           -61.30240000  -11.49970000  1.931700E+02  9.782033617574E+05
32           -61.23910000  -11.50030000  2.487300E+02  9.781812607345E+05
33           -61.16840000  -11.50120000  2.389400E+02  9.781746623056E+05
34           -61.10430000  -11.50210000  2.526400E+02  9.781593791204E+05
35           -60.99310000  -11.50160000  3.278700E+02  9.781291090252E+05
36           -61.01080000  -11.45710000  3.031600E+02  9.781310957845E+05
37           -61.06060000  -11.41840000  2.615900E+02  9.781459726267E+05
38           -61.04720000  -11.36420000  3.220700E+02  9.781264165952E+05
39           -61.01160000  -11.31200000  2.551700E+02  9.781415291916E+05
40           -60.97180000  -11.26650000  2.162800E+02  9.781462429243E+05
41           -60.96080000  -11.23280000  2.187900E+02  9.781425934769E+05
42           -61.05310000  -11.57540000  2.417500E+02  9.781723990997E+05
43           -63.42150000   -9.00050000  1.003600E+02  9.781577117246E+05
44           -63.43790000   -9.12120000  1.557100E+02  9.781441937842E+05
45           -63.47480000   -9.17000000  1.029500E+02  9.781606700233E+05
46           -63.46330000   -9.29080000  1.056000E+02  9.781600366543E+05
47           -63.42010000   -9.34750000  1.112500E+02  9.781586505277E+05
48           -63.40790000   -9.40490000  1.343700E+02  9.781525804465E+05
49           -63.41120000   -9.45720000  1.544600E+02  9.781503085222E+05
50           -63.94060000   -8.85180000  1.407400E+02  9.781221091528E+05
51           -63.96390000   -8.90890000  9.761000E+01  9.781373060572E+05
52           -63.99460000   -8.96960000  1.066200E+02  9.781351203179E+05
53           -64.04410000   -9.07280000  1.036600E+02  9.781361035765E+05
54           -64.10080000   -9.10580000  1.222000E+02  9.781270338476E+05
55           -64.15870000   -9.13960000  1.320200E+02  9.781218524141E+05
56           -64.27660000   -9.20360000  1.301400E+02  9.781152285046E+05
57           -64.33520000   -9.20980000  9.192000E+01  9.781221772891E+05
58           -64.37780000   -9.25080000  9.041000E+01  9.781184878874E+05
59           -64.50680000   -9.27510000  1.117200E+02  9.781098715912E+05
60           -64.56390000   -9.29070000  1.131300E+02  9.781092480394E+05
61           -64.61640000   -9.31840000  1.518600E+02  9.780995237240E+05
62           -64.70010000   -9.42900000  1.105300E+02  9.781178118084E+05
63           -61.37710000  -11.72640000  2.743800E+02  9.782095428984E+05
64           -61.45040000  -11.72620000  2.328100E+02  9.782246966756E+05
65           -61.52090000  -11.72620000  2.493100E+02  9.782257613569E+05
66           -61.59510000  -11.72670000  2.387700E+02  9.782340496622E+05
67           -61.68040000  -11.72660000  2.229800E+02  9.782406774215E+05
68           -61.54980000  -11.67620000  2.309000E+02  9.782219413933E+05
69           -61.54720000  -11.60390000  2.381200E+02  9.782092846254E+05
70           -61.49950000  -11.55940000  2.398900E+02  9.782054898789E+05
71           -61.47500000  -11.49820000  2.151500E+02  9.782080862379E+05
72           -61.46340000  -11.43350000  1.996600E+02  9.782093058354E+05
73           -61.24510000  -11.63520000  2.097100E+02  9.782032224160E+05
74           -61.29940000  -11.63640000  1.997700E+02  9.782101856114E+05
75           -61.31310000  -11.76200000  2.796200E+02  9.782131803330E+05
76           -61.31860000  -11.65230000  2.232200E+02  9.782075834274E+05
77           -61.97020000  -11.20000000  1.929400E+02  9.781846449965E+05
78           -62.03720000  -11.20170000  2.612000E+02  9.781680074511E+05
79           -62.10530000  -11.20500000  2.886400E+02  9.781625540477E+05
80           -62.15840000  -11.22070000  2.322400E+02  9.781795185548E+05
81           -62.24130000  -11.30140000  1.983600E+02  9.781965922921E+05
82           -62.28830000  -11.34840000  2.102000E+02  9.781995047748E+05
83           -62.33400000  -11.30190000  2.059300E+02  9.781967479605E+05
84           -62.35490000  -11.17150000  2.077700E+02  9.781833321729E+05
85           -62.36390000  -11.13130000  2.192500E+02  9.781738368333E+05
86           -62.41630000  -11.10420000  2.268300E+02  9.781673961816E+05
87           -62.50610000  -11.03660000  2.466200E+02  9.781620171696E+05
88           -61.99730000  -10.84660000  1.898300E+02  9.781653902943E+05
89           -62.03660000  -10.79320000  1.790400E+02  9.781679218661E+05
90           -62.16260000  -10.75410000  1.933800E+02  9.781650029503E+05
91           -62.22400000  -10.74080000  2.536900E+02  9.781520645952E+05
92           -62.26630000  -10.69660000  2.832600E+02  9.781467528019E+05
93           -62.31150000  -10.64160000  2.554000E+02  9.781531062786E+05
94           -62.39670000  -10.53570000  1.937800E+02  9.781709651534E+05
95           -62.42770000  -10.49210000  1.834100E+02  9.781721216134E+05
96           -62.47000000  -10.43560000  1.754300E+02  9.781738398506E+05
97           -62.58860000  -10.34960000  1.957600E+02  9.781709894357E+05
98           -62.64960000  -10.30300000  2.156400E+02  9.781639768717E+05
99           -66.36030000   -9.77140000  1.669800E+02  9.781518590067E+05
100          -66.27190000   -9.76500000  1.844800E+02  9.781414347644E+05
101          -66.23500000   -9.75310000  1.676700E+02  9.781449465784E+05
102          -66.17420000   -9.74030000  1.909700E+02  9.781381523562E+05
103          -66.10170000   -9.71720000  1.572400E+02  9.781461876906E+05
104          -66.04000000   -9.70530000  1.802100E+02  9.781356323610E+05
105          -65.97890000   -9.68640000  1.667300E+02  9.781393872535E+05
106          -65.88000000   -9.67640000  1.656600E+02  9.781382840980E+05
107          -60.90480000  -12.55760000  3.574500E+02  9.781926687196E+05
108          -61.26440000  -11.58170000  2.022500E+02  9.782000180809E+05
109          -61.31390000  -11.53740000  2.380000E+02  9.781888039060E+05
110          -61.36790000  -11.50300000  1.942800E+02  9.782069170271E+05
111          -61.51540000  -11.43960000  2.240900E+02  9.782034781343E+05
112          -61.58140000  -11.43690000  2.029400E+02  9.782125118593E+05
113          -61.64260000  -11.41860000  1.987500E+02  9.782123423373E+05
114          -61.75320000  -11.38670000  2.013600E+02  9.782053718645E+05
115          -61.81910000  -11.37540000  1.864900E+02  9.782065555073E+05
116          -61.86940000  -11.33650000  1.803500E+02  9.782019432166E+05
117          -60.19450000  -12.72560000  5.248700E+02  9.781700400901E+05
118          -60.26400000  -12.72080000  6.237400E+02  9.781421813892E+05
119          -60.34130000  -12.61400000  6.045300E+02  9.781419068144E+05
120          -60.35910000  -12.55090000  5.618600E+02  9.781550304281E+05
121          -60.51590000  -12.44840000  3.786500E+02  9.781880964072E+05
122          -60.57830000  -12.43070000  3.814500E+02  9.781866722465E+05
123          -60.61860000  -12.38270000  3.854900E+02  9.781800736375E+05
124          -61.04520000  -13.48310000  1.696900E+02  9.782625955657E+05
125          -60.97970000  -13.43480000  1.866600E+02  9.782578395894E+05
126          -60.95020000  -13.37020000  1.926500E+02  9.782543723337E+05
127          -60.86990000  -13.29880000  2.045100E+02  9.782536507750E+05
128          -60.82070000  -13.26130000  2.215200E+02  9.782509207029E+05
129          -60.82100000  -13.21870000  2.608100E+02  9.782379763078E+05
130          -60.69040000  -13.19390000  2.871900E+02  9.782427019191E+05
131          -60.61300000  -13.19160000  3.732900E+02  9.782258090876E+05
132          -60.54490000  -13.17960000  4.445800E+02  9.782197553848E+05
133          -60.53690000  -13.11960000  4.579800E+02  9.782142414402E+05
134          -60.40300000  -13.10100000  3.098900E+02  9.782460325343E+05
135          -60.38390000  -13.07440000  2.996000E+02  9.782448953634E+05
136          -60.40340000  -13.01690000  3.107700E+02  9.782375178896E+05
137          -60.37960000  -12.84940000  4.342300E+02  9.781920302459E+05
138          -60.33800000  -12.78030000  5.871800E+02  9.781570277240E+05
139          -64.75600000   -9.46560000  1.162700E+02  9.781205438212E+05
140          -64.83930000   -9.54960000  1.022100E+02  9.781339626215E+05
141          -64.00980000   -8.91970000  1.084700E+02  9.781297757218E+05
142          -64.06190000   -8.86220000  7.960000E+01  9.781307548220E+05
143          -64.01760000   -8.90300000  1.009900E+02  9.781300331113E+05
144          -63.50910000   -8.87890000  1.008200E+02  9.781536209060E+05
145          -63.57580000   -8.87760000  1.023600E+02  9.781522752625E+05
146          -63.49960000   -8.92150000  1.289000E+02  9.781460076922E+05
147          -63.62830000   -8.86100000  9.769000E+01  9.781523353842E+05
148          -63.88500000   -8.81860000  8.869000E+01  9.781404588559E+05
149          -63.91550000   -8.83010000  1.332800E+02  9.781249559634E+05
150          -63.88760000   -8.85110000  1.046000E+02  9.781370972133E+05
151          -63.88510000   -8.89820000  9.391000E+01  9.781444238958E+05
152          -63.89760000   -8.90690000  9.175000E+01  9.781450624706E+05
153          -63.84580000   -8.71330000  9.932000E+01  9.781349561446E+05
154          -63.72860000   -8.69770000  9.757000E+01  9.781417944059E+05
155          -60.08370000  -12.80240000  6.168500E+02  9.781441881407E+05
156          -62.89990000  -10.36750000  1.699400E+02  9.781806449767E+05
157          -62.89940000  -10.42700000  1.748100E+02  9.781820679694E+05
158          -62.93480000  -10.34220000  1.767000E+02  9.781774771794E+05
159          -62.98900000  -10.34170000  1.864800E+02  9.781741407299E+05
160          -63.01150000  -10.38040000  1.970800E+02  9.781753926863E+05
161          -62.90030000  -10.21820000  1.611100E+02  9.781747693207E+05
162          -62.89780000  -10.15180000  1.527200E+02  9.781696251053E+05
163          -63.00300000  -10.11730000  1.573200E+02  9.781611755238E+05
164          -63.78590000   -8.80060000  9.726000E+01  9.781447348479E+05
165          -63.71850000   -8.79950000  8.394000E+01  9.781509041020E+05
166          -63.64910000   -8.79260000  9.916000E+01  9.781485843535E+05
167          -63.51480000   -8.77780000  9.795000E+01  9.781494170556E+05
168          -63.46360000   -8.80310000  9.851000E+01  9.781505362666E+05
169          -63.44340000   -8.86820000  1.012400E+02  9.781508581754E+05
170          -62.21280000  -10.61820000  2.491400E+02  9.781537935043E+05
171          -63.08380000   -9.80470000  1.334000E+02  9.781530812246E+05
172          -63.11220000   -9.74980000  1.288600E+02  9.781521235613E+05
173          -63.07440000   -9.63850000  1.559900E+02  9.781378424932E+05
174          -63.07470000   -9.56740000  1.366200E+02  9.781410057613E+05
175          -63.08290000   -9.50300000  1.198400E+02  9.781431167530E+05
176          -63.12980000   -9.38600000  1.165100E+02  9.781473202823E+05
177          -63.14700000   -9.31760000  1.131500E+02  9.781454365053E+05
178          -63.16400000   -9.24990000  1.119000E+02  9.781469940231E+05
179          -63.19090000   -9.18940000  1.083500E+02  9.781495218735E+05
180          -63.24040000   -9.13940000  1.068500E+02  9.781512271391E+05
181          -62.20380000  -10.67240000  2.499100E+02  9.781556263234E+05
182          -62.16340000  -10.54670000  1.970100E+02  9.781615623896E+05
183          -62.14170000  -10.46900000  1.798700E+02  9.781596095134E+05
184          -62.12370000  -10.40500000  1.679800E+02  9.781615801046E+05
185          -62.32680000  -10.72860000  2.709000E+02  9.781493883894E+05
186          -62.37680000  -10.77020000  2.842300E+02  9.781468335472E+05
187          -62.42440000  -10.80880000  2.225100E+02  9.781636386508E+05
188          -62.52160000  -10.89020000  2.982300E+02  9.781394574267E+05
189          -62.57530000  -10.92990000  2.586700E+02  9.781531159804E+05
190          -62.62900000  -10.97250000  2.515200E+02  9.781561161587E+05
191          -62.67710000  -11.02660000  2.415800E+02  9.781611053751E+05
192          -62.57610000  -11.07210000  2.250900E+02  9.781709904437E+05
193          -62.36400000  -11.06080000  2.434600E+02  9.781595656008E+05
194          -62.34800000  -11.01160000  2.581900E+02  9.781525544985E+05
195          -62.25780000  -10.94020000  2.159200E+02  9.781595504971E+05
196          -62.23370000  -10.87240000  2.639600E+02  9.781497224326E+05
197          -61.82050000  -11.10300000  2.376200E+02  9.781692193113E+05
198          -61.82060000  -11.04340000  2.407000E+02  9.781668953509E+05
199          -61.82090000  -10.97990000  2.171000E+02  9.781703292564E+05
200          -61.82100000  -10.90500000  1.978700E+02  9.781700310159E+05
201          -61.82090000  -10.84150000  1.710600E+02  9.781751782470E+05
202          -63.54670000   -8.05500000  8.751000E+01  9.781395111959E+05
203          -63.61310000   -8.07560000  8.584000E+01  9.781418548088E+05
204          -63.65500000   -8.10750000  8.374000E+01  9.781424720174E+05
205          -63.28990000   -9.08790000  1.031500E+02  9.781533043491E+05
206          -63.35530000   -9.07740000  1.044100E+02  9.781555126743E+05
207          -63.41020000   -9.05550000  1.055900E+02  9.781572147638E+05
208          -63.01180000   -9.56520000  1.269100E+02  9.781444046912E+05
209          -62.95100000   -9.55720000  1.129600E+02  9.781471568956E+05
210          -63.03200000   -9.97720000  1.426300E+02  9.781596689780E+05
211          -62.98770000  -10.02470000  1.565000E+02  9.781576206142E+05
212          -62.97280000  -10.08560000  1.574400E+02  9.781609546203E+05
213          -62.91400000  -10.11500000  1.429900E+02  9.781699292719E+05
214          -62.85570000  -10.14090000  1.706100E+02  9.781638280421E+05
215          -62.79850000  -10.19630000  1.736500E+02  9.781661430411E+05
216          -62.74540000  -10.23630000  1.725700E+02  9.781706834956E+05
217          -62.76260000  -10.30040000  1.841100E+02  9.781750471657E+05
218          -62.78800000  -10.34220000  2.152100E+02  9.781705372818E+05
219          -62.86800000  -10.34150000  1.893700E+02  9.781748402206E+05
220          -60.28520000  -12.74810000  5.953400E+02  9.781546981472E+05
221          -61.08320000  -11.76500000  2.220200E+02  9.782238840218E+05
222          -61.03940000  -11.81540000  2.360700E+02  9.782279989525E+05
223          -60.99960000  -11.87060000  2.425000E+02  9.782326800142E+05
224          -60.94630000  -11.98840000  3.137300E+02  9.782127315366E+05
225          -60.88590000  -12.01030000  3.052200E+02  9.782154527322E+05
226          -60.81950000  -12.01970000  3.285700E+02  9.782102273960E+05
227          -60.76110000  -12.04860000  3.759900E+02  9.781961787636E+05
228          -60.64620000  -12.26290000  3.878500E+02  9.781797923050E+05
229          -60.71100000  -12.28920000  3.474000E+02  9.781934201765E+05
230          -60.74860000  -12.34860000  2.980900E+02  9.782058816817E+05
231          -60.83260000  -12.42390000  2.716900E+02  9.782093909624E+05
232          -60.88520000  -12.45310000  2.782800E+02  9.782131823972E+05
233          -62.35500000  -10.59000000  2.522700E+02  9.781517890969E+05
234          -62.53370000  -10.39500000  2.186700E+02  9.781641429274E+05
235          -62.18300000  -10.61250000  2.341000E+02  9.781563673026E+05
236          -62.10590000  -10.34810000  1.824800E+02  9.781553539771E+05
237          -62.61410000  -11.04270000  2.438000E+02  9.781610134346E+05
238          -62.28410000  -11.00470000  2.282900E+02  9.781575830664E+05
239          -61.84660000  -11.14880000  2.004800E+02  9.781799603491E+05
240          -62.90810000  -10.47800000  2.493600E+02  9.781630524723E+05
241          -62.91650000  -10.28170000  1.755100E+02  9.781759243671E+05
242          -63.85060000   -8.78990000  1.013700E+02  9.781386361202E+05
243          -63.58390000   -8.78520000  1.002000E+02  9.781496925927E+05
244          -63.45670000   -9.22890000  1.053400E+02  9.781585988595E+05
245          -63.90640000   -8.79350000  9.356000E+01  9.781359359974E+05
246          -64.00960000   -9.03240000  9.850000E+01  9.781392242940E+05
247          -64.44220000   -9.26080000  1.081200E+02  9.781111533735E+05
248          -65.29440000  -10.13530000  1.319800E+02  9.781980389679E+05
249          -65.27780000  -10.21280000  1.428700E+02  9.782024579395E+05
250          -65.29530000  -10.28110000  1.381800E+02  9.782059636352E+05
251          -65.34530000  -10.41750000  1.724200E+02  9.782035634253E+05
252          -65.43610000   -9.66640000  1.137900E+02  9.781515520770E+05
253          -65.22170000   -9.72420000  1.224500E+02  9.781550826647E+05
254          -65.15000000   -9.70190000  1.246500E+02  9.781508680077E+05
255          -65.07220000   -9.67690000  1.190900E+02  9.781474661626E+05
256          -64.87280000   -9.58060000  1.090200E+02  9.781359449323E+05
257          -65.25670000   -9.73360000  1.223200E+02  9.781548425122E+05
258          -65.27610000  -10.39860000  1.565600E+02  9.782104633241E+05
259          -65.20080000  -10.39390000  1.806400E+02  9.782010049626E+05
260          -65.13360000  -10.39000000  1.804500E+02  9.781966274836E+05
261          -64.90220000  -10.37440000  1.753700E+02  9.781854364424E+05
262          -64.83420000  -10.36390000  1.889500E+02  9.781778528811E+05
263          -64.72560000  -10.32390000  1.774000E+02  9.781749778380E+05
264          -64.75810000  -10.29830000  1.884400E+02  9.781709668348E+05
265          -65.18580000  -10.43640000  1.913300E+02  9.781963508078E+05
266          -65.26360000  -10.35360000  1.659600E+02  9.782043951908E+05
267          -65.26670000  -10.30720000  1.453900E+02  9.782057687791E+05
268          -65.36670000   -9.70110000  1.186200E+02  9.781540744342E+05
269          -65.37500000   -9.69110000  1.180200E+02  9.781532566437E+05
270          -65.25610000   -9.83170000  1.406900E+02  9.781637386273E+05
271          -65.27920000   -9.90140000  1.511200E+02  9.781694108280E+05
272          -65.30720000   -9.96610000  1.420000E+02  9.781780531477E+05
273          -65.32670000  -10.54330000  1.482200E+02  9.782160558992E+05
274          -65.28670000  -10.64830000  1.561700E+02  9.782117724452E+05
275          -65.29220000  -10.74080000  1.709100E+02  9.782108920803E+05
276          -65.13970000  -10.70750000  1.863700E+02  9.781984314820E+05
277          -65.09280000  -10.68060000  1.909900E+02  9.781921005912E+05
278          -65.04610000  -10.64060000  1.839600E+02  9.781901946497E+05
279          -65.00940000  -10.64170000  1.852400E+02  9.781897236645E+05
280          -61.82170000  -10.78600000  1.627400E+02  9.781763815647E+05
281          -61.82180000  -10.72000000  1.500900E+02  9.781782310074E+05
282          -62.02170000  -10.73570000  1.753000E+02  9.781660484629E+05
283          -62.01380000  -10.68730000  2.029800E+02  9.781574848539E+05
284          -61.92880000  -10.71420000  1.868900E+02  9.781605311259E+05
285          -62.07320000  -10.66780000  2.048500E+02  9.781573200070E+05
286          -62.13670000  -10.64750000  2.418200E+02  9.781500369435E+05
287          -60.07340000  -12.83620000  6.184400E+02  9.781434951716E+05
288          -60.07970000  -12.81630000  6.239400E+02  9.781420393994E+05
289          -60.09740000  -12.76220000  6.124200E+02  9.781450805311E+05
290          -60.41380000  -12.51970000  5.105600E+02  9.781668305594E+05
291          -61.24950000  -11.70260000  2.441400E+02  9.782067665784E+05
292          -61.31910000  -11.79480000  2.791000E+02  9.782203196727E+05
293          -63.10720000   -9.69130000  1.289400E+02  9.781483917204E+05
294          -62.69710000  -10.26760000  2.222800E+02  9.781597152966E+05
295          -63.94570000   -9.03610000  1.117800E+02  9.781383672378E+05
296          -65.92750000   -9.68390000  1.336000E+02  9.781489707595E+05
297          -62.47340000  -10.84840000  2.904600E+02  9.781394498331E+05
298          -63.02940000  -10.16020000  1.502400E+02  9.781666309881E+05
299          -61.92660000  -11.06370000  1.790300E+02  9.781821305753E+05
300          -61.03980000  -11.50310000  2.812000E+02  9.781434180439E+05
301          -60.93290000  -11.21980000  2.811200E+02  9.781252729442E+05
302          -62.20910000  -10.82040000  2.687500E+02  9.781467371096E+05
303          -61.88390000  -10.88420000  1.648500E+02  9.781774017777E+05
304          -63.05890000   -9.86170000  1.357700E+02  9.781553827471E+05
305          -63.10270000   -9.44590000  1.280500E+02  9.781424733783E+05
306          -64.79790000   -9.49880000  1.138800E+02  9.781244838531E+05
307          -63.87940000   -8.71120000  9.528000E+01  9.781324418440E+05
308          -60.38470000  -12.93160000  3.462600E+02  9.782233035452E+05
309          -61.68610000  -11.37610000  1.901100E+02  9.782092100749E+05
310          -63.77830000   -8.70440000  1.008400E+02  9.781387237265E+05
311          -64.94250000   -9.62080000  1.024600E+02  9.781407551697E+05
312          -64.98670000  -10.38060000  1.814800E+02  9.781882208935E+05
313          -65.33890000  -10.47750000  1.343400E+02  9.782173882746E+05
314          -65.20780000  -10.71110000  1.801900E+02  9.782035095586E+05
315          -60.30470000  -12.67040000  5.762700E+02  9.781544832825E+05
316          -60.48080000  -12.50520000  4.638700E+02  9.781751562950E+05
317          -60.63580000  -12.31200000  3.613600E+02  9.781862047364E+05
318          -60.95060000  -13.30250000  2.057400E+02  9.782507613647E+05
319          -60.73680000  -13.22530000  2.698100E+02  9.782435776737E+05
320          -60.47130000  -13.10910000  3.943700E+02  9.782319241000E+05
321          -61.13330000  -11.72760000  2.216900E+02  9.782160234146E+05
322          -60.96230000  -11.92430000  2.869500E+02  9.782210412689E+05
323          -60.74620000  -12.11310000  3.804500E+02  9.781962356574E+05
324          -60.78050000  -12.40790000  2.677400E+02  9.782100593481E+05
325          -61.20960000  -11.62290000  2.054200E+02  9.782011016184E+05
326          -63.47360000   -8.03830000  8.556000E+01  9.781389621050E+05
327          -64.66920000   -9.36410000  1.323800E+02  9.781088082198E+05
328          -63.95770000   -8.80940000  1.053500E+02  9.781292546455E+05
329          -63.56610000   -8.92190000  9.968000E+01  9.781543743162E+05
330          -65.23330000   -9.76110000  1.224900E+02  9.781584164306E+05
331          -65.30360000  -10.07170000  1.536500E+02  9.781852247631E+05
332          -65.31280000  -10.34810000  1.539600E+02  9.782074649563E+05
333          -65.30920000   -9.73830000  1.203600E+02  9.781556644184E+05
334          -64.99190000   -9.65170000  1.142500E+02  9.781418032449E+05
335          -65.39530000   -9.67560000  1.191600E+02  9.781512411166E+05
336          -65.05720000  -10.38530000  1.507100E+02  9.782004632161E+05
337          -64.76170000  -10.35310000  2.001800E+02  9.781733078736E+05
338          -65.19030000  -10.35530000  1.541400E+02  9.782068293227E+05
339          -65.59500000   -9.70780000  1.533100E+02  9.781458250944E+05
340          -63.43160000   -8.93370000  1.128800E+02  9.781502780216E+05
341          -64.21600000   -9.17080000  1.120400E+02  9.781239136064E+05
342          -61.40850000  -11.46490000  1.985600E+02  9.782091177504E+05
343          -61.24820000  -11.76250000  2.242900E+02  9.782267191392E+05
344          -61.31900000  -11.58680000  1.973000E+02  9.782048981555E+05
345          -62.21520000  -11.25590000  2.160500E+02  9.781870361906E+05
346          -62.33860000  -11.23630000  2.444900E+02  9.781792509693E+05
347          -62.45520000  -11.05490000  2.521800E+02  9.781585147344E+05
348          -62.10020000  -10.77190000  1.986400E+02  9.781593083805E+05
