LONG(deg) 	 LAT(deg) 	 ALT_GEOM(m) 	 GRAV(mGal)
-54.3744 	 -29.1052 	 396.75 	 979145.18
-54.3225 	 -29.0958 	 346.94 	 979156.22
-54.2786 	 -29.1222 	 363.24 	 979153.35
-54.2353 	 -29.1535 	 404.93 	 979146.33
-54.1875 	 -29.2222 	 458.06 	 979139.53
-53.8569 	 -29.3177 	 452.64 	 979146.63
-53.9297 	 -29.2877 	 385.43 	 979154.53
-53.9717 	 -29.2585 	 385.15 	 979155.03
-54.0158 	 -29.2883 	 372.54 	 979165.55
-54.1064 	 -29.3474 	 372.66 	 979173.12
-54.1669 	 -29.313 	 326.72 	 979179.18
-54.1453 	 -29.3772 	 408.41 	 979167.68
-54.1864 	 -29.4627 	 230.63 	 979211.3
-54.0575 	 -29.6685 	 145.76 	 979244.8
-54.1261 	 -29.6616 	 120.06 	 979249.51
-54.2008 	 -29.5933 	 179.59 	 979232.16
-54.2219 	 -29.5002 	 129.56 	 979236.74
-54.2403 	 -29.6341 	 154.28 	 979245.41
-54.2958 	 -29.6372 	 159.61 	 979248.01
-54.3633 	 -29.6449 	 165.59 	 979243.4
-54.4733 	 -29.6658 	 16.43 	 979251.34
-53.8472 	 -29.6222 	 227.73 	 979226.13
-53.9578 	 -29.5222 	 417.49 	 979173.76
-54.0405 	 -29.4894 	 383.94 	 979180.16
-54.1239 	 -29.5247 	 207.31 	 979222.39
-53.8389 	 -29.6705 	 107.35 	 979250.9
-53.8636 	 -29.5755 	 190.02 	 979229.31
-53.9008 	 -29.5061 	 457.45 	 979163.15
-54.0942 	 -29.4866 	 284.27 	 979203.05
-54.9542 	 -28.4591 	 193.98 	 979135.01
-54.9536 	 -28.5052 	 187.55 	 979138.15
-54.9611 	 -28.5488 	 155.0 	 979250.56
-54.9378 	 -28.5924 	 198.58 	 979148.39
-54.9383 	 -28.638 	 212.84 	 979151.02
-54.9253 	 -28.7347 	 268.49 	 979151.2
-54.9297 	 -28.7777 	 178.55 	 979173.31
-54.9383 	 -28.8219 	 164.76 	 979182.32
-54.9394 	 -28.8719 	 182.24 	 979186.93
-54.9517 	 -28.9235 	 266.18 	 979174.63
-54.9686 	 -28.9672 	 349.63 	 979159.89
-54.9175 	 -29.0891 	 384.87 	 979153.3
-54.9144 	 -29.0435 	 376.16 	 979154.64
-54.515 	 -28.1444 	 299.45 	 979085.76
-54.5653 	 -28.1513 	 302.36 	 979083.29
-54.4644 	 -28.131 	 272.28 	 979090.99
-55.5039 	 -28.2297 	 164.99 	 979136.51
-55.6072 	 -28.2019 	 16.4 	 979147.88
-55.6394 	 -28.1827 	 15.84 	 979147.04
-55.0467 	 -28.1977 	 185.16 	 979114.4
-55.1614 	 -28.2102 	 194.77 	 979116.22
-55.2175 	 -28.2122 	 126.36 	 979132.1
-55.2653 	 -28.1855 	 168.83 	 979121.36
-55.3617 	 -28.1922 	 110.53 	 979137.0
-55.4192 	 -28.2022 	 136.59 	 979136.84
-54.8747 	 -28.7422 	 270.53 	 979152.04
-54.8253 	 -28.7608 	 251.31 	 979159.37
-54.7383 	 -28.816 	 306.81 	 979152.57
-54.7075 	 -28.8591 	 324.83 	 979152.56
-54.6922 	 -28.9038 	 347.88 	 979151.84
-54.6197 	 -28.8422 	 295.36 	 979158.54
-54.6597 	 -28.9572 	 396.02 	 979144.52
-54.5767 	 -28.8163 	 224.13 	 979172.4
-54.4725 	 -28.8108 	 340.82 	 979145.18
-54.4353 	 -28.851 	 362.24 	 979141.24
-54.3919 	 -28.8924 	 350.36 	 979145.18
-54.3592 	 -28.5399 	 363.42 	 979102.89
-54.3244 	 -28.5802 	 358.97 	 979113.91
-54.2186 	 -28.6563 	 390.41 	 979118.7
-54.3278 	 -28.6522 	 316.82 	 979134.58
-54.3642 	 -28.6847 	 297.58 	 979144.22
-54.4083 	 -28.7224 	 276.32 	 979154.44
-54.6122 	 -28.1313 	 254.09 	 979092.37
-54.6636 	 -28.1258 	 295.06 	 979086.69
-54.715 	 -28.1208 	 246.57 	 979095.48
-54.7675 	 -28.1222 	 276.77 	 979092.07
-54.82 	 -28.1197 	 255.71 	 979095.72
-54.9239 	 -28.1258 	 170.24 	 979114.68
-54.9775 	 -28.111 	 198.72 	 979109.68
-54.9778 	 -28.3591 	 193.31 	 979126.26
-54.9633 	 -28.3122 	 208.15 	 979118.31
-54.9844 	 -28.2163 	 182.45 	 979116.6
-55.003 	 -28.1702 	 140.04 	 979121.25
-55.0125 	 -28.1249 	 182.06 	 979111.97
-55.0792 	 -28.0558 	 114.1 	 979118.16
-55.1114 	 -28.0077 	 162.64 	 979105.96
-55.1275 	 -27.9641 	 286.92 	 979077.47
-55.2775 	 -28.4716 	 195.11 	 979132.78
-55.313 	 -28.4355 	 181.03 	 979132.87
-55.3272 	 -28.3916 	 180.73 	 979133.35
-55.3719 	 -28.3652 	 159.81 	 979139.58
-55.4172 	 -28.2788 	 180.72 	 979136.01
-55.4478 	 -28.241 	 164.92 	 979139.26
-54.3233 	 -28.1974 	 351.73 	 979079.01
-54.3094 	 -28.2427 	 302.67 	 979090.05
-54.8767 	 -28.3627 	 226.03 	 979121.37
-54.8339 	 -28.3397 	 310.78 	 979101.78
-53.3353 	 -27.8788 	 551.6 	 979011.45
-54.2128 	 -29.2697 	 433.09 	 979154.25
-53.1453 	 -29.1827 	 401.18 	 979153.88
-53.0669 	 -29.2461 	 330.53 	 979171.64
-53.0625 	 -29.2888 	 262.43 	 979186.84
-53.0822 	 -29.3355 	 377.22 	 979167.01
-53.7558 	 -29.2844 	 498.11 	 979139.38
-53.8047 	 -29.3072 	 472.2 	 979144.28
-54.5967 	 -28.3708 	 270.31 	 979117.21
-54.8247 	 -28.3002 	 273.56 	 979106.7
-54.8161 	 -28.2563 	 231.29 	 979112.62
-54.7778 	 -28.2266 	 189.63 	 979120.08
-54.7442 	 -28.1913 	 180.77 	 979118.2
-54.7244 	 -28.151 	 199.37 	 979108.7
-54.7547 	 -28.108 	 263.99 	 979091.34
-54.7589 	 -28.0644 	 179.81 	 979100.92
-54.7553 	 -28.0194 	 268.15 	 979074.85
-54.7553 	 -27.973 	 215.39 	 979080.53
-54.7461 	 -27.9222 	 301.34 	 979063.77
-54.768 	 -27.8813 	 304.53 	 979063.68
-54.733 	 -27.8491 	 298.23 	 979065.2
-54.9392 	 -28.0972 	 204.35 	 979105.87
-54.9383 	 -28.0463 	 204.78 	 979099.69
-54.8955 	 -28.0197 	 159.6 	 979103.24
-54.8478 	 -27.9977 	 188.6 	 979093.77
-54.8069 	 -27.9619 	 245.66 	 979077.37
-54.7533 	 -27.9449 	 306.45 	 979062.26
-54.7003 	 -27.9335 	 313.41 	 979062.47
-54.6467 	 -27.9352 	 284.44 	 979069.2
-54.5961 	 -27.9244 	 343.61 	 979057.99
-54.5422 	 -27.9105 	 267.15 	 979074.6
-54.4953 	 -27.8819 	 240.09 	 979081.07
-54.4833 	 -27.8355 	 314.09 	 979066.42
-54.4783 	 -27.7891 	 304.63 	 979066.3
-54.5041 	 -27.7472 	 324.69 	 979060.32
-54.6508 	 -28.3527 	 205.08 	 979131.02
-54.645 	 -28.3058 	 279.76 	 979111.74
-53.3778 	 -27.8469 	 615.97 	 978992.48
-54.6058 	 -28.2183 	 190.59 	 979107.03
-54.5539 	 -28.1219 	 288.03 	 979084.99
-54.5439 	 -28.0777 	 277.53 	 979084.28
-54.5442 	 -28.0333 	 349.93 	 979065.12
-54.5422 	 -27.9413 	 303.04 	 979066.71
-54.5066 	 -27.9091 	 309.33 	 979066.75
-55.5881 	 -28.7374 	 126.97 	 979173.83
-53.4175 	 -27.8138 	 607.82 	 978994.16
-55.5355 	 -28.568 	 133.64 	 979152.07
-55.5453 	 -28.5235 	 102.21 	 979157.11
-55.5419 	 -28.4619 	 118.82 	 979153.64
-55.525 	 -28.4188 	 91.47 	 979159.75
-55.6314 	 -28.4927 	 110.02 	 979158.67
-55.6594 	 -28.541 	 126.77 	 979163.09
-54.4847 	 -28.736 	 304.12 	 979151.63
-53.9028 	 -28.3466 	 309.95 	 979110.93
-53.8997 	 -28.3022 	 281.08 	 979110.48
-53.9053 	 -28.2013 	 385.85 	 979082.51
-53.8539 	 -28.1672 	 344.53 	 979089.58
-53.8736 	 -28.2472 	 319.7 	 979097.51
-53.7728 	 -28.2416 	 340.4 	 979093.64
-52.8952 	 -28.1224 	 610.57 	 979022.03
-52.9511 	 -28.1163 	 576.97 	 979024.93
-53.0441 	 -28.0749 	 546.04 	 979024.88
-53.0822 	 -28.0452 	 479.19 	 979033.95
-53.1083 	 -28.0049 	 465.55 	 979032.98
-53.153 	 -27.9791 	 546.22 	 979021.44
-54.9392 	 -29.0127 	 348.34 	 979161.02
-54.7458 	 -29.0749 	 369.08 	 979154.69
-54.8003 	 -29.1155 	 364.13 	 979157.31
-54.8589 	 -29.1853 	 413.42 	 979148.2
-54.895 	 -29.1305 	 420.7 	 979147.88
-54.0492 	 -28.9102 	 507.83 	 979097.01
-54.2847 	 -28.2891 	 221.13 	 979108.55
-54.2341 	 -28.2822 	 307.72 	 979086.52
-54.1897 	 -28.2616 	 320.28 	 979083.42
-54.1378 	 -28.2402 	 329.16 	 979088.02
-54.0828 	 -28.2466 	 316.01 	 979098.53
-54.0339 	 -28.2605 	 265.08 	 979111.02
-53.9572 	 -28.343 	 296.17 	 979110.93
-53.49 	 -28.3069 	 459.36 	 979061.75
-53.4819 	 -28.2566 	 492.88 	 979050.78
-53.4664 	 -28.1544 	 541.33 	 979036.01
-53.4297 	 -28.1158 	 559.34 	 979028.96
-53.3625 	 -28.0363 	 585.29 	 979016.99
-53.3253 	 -27.9485 	 611.08 	 979008.73
-54.0755 	 -28.0849 	 421.57 	 979056.53
-54.0861 	 -28.0413 	 369.6 	 979064.72
-54.1269 	 -27.9522 	 413.5 	 979051.89
-54.15 	 -27.911 	 389.64 	 979049.89
-54.1739 	 -27.8702 	 363.34 	 979049.45
-54.2155 	 -27.7894 	 359.32 	 979049.77
-54.2439 	 -27.751 	 347.43 	 979053.3
-54.263 	 -27.7085 	 353.82 	 979053.16
-53.885 	 -28.1244 	 438.93 	 979065.47
-53.8572 	 -28.0772 	 477.31 	 979052.79
-53.5669 	 -27.758 	 490.54 	 979002.5
-54.0928 	 -28.9055 	 525.41 	 979094.05
-54.1497 	 -28.8952 	 487.9 	 979102.45
-53.9158 	 -28.3894 	 334.66 	 979108.46
-54.0211 	 -27.9516 	 374.71 	 979063.1
-54.038 	 -27.9938 	 393.2 	 979062.0
-54.3103 	 -28.0091 	 353.1 	 979061.36
-54.2636 	 -27.9858 	 318.16 	 979065.96
-54.2116 	 -27.9724 	 338.17 	 979063.5
-54.1641 	 -27.9538 	 395.39 	 979053.93
-54.1166 	 -27.9683 	 429.12 	 979049.89
-53.4478 	 -27.7674 	 599.26 	 978991.14
-53.615 	 -27.773 	 560.78 	 978989.0
-53.4897 	 -27.6766 	 554.9 	 978987.63
-53.5353 	 -27.6591 	 552.87 	 978985.49
-53.625 	 -27.6324 	 548.05 	 978981.33
-53.6483 	 -27.5877 	 528.19 	 978981.74
-53.6572 	 -27.5388 	 514.44 	 978980.07
-53.9928 	 -28.5677 	 350.43 	 979100.34
-53.9903 	 -28.6138 	 375.17 	 979101.18
-54.0366 	 -28.5969 	 297.16 	 979114.03
-54.7305 	 -28.3091 	 251.27 	 979116.39
-54.683 	 -28.2963 	 220.0 	 979122.7
-54.3944 	 -28.3635 	 211.53 	 979116.52
-54.3908 	 -28.3083 	 264.43 	 979105.85
-54.4517 	 -28.318 	 264.11 	 979108.38
-54.4672 	 -28.3608 	 190.9 	 979125.19
-54.5353 	 -28.3535 	 241.72 	 979118.87
-53.9736 	 -29.7547 	 112.61 	 979266.75
-53.925 	 -29.7399 	 149.34 	 979254.94
-53.8853 	 -29.7088 	 84.22 	 979260.92
-54.7114 	 -30.1847 	 176.74 	 979293.35
-54.6714 	 -30.1427 	 145.09 	 979298.96
-54.635 	 -30.1063 	 118.84 	 979313.41
-54.6075 	 -30.0622 	 152.04 	 979308.36
-54.5178 	 -30.0152 	 168.54 	 979296.78
-54.4728 	 -29.9877 	 180.61 	 979291.24
-54.4347 	 -29.953 	 181.22 	 979283.89
-54.3794 	 -29.938 	 187.7 	 979278.48
-54.258 	 -29.3183 	 429.54 	 979162.47
-54.3111 	 -29.3188 	 432.39 	 979158.24
-54.4142 	 -29.3319 	 353.2 	 979166.58
-54.4647 	 -29.3319 	 248.69 	 979183.97
-54.5022 	 -29.3633 	 162.46 	 979203.37
-54.4561 	 -28.6452 	 226.74 	 979157.1
-54.5375 	 -28.5883 	 258.71 	 979141.25
-54.5589 	 -28.498 	 327.5 	 979112.13
-54.5708 	 -28.4477 	 263.85 	 979121.48
-54.8669 	 -28.4941 	 244.05 	 979126.44
-54.9289 	 -28.4949 	 213.62 	 979131.69
-53.5044 	 -27.7572 	 555.05 	 978994.85
-53.7569 	 -28.0122 	 533.89 	 979034.7
-53.7789 	 -27.9097 	 523.8 	 979029.88
-53.7997 	 -27.866 	 472.64 	 979038.72
-53.8061 	 -27.8185 	 522.42 	 979018.24
-53.8453 	 -27.7272 	 501.81 	 979007.09
-53.8472 	 -27.6819 	 491.02 	 979007.41
-53.8578 	 -27.6341 	 488.78 	 979007.44
-53.8722 	 -27.5424 	 437.36 	 979011.2
-54.4847 	 -27.718 	 288.71 	 979065.22
-54.4639 	 -27.6758 	 149.45 	 979087.68
-54.4219 	 -27.648 	 251.58 	 979064.76
-54.3916 	 -27.6113 	 225.81 	 979065.56
-54.3405 	 -27.5985 	 308.32 	 979048.29
-54.2891 	 -27.613 	 331.41 	 979048.33
-54.2516 	 -27.5733 	 350.81 	 979038.86
-54.235 	 -27.5199 	 159.04 	 979067.67
-54.1736 	 -27.5138 	 312.55 	 979035.02
-53.2636 	 -27.9444 	 561.34 	 979021.27
-53.6964 	 -29.048 	 414.04 	 979133.4
-53.7536 	 -29.0544 	 395.27 	 979138.48
-53.8572 	 -29.0772 	 465.4 	 979129.03
-53.9089 	 -29.0583 	 492.38 	 979123.65
-53.9386 	 -29.0188 	 489.87 	 979123.94
-54.0139 	 -28.9497 	 483.19 	 979112.28
-53.8058 	 -27.3902 	 433.52 	 978983.07
-53.8583 	 -27.3863 	 291.23 	 979012.27
-53.9036 	 -27.4108 	 408.2 	 978995.44
-53.9497 	 -27.4327 	 459.18 	 978989.96
-53.9244 	 -27.4688 	 434.47 	 979000.52
-53.8194 	 -27.9197 	 465.65 	 979044.5
-53.8686 	 -27.9124 	 431.79 	 979051.8
-53.9166 	 -27.9244 	 477.8 	 979044.52
-53.9611 	 -27.9085 	 479.39 	 979040.7
-54.0166 	 -27.9088 	 418.54 	 979050.03
-54.4255 	 -28.1638 	 344.92 	 979079.0
-53.685 	 -27.4891 	 474.6 	 978987.12
-53.7078 	 -27.441 	 504.05 	 978975.69
-53.7341 	 -27.3947 	 515.07 	 978964.25
-53.513 	 -28.6449 	 425.99 	 979097.54
-53.4005 	 -28.6041 	 472.21 	 979082.02
-53.338 	 -28.6033 	 469.1 	 979080.52
-53.2239 	 -28.6369 	 388.19 	 979104.23
-53.165 	 -28.6474 	 398.37 	 979105.62
-53.1033 	 -28.6397 	 416.5 	 979099.34
-53.1186 	 -28.5872 	 436.01 	 979087.8
-53.2411 	 -28.4699 	 496.17 	 979062.82
-53.2744 	 -28.4244 	 510.03 	 979055.81
-53.7239 	 -27.7505 	 502.74 	 979005.38
-53.773 	 -27.7547 	 436.53 	 979021.74
-54.3789 	 -28.1808 	 342.42 	 979080.43
-54.6175 	 -29.9772 	 157.66 	 979291.64
-54.593 	 -30.0238 	 166.95 	 979297.03
-54.0594 	 -29.8736 	 98.85 	 979283.88
-53.9569 	 -29.8713 	 121.26 	 979272.71
-55.2192 	 -28.5277 	 206.68 	 979131.45
-55.1336 	 -28.5672 	 192.79 	 979142.34
-55.1036 	 -28.6485 	 243.55 	 979146.14
-55.1322 	 -28.6872 	 205.36 	 979160.08
-55.1428 	 -28.7641 	 175.68 	 979175.27
-55.103 	 -28.7941 	 182.48 	 979175.25
-55.0672 	 -28.8313 	 238.78 	 979170.3
-55.0161 	 -28.908 	 324.36 	 979161.97
-55.6867 	 -28.7435 	 105.81 	 979182.05
-55.5806 	 -28.7499 	 128.91 	 979173.32
-55.5286 	 -28.7588 	 91.31 	 979183.47
-55.38 	 -28.7399 	 131.12 	 979176.77
-55.3267 	 -28.7558 	 183.57 	 979169.75
-55.2728 	 -28.7733 	 204.22 	 979168.82
-55.1805 	 -28.8183 	 179.2 	 979182.28
-55.1303 	 -28.8333 	 205.82 	 979181.69
-55.1036 	 -28.393 	 186.23 	 979130.42
-55.1458 	 -28.3644 	 189.02 	 979126.17
-53.6905 	 -28.2283 	 428.17 	 979073.08
-55.1722 	 -28.2497 	 185.18 	 979119.76
-55.2444 	 -28.1466 	 151.17 	 979120.81
-55.2039 	 -28.0674 	 127.7 	 979118.97
-55.1669 	 -28.036 	 138.65 	 979113.46
-57.1097 	 -29.8556 	 72.5 	 979299.75
-57.1339 	 -29.8981 	 80.16 	 979300.08
-57.1722 	 -29.9353 	 93.84 	 979299.0
-57.1967 	 -29.9719 	 92.11 	 979299.48
-54.023 	 -28.6391 	 330.11 	 979112.51
-54.0197 	 -28.7319 	 386.21 	 979106.76
-54.0158 	 -28.7813 	 404.32 	 979106.81
-54.058 	 -28.8097 	 459.74 	 979098.13
-54.0503 	 -28.861 	 505.64 	 979090.36
-54.3469 	 -28.9372 	 420.3 	 979130.07
-54.3717 	 -28.9952 	 393.48 	 979139.08
-53.2525 	 -29.6508 	 58.05 	 979260.37
-53.303 	 -29.6524 	 61.26 	 979255.77
-53.4003 	 -29.6147 	 55.08 	 979251.97
-53.4405 	 -29.5836 	 64.08 	 979249.74
-53.4703 	 -29.5447 	 68.08 	 979246.64
-53.5414 	 -29.4955 	 189.09 	 979217.43
-53.6008 	 -29.5444 	 467.1 	 979171.21
-53.653 	 -29.5258 	 506.77 	 979161.0
-52.9625 	 -29.9313 	 142.57 	 979277.57
-52.9678 	 -29.8355 	 81.21 	 979280.61
-52.9711 	 -29.7769 	 103.91 	 979269.25
-52.8103 	 -29.5872 	 74.65 	 979248.1
-52.8458 	 -29.5499 	 572.26 	 979142.71
-52.8997 	 -29.5277 	 573.31 	 979145.82
-54.3289 	 -29.9277 	 196.01 	 979273.86
-54.2522 	 -29.8658 	 151.24 	 979271.03
-54.1544 	 -29.8305 	 84.19 	 979277.79
-54.0786 	 -29.7686 	 141.09 	 979263.39
-55.7772 	 -29.1803 	 151.22 	 979202.51
-55.7372 	 -29.2625 	 159.0 	 979206.16
-55.71 	 -29.3056 	 90.96 	 979223.11
-55.6547 	 -29.3233 	 158.23 	 979217.93
-55.6197 	 -29.3717 	 151.51 	 979226.08
-55.6681 	 -29.3992 	 145.28 	 979237.1
-56.2936 	 -29.1578 	 69.87 	 979243.26
-56.2744 	 -29.2142 	 100.19 	 979237.0
-56.1778 	 -29.1611 	 99.65 	 979235.42
-56.1267 	 -29.1542 	 105.8 	 979233.87
-54.5475 	 -29.3905 	 206.03 	 979200.14
-54.5894 	 -29.4177 	 123.44 	 979220.89
-54.6342 	 -29.4405 	 136.13 	 979225.09
-54.6758 	 -29.4652 	 123.46 	 979232.18
-54.2064 	 -29.2402 	 421.65 	 979150.05
-54.1797 	 -29.2038 	 458.04 	 979137.67
-54.1522 	 -29.1647 	 452.68 	 979136.23
-54.1078 	 -29.1372 	 494.86 	 979128.18
-54.055 	 -29.116 	 493.54 	 979124.28
-54.0128 	 -29.0849 	 511.68 	 979118.19
-54.213 	 -29.1616 	 424.58 	 979247.17
-54.2719 	 -29.1288 	 352.69 	 979154.96
-54.3319 	 -29.0999 	 350.87 	 979155.21
-54.4075 	 -29.0885 	 387.79 	 979145.06
-56.2317 	 -29.2389 	 95.15 	 979236.15
-56.1997 	 -29.275 	 97.96 	 979236.35
-56.2067 	 -29.32 	 88.75 	 979238.92
-56.2144 	 -29.3664 	 78.99 	 979243.7
-55.9675 	 -30.3283 	 225.96 	 979303.01
-55.9581 	 -30.3786 	 232.15 	 979301.45
-55.9403 	 -30.4158 	 272.34 	 979294.61
-55.9192 	 -30.4581 	 290.17 	 979291.24
-55.8869 	 -30.4981 	 278.47 	 979298.1
-55.8703 	 -30.5392 	 284.46 	 979299.74
-55.8575 	 -30.5883 	 313.87 	 979297.98
-55.8347 	 -30.6278 	 308.79 	 979298.51
-55.8161 	 -30.6769 	 346.45 	 979294.25
-55.7731 	 -30.7125 	 288.74 	 979313.94
-53.8072 	 -31.6292 	 195.04 	 979426.73
-53.468 	 -27.4005 	 546.19 	 978965.69
-53.5119 	 -27.3699 	 486.28 	 978974.57
-53.5616 	 -27.3527 	 517.26 	 978965.33
-53.6144 	 -27.3449 	 257.68 	 979009.37
-53.6628 	 -27.3188 	 224.13 	 979008.59
-53.7166 	 -27.3458 	 406.3 	 978975.64
-53.7664 	 -27.3585 	 484.24 	 978965.43
-53.1822 	 -32.0653 	 238.6 	 979447.19
-53.2181 	 -32.0372 	 260.98 	 979442.25
-53.3247 	 -32.0222 	 272.38 	 979435.34
-54.3614 	 -29.3799 	 415.38 	 979160.8
-54.3753 	 -29.4235 	 396.5 	 979169.97
-54.4053 	 -29.4605 	 403.31 	 979174.3
-54.445 	 -29.4897 	 241.44 	 979208.83
-54.4614 	 -29.5341 	 125.33 	 979236.47
-54.4819 	 -29.5791 	 131.39 	 979237.87
-53.3569 	 -27.9258 	 593.88 	 979004.22
-54.2075 	 -29.6735 	 133.04 	 979252.42
-54.1986 	 -29.7172 	 116.93 	 979260.42
-54.2364 	 -29.7469 	 161.19 	 979256.98
-54.2383 	 -29.7927 	 146.63 	 979264.63
-54.0097 	 -29.1322 	 486.05 	 979127.61
-54.0 	 -29.1766 	 470.16 	 979132.47
-53.9825 	 -29.2235 	 433.42 	 979142.53
-53.9472 	 -29.353 	 448.64 	 979152.05
-53.7847 	 -29.8522 	 98.77 	 979285.52
-53.8119 	 -29.8849 	 68.93 	 979293.19
-53.8669 	 -29.8897 	 97.47 	 979285.47
-54.3358 	 -29.9674 	 194.73 	 979278.23
-53.4375 	 -27.9985 	 560.49 	 979011.15
-53.4844 	 -28.0241 	 572.21 	 979010.9
-54.3705 	 -30.2252 	 144.35 	 979293.07
-54.3169 	 -30.2163 	 151.82 	 979295.65
-54.2639 	 -30.1952 	 120.61 	 979306.78
-54.2044 	 -30.1844 	 92.35 	 979310.82
-54.6833 	 -29.7566 	 139.32 	 979251.26
-53.5889 	 -28.0372 	 559.82 	 979022.79
-53.6597 	 -28.181 	 479.27 	 979054.49
-56.6992 	 -29.7519 	 108.38 	 979275.29
-56.7267 	 -29.7947 	 131.97 	 979274.32
-56.7514 	 -29.8383 	 141.64 	 979276.39
-56.5567 	 -29.9714 	 147.39 	 979283.68
-56.5725 	 -30.0164 	 145.36 	 979287.89
-56.6239 	 -30.0322 	 125.36 	 979292.81
-56.6583 	 -30.0692 	 123.02 	 979298.66
-56.6653 	 -30.1214 	 123.42 	 979305.88
-57.5564 	 -30.2092 	 59.67 	 979319.96
-57.0936 	 -29.8056 	 71.41 	 979297.69
-53.7886 	 -31.9297 	 167.43 	 979457.17
-53.77 	 -31.9806 	 109.96 	 979464.15
-53.7461 	 -32.0336 	 119.38 	 979461.79
-53.8675 	 -31.8069 	 181.75 	 979447.71
-53.8786 	 -31.7461 	 174.98 	 979443.67
-51.4906 	 -30.3572 	 74.3 	 979339.89
-51.5494 	 -30.3683 	 91.46 	 979339.02
-51.5975 	 -30.3319 	 121.86 	 979321.97
-54.0086 	 -31.7361 	 157.65 	 979435.44
-53.9589 	 -31.7678 	 153.38 	 979444.51
-53.9089 	 -31.8031 	 129.19 	 979454.69
-54.0625 	 -31.7094 	 166.59 	 979429.94
-54.1506 	 -31.6422 	 181.71 	 979421.58
-51.7008 	 -30.3664 	 158.68 	 979312.49
-51.6514 	 -30.3394 	 118.06 	 979319.79
-57.2539 	 -30.0475 	 76.12 	 979308.38
-57.5044 	 -30.2003 	 64.36 	 979317.35
-57.4489 	 -30.1825 	 83.39 	 979310.73
-57.405 	 -30.1575 	 88.65 	 979308.96
-57.3625 	 -30.1294 	 93.25 	 979306.46
-57.3186 	 -30.0978 	 91.74 	 979308.07
-53.2678 	 -29.6983 	 45.35 	 979269.95
-52.0258 	 -30.2486 	 117.65 	 979299.34
-51.7453 	 -30.4053 	 259.94 	 979295.78
-56.5047 	 -29.6847 	 125.87 	 979270.53
-56.5161 	 -29.6331 	 100.54 	 979271.5
-56.5144 	 -29.5792 	 91.37 	 979265.82
-56.5047 	 -29.5317 	 96.37 	 979259.97
-56.4833 	 -29.48 	 65.01 	 979262.02
-53.7267 	 -29.9172 	 66.02 	 979286.26
-56.1011 	 -29.285 	 76.22 	 979246.47
-56.0556 	 -29.3092 	 70.76 	 979243.69
-56.0392 	 -29.4219 	 100.69 	 979246.33
-56.0569 	 -29.4764 	 113.98 	 979246.94
-56.0681 	 -29.5258 	 107.21 	 979254.4
-55.9681 	 -29.1531 	 104.62 	 979230.46
-55.9 	 -29.1522 	 110.89 	 979223.37
-55.8372 	 -29.1333 	 142.54 	 979203.52
-55.7142 	 -29.1169 	 134.11 	 979200.04
-55.6528 	 -29.1081 	 197.03 	 979187.66
-55.59 	 -29.0942 	 199.41 	 979185.26
-55.5289 	 -29.0683 	 191.95 	 979184.76
-56.4231 	 -29.3647 	 69.27 	 979254.73
-56.0936 	 -29.5697 	 136.72 	 979253.81
-56.1033 	 -29.6281 	 153.99 	 979255.71
-56.0939 	 -29.6753 	 130.09 	 979266.68
-56.1544 	 -29.6686 	 110.07 	 979272.22
-56.2083 	 -29.6631 	 105.59 	 979270.36
-56.2497 	 -29.6458 	 111.48 	 979266.21
-56.1072 	 -29.7003 	 122.14 	 979270.92
-56.4303 	 -29.3092 	 78.77 	 979247.22
-56.4331 	 -29.2642 	 96.98 	 979239.43
-56.4711 	 -29.2272 	 105.93 	 979237.26
-56.5158 	 -29.1864 	 86.7 	 979238.81
-56.2817 	 -29.6147 	 108.96 	 979261.47
-56.31 	 -29.5683 	 112.54 	 979257.24
-56.3414 	 -29.5231 	 94.57 	 979257.3
-56.3894 	 -29.4922 	 106.98 	 979251.9
-56.4314 	 -29.4614 	 84.68 	 979256.48
-56.5242 	 -29.7381 	 121.34 	 979275.48
-56.5175 	 -29.7953 	 127.94 	 979272.46
-56.5125 	 -29.8483 	 143.09 	 979269.84
-56.5319 	 -29.8967 	 156.5 	 979271.18
-56.5136 	 -29.9456 	 156.8 	 979278.33
-56.5267 	 -29.9917 	 156.78 	 979282.62
-56.4722 	 -29.6594 	 114.2 	 979270.03
-54.0594 	 -29.8414 	 98.71 	 979278.6
-54.1311 	 -29.8983 	 77.29 	 979290.19
-55.3128 	 -29.3742 	 245.06 	 979198.07
-53.7994 	 -31.5806 	 209.63 	 979418.66
-53.8133 	 -31.5361 	 205.32 	 979415.74
-53.8597 	 -31.5094 	 235.09 	 979401.78
-53.8708 	 -31.4153 	 206.34 	 979400.49
-52.8531 	 -32.0411 	 47.12 	 979481.79
-52.9222 	 -32.0281 	 52.99 	 979484.2
-53.0828 	 -32.0253 	 204.39 	 979448.12
-55.3128 	 -30.1083 	 162.25 	 979281.15
-55.4128 	 -30.1292 	 119.39 	 979301.59
-55.4231 	 -30.1636 	 146.27 	 979295.74
-55.4936 	 -30.1814 	 163.37 	 979292.47
-56.6378 	 -29.6797 	 115.23 	 979271.86
-55.8119 	 -30.0828 	 166.93 	 979286.7
-55.7756 	 -30.1206 	 194.89 	 979283.14
-55.6908 	 -30.19 	 136.2 	 979296.08
-56.6497 	 -29.6367 	 112.83 	 979271.43
-56.6711 	 -29.5953 	 104.15 	 979268.19
-56.7111 	 -29.5661 	 87.68 	 979270.69
-56.67 	 -29.7092 	 101.76 	 979273.86
-55.2706 	 -29.3375 	 230.37 	 979200.4
-55.2189 	 -29.32 	 258.53 	 979195.39
-56.0092 	 -29.7153 	 134.66 	 979268.34
-55.9617 	 -29.7336 	 123.14 	 979275.46
-55.9033 	 -29.7464 	 133.53 	 979275.52
-55.8472 	 -29.7642 	 114.05 	 979279.35
-55.1903 	 -30.3353 	 177.95 	 979312.38
-55.1486 	 -30.3069 	 182.18 	 979311.05
-55.0392 	 -30.2714 	 144.3 	 979307.61
-54.9897 	 -30.2619 	 146.51 	 979308.84
-55.2164 	 -30.375 	 196.52 	 979313.04
-55.2536 	 -30.4111 	 168.9 	 979317.31
-55.2808 	 -30.4325 	 196.67 	 979309.29
-55.3281 	 -30.4136 	 208.79 	 979303.06
-55.6383 	 -30.3481 	 185.69 	 979302.35
-55.5922 	 -30.3328 	 156.06 	 979304.68
-55.4558 	 -30.3675 	 289.06 	 979281.48
-55.4031 	 -30.4006 	 269.84 	 979288.76
-55.6281 	 -30.4489 	 258.37 	 979298.32
-55.5986 	 -30.5369 	 241.25 	 979300.6
-55.5667 	 -30.5722 	 239.71 	 979304.78
-55.5464 	 -30.8536 	 207.86 	 979345.96
-55.5658 	 -30.7875 	 314.14 	 979319.48
-53.6939 	 -32.0553 	 115.63 	 979458.91
-53.6353 	 -32.0525 	 213.61 	 979437.0
-53.5844 	 -32.0767 	 266.25 	 979432.53
-53.4408 	 -32.0664 	 307.33 	 979430.22
-53.8261 	 -31.8908 	 165.2 	 979458.16
-53.8517 	 -31.8494 	 130.86 	 979464.11
-55.5389 	 -30.7414 	 290.3 	 979320.57
-55.9208 	 -30.3233 	 180.46 	 979310.04
-55.8625 	 -30.3442 	 240.43 	 979295.11
-55.82 	 -30.3686 	 190.59 	 979303.67
-55.7517 	 -30.4369 	 192.99 	 979311.79
-53.7539 	 -30.1383 	 77.77 	 979304.42
-53.7006 	 -30.1719 	 118.34 	 979286.41
-53.605 	 -30.1864 	 219.54 	 979277.36
-51.7872 	 -30.3539 	 330.15 	 979269.58
-51.8322 	 -30.3158 	 269.95 	 979272.85
-51.8558 	 -30.2708 	 92.69 	 979303.48
-51.9058 	 -30.285 	 205.07 	 979286.11
-52.0122 	 -30.2839 	 148.12 	 979298.83
-51.9594 	 -30.1775 	 218.01 	 979269.51
-51.9894 	 -30.2153 	 197.1 	 979279.85
-55.1314 	 -29.55 	 133.19 	 979236.58
-55.1706 	 -29.5208 	 134.52 	 979237.32
-55.2358 	 -29.5186 	 205.75 	 979220.62
-55.2644 	 -29.4811 	 156.03 	 979225.55
-54.7331 	 -29.9375 	 166.79 	 979269.56
-54.6797 	 -29.9439 	 173.42 	 979281.31
-54.5772 	 -29.9436 	 167.7 	 979285.13
-54.5256 	 -29.9344 	 175.02 	 979280.67
-54.36 	 -29.9356 	 199.96 	 979275.12
-54.3011 	 -29.9411 	 163.42 	 979279.16
-54.2506 	 -29.9625 	 145.48 	 979276.6
-56.0958 	 -29.2378 	 87.03 	 979240.66
-53.8522 	 -29.7069 	 114.91 	 979251.21
-54.1039 	 -30.0794 	 105.18 	 979304.37
-54.0058 	 -30.0942 	 109.07 	 979301.33
-53.6919 	 -29.9633 	 67.31 	 979286.89
-53.6014 	 -30.1358 	 81.04 	 979305.56
-53.5628 	 -30.2028 	 105.11 	 979309.98
-53.6219 	 -30.235 	 305.64 	 979264.02
-53.8681 	 -30.1236 	 92.9 	 979404.81
-54.1142 	 -30.0189 	 110.48 	 979295.41
-54.1222 	 -29.9778 	 151.78 	 979283.11
-54.1317 	 -29.9472 	 92.95 	 979294.23
-54.1867 	 -29.9594 	 115.34 	 979288.98
-55.1139 	 -29.3306 	 330.39 	 979182.3
-55.0622 	 -29.3175 	 387.96 	 979167.87
-55.0108 	 -29.3283 	 431.56 	 979160.4
-54.9572 	 -29.3239 	 426.09 	 979163.39
-54.9228 	 -29.2869 	 446.31 	 979150.88
-54.8842 	 -29.2042 	 429.28 	 979147.6
-54.9156 	 -29.2353 	 428.87 	 979147.65
-54.9175 	 -29.9489 	 96.85 	 979268.85
-54.9678 	 -29.9214 	 100.56 	 979270.95
-55.05 	 -29.8942 	 125.56 	 979279.74
-55.0981 	 -29.8708 	 134.38 	 979277.22
-55.1483 	 -29.8394 	 95.11 	 979285.58
-55.2042 	 -29.8436 	 200.8 	 979261.9
-55.2517 	 -29.8192 	 99.43 	 979281.53
-55.3058 	 -29.8258 	 159.28 	 979266.83
-55.3561 	 -29.8406 	 197.53 	 979260.14
-55.4747 	 -29.7506 	 152.61 	 979264.47
-55.46 	 -29.7953 	 221.32 	 979249.84
-55.4192 	 -29.8256 	 180.7 	 979261.27
-55.3506 	 -29.9103 	 212.6 	 979261.15
-55.3556 	 -29.9531 	 190.27 	 979269.72
-55.3617 	 -29.9928 	 217.78 	 979267.48
-55.7006 	 -29.7353 	 112.16 	 979274.05
-55.7128 	 -29.68 	 143.41 	 979262.15
-55.7397 	 -29.6275 	 131.47 	 979258.0
-55.8067 	 -29.5208 	 116.59 	 979242.9
-55.7925 	 -29.46 	 107.03 	 979232.03
-55.8725 	 -29.8683 	 182.47 	 979271.18
-55.8781 	 -29.9614 	 132.59 	 979289.36
-55.8847 	 -30.01 	 109.91 	 979297.09
-55.8358 	 -30.0442 	 121.77 	 979297.23
-54.0078 	 -29.5235 	 365.63 	 979185.95
-54.9283 	 -28.6841 	 240.61 	 979151.26
-53.57 	 -27.6249 	 462.25 	 978998.68
-53.4566 	 -28.6244 	 433.94 	 979091.98
-53.2086 	 -28.5149 	 465.57 	 979073.89
-53.6386 	 -28.1322 	 504.06 	 979045.84
-54.1228 	 -29.8591 	 108.24 	 979276.8
-55.18 	 -28.5574 	 190.09 	 979140.91
-55.165 	 -28.7216 	 170.16 	 979169.6
-55.0536 	 -28.8747 	 253.38 	 979174.86
-55.6328 	 -28.7424 	 107.15 	 979183.05
-55.3017 	 -29.4494 	 157.39 	 979219.89
-55.3617 	 -29.3783 	 252.04 	 979198.18
-55.4339 	 -29.3514 	 194.02 	 979208.95
-55.1028 	 -29.5942 	 144.89 	 979238.16
-55.0533 	 -29.6144 	 145.3 	 979241.63
-54.9506 	 -29.6756 	 95.0 	 979249.08
-54.9103 	 -29.7078 	 114.79 	 979242.19
-54.7622 	 -29.7158 	 126.78 	 979245.58
-54.7714 	 -29.9094 	 159.51 	 979260.19
-54.1589 	 -31.8731 	 277.06 	 979423.1
-53.5686 	 -30.1672 	 123.07 	 979303.82
-56.3967 	 -30.3811 	 162.49 	 979309.45
-55.8458 	 -29.8061 	 133.35 	 979278.58
-55.8997 	 -29.8375 	 138.27 	 979281.27
-56.0081 	 -29.89 	 149.52 	 979282.53
-56.0336 	 -29.9064 	 128.5 	 979287.9
-56.0767 	 -29.9411 	 175.61 	 979278.53
-56.1308 	 -29.9625 	 200.9 	 979277.45
-56.1092 	 -30.3233 	 249.44 	 979300.83
-54.8083 	 -28.4799 	 272.01 	 979117.51
-54.04 	 -28.1677 	 352.44 	 979082.09
-54.1094 	 -27.9952 	 400.63 	 979057.39
-54.2 	 -27.8313 	 354.04 	 979048.84
-55.1039 	 -28.6041 	 212.34 	 979145.45
-55.7392 	 -28.7505 	 104.42 	 979180.12
-54.5733 	 -28.1816 	 207.24 	 979101.5
-55.5439 	 -28.6122 	 119.66 	 979161.47
-55.62 	 -28.5683 	 133.29 	 979164.6
-54.7067 	 -28.4547 	 261.82 	 979123.2
-54.5686 	 -30.0313 	 181.07 	 979296.13
-53.3939 	 -27.9638 	 515.81 	 979019.84
-54.3542 	 -30.1813 	 138.88 	 979296.38
-54.2966 	 -27.6716 	 301.04 	 979059.79
-53.9219 	 -29.7386 	 156.28 	 979253.44
-53.9778 	 -29.7578 	 122.95 	 979265.47
-53.8972 	 -29.7147 	 83.88 	 979264.07
-55.1314 	 -29.55 	 64.25 	 979236.21
-55.7658 	 -29.2253 	 140.51 	 979208.53
-55.4006 	 -29.35 	 249.57 	 979196.79
-53.9947 	 -28.2938 	 323.45 	 979099.12
-53.473 	 -28.203 	 475.99 	 979051.33
-53.3325 	 -27.9938 	 591.73 	 979015.63
-53.9055 	 -28.253 	 319.97 	 979098.57
-53.8239 	 -28.2444 	 338.39 	 979092.83
-53.8066 	 -29.0591 	 408.88 	 979137.68
-53.973 	 -28.9808 	 508.39 	 979112.24
-55.0117 	 -29.6464 	 112.66 	 979250.92
-54.7939 	 -29.7225 	 128.88 	 979243.84
-54.6286 	 -29.9369 	 187.8 	 979278.61
-54.4158 	 -29.9506 	 186.57 	 979283.05
-56.0811 	 -29.1822 	 94.99 	 979236.28
-56.05 	 -29.3681 	 87.83 	 979245.44
-56.0358 	 -29.15 	 115.69 	 979229.49
-55.7708 	 -29.1256 	 153.58 	 979196.46
-55.3694 	 -30.4056 	 162.35 	 979310.75
-55.6853 	 -30.4572 	 198.48 	 979314.7
-55.5617 	 -30.6194 	 243.62 	 979307.88
-55.5433 	 -30.6825 	 361.43 	 979296.73
-55.7722 	 -30.3894 	 167.57 	 979306.99
-54.0558 	 -30.1311 	 104.26 	 979313.6
-53.8064 	 -30.1431 	 104.97 	 979308.27
-53.9383 	 -30.0728 	 70.53 	 979301.96
-55.7275 	 -29.7881 	 98.14 	 979278.45
-55.7739 	 -29.5764 	 132.97 	 979249.36
-55.8653 	 -29.9158 	 174.75 	 979274.91
-55.3794 	 -30.1064 	 183.45 	 979284.07
-55.4917 	 -30.2208 	 164.88 	 979292.72
-55.725 	 -30.1478 	 143.53 	 979294.6
-53.8194 	 -31.6769 	 209.84 	 979428.0
-53.86 	 -31.4597 	 228.73 	 979397.85
-53.0094 	 -32.0283 	 204.33 	 979443.14
-53.2669 	 -32.0139 	 282.08 	 979435.44
-55.4986 	 -29.7069 	 158.34 	 979263.41
-55.3828 	 -29.8747 	 209.03 	 979259.56
-54.3947 	 -28.4985 	 343.48 	 979105.02
-54.0258 	 -28.6852 	 401.69 	 979102.64
-54.1244 	 -30.1289 	 129.37 	 979304.41
-56.0611 	 -29.7286 	 105.27 	 979275.54
-55.0936 	 -30.2836 	 143.27 	 979310.12
-55.6325 	 -30.3997 	 230.56 	 979297.51
-55.6244 	 -30.4956 	 224.07 	 979303.58
-55.9572 	 -29.8647 	 144.73 	 979281.44
-56.4367 	 -29.4206 	 65.53 	 979259.01
-53.8944 	 -30.0883 	 82.3 	 979297.23
-54.9986 	 -29.8844 	 113.01 	 979271.89
-54.1075 	 -31.6678 	 184.03 	 979424.83
-51.955 	 -30.3011 	 160.58 	 979296.76
-56.2297 	 -29.1731 	 101.15 	 979237.87
-53.1297 	 -32.0539 	 240.67 	 979444.19
-54.758 	 -28.4563 	 292.2 	 979112.86
-55.23 	 -28.8022 	 169.82 	 979179.66
-55.1753 	 -28.3285 	 118.86 	 979137.85
-55.2147 	 -28.1122 	 164.22 	 979116.22
-54.9078 	 -28.4038 	 212.36 	 979125.99
-54.5433 	 -27.9866 	 335.03 	 979062.69
-55.58 	 -28.6933 	 83.72 	 979184.07
-55.5808 	 -28.491 	 93.05 	 979161.51
-53.1053 	 -29.2133 	 170.79 	 979202.25
-53.728 	 -29.2427 	 530.71 	 979126.49
-53.9097 	 -29.3316 	 444.41 	 979149.52
-54.0564 	 -29.3216 	 407.68 	 979163.05
-54.1767 	 -29.4177 	 347.61 	 979184.68
-54.6794 	 -29.6269 	 119.25 	 979246.64
-54.2153 	 -29.5485 	 207.1 	 979223.66
-54.9653 	 -28.2638 	 201.59 	 979116.36
-55.0453 	 -28.0933 	 171.37 	 979110.96
-55.138 	 -27.9141 	 108.82 	 979108.13
-55.3889 	 -28.3172 	 173.44 	 979135.98
-55.5572 	 -28.216 	 137.54 	 979140.44
-55.1003 	 -28.2085 	 175.91 	 979116.4
-55.3086 	 -28.2127 	 127.08 	 979132.87
-54.7705 	 -28.7744 	 296.88 	 979151.95
-54.5222 	 -28.801 	 323.52 	 979151.33
-54.3972 	 -28.4508 	 306.09 	 979107.05
-54.2819 	 -28.6205 	 364.07 	 979121.44
-54.4358 	 -28.7752 	 314.64 	 979148.51
-53.4819 	 -29.4963 	 77.17 	 979238.98
-52.9347 	 -29.9713 	 138.77 	 979287.05
-52.7983 	 -29.6324 	 109.26 	 979247.15
-54.2022 	 -29.8466 	 93.14 	 979275.26
-54.0253 	 -29.7583 	 145.27 	 979260.76
-54.73 	 -30.2294 	 138.09 	 979309.52
-54.2903 	 -29.896 	 165.81 	 979275.67
-53.5336 	 -28.0605 	 551.95 	 979025.64
-53.628 	 -28.0783 	 520.37 	 979038.43
-52.9989 	 -28.0977 	 515.49 	 979034.7
-52.93 	 -29.4883 	 603.49 	 979136.46
-54.1667 	 -30.1461 	 125.59 	 979300.27
-55.4283 	 -28.7213 	 95.21 	 979179.94
-55.6817 	 -28.501 	 112.51 	 979163.84
-53.448 	 -27.7677 	 598.97 	 978990.93
-54.555 	 -28.5455 	 305.73 	 979124.2
-52.6123 	 -29.4296 	 229.9 	 979198.45
-54.0791 	 -28.0022 	 431.55 	 979052.57
-54.4894 	 -28.6099 	 259.81 	 979145.67
-51.5292 	 -29.1846 	 499.08 	 979113.66
-51.5193 	 -29.1958 	 535.27 	 979107.2
-51.5645 	 -28.9841 	 594.37 	 979062.49
-51.4877 	 -29.2088 	 541.01 	 979109.29
-51.4764 	 -29.1999 	 530.29 	 979111.5
-51.4041 	 -29.1995 	 620.76 	 979087.52
-51.3845 	 -29.2133 	 631.16 	 979082.64
-51.3503 	 -29.2159 	 724.65 	 979062.8
-51.3335 	 -29.2219 	 735.71 	 979060.72
-51.3015 	 -29.212 	 760.32 	 979054.87
-51.2713 	 -29.2025 	 746.75 	 979056.42
-51.2456 	 -29.1888 	 709.68 	 979062.18
-51.2194 	 -29.1748 	 763.95 	 979050.03
-51.1853 	 -29.1694 	 764.02 	 979049.12
-51.8289 	 -29.18 	 128.89 	 979179.91
-51.8408 	 -29.1584 	 82.43 	 979190.65
-51.8804 	 -29.1723 	 65.17 	 979195.48
-51.8968 	 -29.2823 	 59.21 	 979201.07
-51.9018 	 -29.2937 	 53.56 	 979205.26
-51.5472 	 -29.0075 	 527.68 	 979075.01
-51.8821 	 -29.8095 	 12.07 	 979266.22
-52.9662 	 -29.4443 	 602.85 	 979131.47
-53.0411 	 -29.3715 	 355.47 	 979174.03
-53.1299 	 -29.2827 	 334.2 	 979174.12
-53.753 	 -27.9605 	 530.61 	 979029.79
-53.8214 	 -27.7666 	 494.09 	 979013.25
-53.8716 	 -27.5888 	 487.05 	 979005.05
-53.2847 	 -28.6322 	 448.09 	 979088.01
-53.1578 	 -28.5458 	 366.29 	 979097.92
-53.6664 	 -27.7527 	 524.89 	 978996.47
-54.59 	 -29.6605 	 156.19 	 979244.08
-53.8539 	 -29.5261 	 458.01 	 979168.04
-55.5233 	 -30.3475 	 263.86 	 979286.03
-53.3519 	 -29.6347 	 48.78 	 979254.55
-52.9619 	 -29.8827 	 72.21 	 979288.07
-54.6433 	 -28.888 	 315.4 	 979160.13
-54.1172 	 -27.4963 	 374.19 	 979019.36
-53.4 	 -28.0713 	 572.28 	 979022.06
-53.2141 	 -27.981 	 567.39 	 979022.75
-54.213 	 -28.9174 	 472.88 	 979112.97
-54.1814 	 -29.1716 	 452.78 	 979137.96
-54.8705 	 -28.1313 	 168.08 	 979114.66
-54.1192 	 -29.7952 	 122.06 	 979270.07
-54.3617 	 -29.3288 	 404.23 	 979159.48
-55.4711 	 -28.7516 	 128.08 	 979176.66
-55.1161 	 -28.0335 	 149.82 	 979111.3
-54.0178 	 -28.2108 	 335.73 	 979093.16
-53.8878 	 -27.4944 	 460.77 	 978998.47
-54.0792 	 -29.8781 	 77.01 	 979290.06
-56.6658 	 -30.1622 	 127.53 	 979302.35
-57.2261 	 -30.0125 	 99.05 	 979300.66
-57.2781 	 -30.0686 	 88.22 	 979307.64
-55.7167 	 -29.4361 	 110.19 	 979242.19
-55.3406 	 -29.4203 	 212.48 	 979208.52
-54.8375 	 -29.7222 	 132.01 	 979239.23
-54.4725 	 -29.9389 	 181.64 	 979281.86
-51.6763 	 -29.3994 	 418.36 	 979142.3
-53.1557 	 -29.3313 	 259.9 	 979192.32
-53.1307 	 -29.3995 	 364.99 	 979176.8
-53.1952 	 -29.374 	 325.55 	 979180.47
-53.0098 	 -29.4824 	 587.42 	 979136.09
-53.0273 	 -29.5497 	 567.89 	 979147.26
-53.1004 	 -29.5158 	 282.16 	 979202.35
-53.1251 	 -29.5607 	 553.64 	 979152.63
-53.1294 	 -29.6355 	 136.07 	 979242.08
-53.3865 	 -29.7224 	 83.56 	 979265.67
-53.1462 	 -29.6957 	 76.45 	 979265.52
-52.936 	 -29.6621 	 84.6 	 979261.33
-52.9607 	 -29.5957 	 144.16 	 979239.53
-52.9612 	 -29.7404 	 77.03 	 979272.55
-53.0417 	 -29.6756 	 164.42 	 979246.03
-53.0606 	 -29.6063 	 567.37 	 979153.05
-53.1155 	 -29.4495 	 434.46 	 979165.06
-53.223 	 -29.4238 	 379.04 	 979171.77
-53.1714 	 -29.4833 	 402.47 	 979177.88
-53.2418 	 -29.4906 	 330.07 	 979186.28
-53.2933 	 -29.5293 	 130.62 	 979226.54
-53.2829 	 -29.5986 	 60.08 	 979248.19
-53.2042 	 -29.6105 	 174.07 	 979232.0
-53.222 	 -29.5523 	 100.73 	 979239.38
-52.9831 	 -29.3509 	 361.18 	 979172.34
-52.9881 	 -29.2932 	 311.44 	 979175.9
-52.9643 	 -29.2349 	 478.96 	 979138.27
-53.0369 	 -29.1964 	 399.46 	 979157.57
-53.2514 	 -29.1555 	 330.58 	 979167.11
-53.2294 	 -29.091 	 319.94 	 979165.04
-53.1925 	 -29.0117 	 339.64 	 979155.23
-53.2851 	 -29.0068 	 391.44 	 979145.68
-53.3506 	 -29.0329 	 418.79 	 979138.41
-53.3104 	 -29.0821 	 356.33 	 979159.15
-53.361 	 -29.1174 	 313.41 	 979169.03
-53.0889 	 -29.1507 	 264.74 	 979181.53
-53.037 	 -29.107 	 362.89 	 979155.74
-53.0272 	 -29.041 	 330.6 	 979157.54
-53.1889 	 -29.2947 	 366.01 	 979168.71
-53.2939 	 -29.3008 	 339.93 	 979170.29
-53.3459 	 -29.3358 	 483.16 	 979143.29
-53.2521 	 -29.3495 	 468.63 	 979144.55
-53.2894 	 -29.3826 	 551.26 	 979133.73
-53.3096 	 -29.4601 	 87.29 	 979230.65
-53.3519 	 -29.422 	 467.73 	 979151.5
-53.3657 	 -29.516 	 110.63 	 979225.19
-53.3502 	 -29.566 	 66.35 	 979241.14
-52.9093 	 -29.3266 	 350.53 	 979174.01
-52.2219 	 -29.7009 	 46.41 	 979258.26
-52.1486 	 -29.6968 	 44.01 	 979256.6
-52.0706 	 -29.7075 	 26.59 	 979259.63
-52.0222 	 -29.6394 	 20.7 	 979260.31
-52.6578 	 -29.6365 	 61.02 	 979261.3
-52.7192 	 -29.5936 	 134.82 	 979243.63
-52.7661 	 -29.5419 	 116.64 	 979232.48
-52.7193 	 -29.4811 	 464.18 	 979164.44
-52.7166 	 -29.422 	 565.93 	 979137.43
-52.6488 	 -29.5053 	 559.69 	 979144.18
-52.6788 	 -29.5551 	 187.52 	 979224.62
-52.5367 	 -29.5963 	 98.92 	 979245.4
-52.5139 	 -29.644 	 99.57 	 979251.19
-52.5924 	 -29.6319 	 59.2 	 979257.53
-52.6162 	 -29.5806 	 276.76 	 979204.96
-52.5792 	 -29.5214 	 144.76 	 979225.79
-51.6898 	 -29.116 	 414.26 	 979125.16
-51.5799 	 -29.2964 	 698.7 	 979077.77
-51.6249 	 -29.3132 	 616.6 	 979098.18
-51.6945 	 -29.3155 	 462.61 	 979131.51
-51.7505 	 -29.3293 	 173.55 	 979186.99
-51.7801 	 -29.3568 	 103.88 	 979201.8
-51.831 	 -29.3703 	 49.05 	 979217.86
-51.8812 	 -29.397 	 43.58 	 979234.18
-51.9119 	 -29.4426 	 56.56 	 979240.37
-51.8558 	 -29.4486 	 53.31 	 979235.13
-51.6701 	 -29.3516 	 539.6 	 979117.23
-51.733 	 -29.3704 	 467.82 	 979131.2
-51.7488 	 -29.3986 	 168.28 	 979189.76
-51.5816 	 -29.1845 	 537.99 	 979107.83
-51.6947 	 -29.1841 	 329.78 	 979145.06
-51.7172 	 -29.1763 	 97.16 	 979187.38
-51.7749 	 -29.1858 	 71.98 	 979193.26
-51.7454 	 -29.1876 	 71.3 	 979192.15
-51.4978 	 -29.1169 	 233.71 	 979158.02
-51.4501 	 -29.1067 	 626.29 	 979074.33
-51.4614 	 -29.0606 	 627.53 	 979066.71
-51.5045 	 -29.038 	 571.62 	 979074.06
-51.4711 	 -29.1634 	 499.32 	 979111.25
-51.4127 	 -29.1365 	 725.72 	 979057.6
-51.376 	 -29.1195 	 496.06 	 979101.24
-52.0151 	 -29.7349 	 17.58 	 979263.27
-52.0853 	 -29.5889 	 66.31 	 979254.32
-52.0263 	 -29.5552 	 76.64 	 979247.03
-51.986 	 -29.5119 	 26.83 	 979252.7
-52.0873 	 -29.4443 	 108.63 	 979229.51
-52.1334 	 -29.4843 	 79.03 	 979238.72
-52.1984 	 -29.4626 	 99.26 	 979225.99
-52.1882 	 -29.5215 	 108.61 	 979233.8
-52.4047 	 -29.643 	 248.39 	 979217.1
-52.4484 	 -29.5795 	 352.14 	 979190.72
-52.4817 	 -29.4929 	 525.64 	 979148.13
-52.4572 	 -29.371 	 333.47 	 979173.77
-52.4821 	 -29.4396 	 167.89 	 979210.91
-52.3732 	 -29.585 	 273.12 	 979204.94
-52.4045 	 -29.5033 	 544.04 	 979144.71
-52.3746 	 -29.4273 	 579.49 	 979132.07
-52.3386 	 -29.5344 	 177.2 	 979217.33
-52.3262 	 -29.6267 	 84.94 	 979245.65
-52.2635 	 -29.5899 	 45.83 	 979249.97
-52.2625 	 -29.53 	 95.35 	 979233.73
-52.27 	 -29.4731 	 504.33 	 979144.73
-52.3187 	 -29.4249 	 599.51 	 979126.56
-52.3689 	 -29.368 	 641.31 	 979113.71
-52.4185 	 -29.3172 	 566.91 	 979122.92
-52.2672 	 -29.3855 	 657.61 	 979109.47
-52.1888 	 -29.4136 	 344.94 	 979173.0
-52.1264 	 -29.3633 	 65.7 	 979223.56
-52.18 	 -29.3356 	 95.95 	 979212.34
-52.26 	 -29.3082 	 204.55 	 979192.81
-52.3417 	 -29.2887 	 350.59 	 979164.11
-53.0294 	 -29.4197 	 400.63 	 979169.26
-52.4269 	 -29.7192 	 77.01 	 979260.29
-51.3757 	 -29.1548 	 609.03 	 979081.85
-51.5778 	 -29.0507 	 185.77 	 979156.79
-51.9783 	 -29.4511 	 68.38 	 979241.88
-51.117 	 -29.5052 	 433.69 	 979157.37
-51.0406 	 -29.3936 	 628.77 	 979105.84
-51.2388 	 -29.2393 	 695.49 	 979070.19
-51.6838 	 -29.1438 	 451.61 	 979121.96
-51.9913 	 -29.3767 	 111.02 	 979218.29
-52.0162 	 -29.3361 	 309.64 	 979169.82
-51.9893 	 -29.0899 	 473.43 	 979123.92
-52.0133 	 -29.0482 	 524.06 	 979113.27
-52.154 	 -29.003 	 456.06 	 979111.35
-52.2087 	 -29.0302 	 477.95 	 979109.79
-52.1756 	 -29.0686 	 543.07 	 979106.32
-52.1214 	 -29.0667 	 505.43 	 979117.33
-52.1023 	 -29.0323 	 420.67 	 979129.12
-52.0248 	 -29.0042 	 459.07 	 979119.11
-52.0057 	 -28.9716 	 410.49 	 979122.95
-51.9638 	 -28.9315 	 288.74 	 979135.44
-51.9455 	 -28.972 	 295.23 	 979146.38
-51.382 	 -29.069 	 280.79 	 979128.72
-51.4174 	 -29.0455 	 558.82 	 979079.32
-51.4094 	 -29.0009 	 639.02 	 979058.13
-51.0111 	 -29.1255 	 818.37 	 979034.5
-51.0581 	 -29.1448 	 760.61 	 979046.75
-51.0899 	 -29.1917 	 490.09 	 979100.99
-51.0427 	 -29.2116 	 599.67 	 979084.67
-50.9965 	 -29.1969 	 737.16 	 979058.31
-51.3216 	 -29.1737 	 569.57 	 979087.86
-51.3301 	 -29.092 	 643.59 	 979067.02
-51.2981 	 -29.1332 	 682.68 	 979061.31
-51.633 	 -29.4896 	 471.24 	 979135.69
-51.6025 	 -29.5274 	 138.78 	 979208.46
-51.6589 	 -29.5267 	 403.02 	 979154.34
-51.7107 	 -29.5436 	 148.83 	 979206.96
-51.7638 	 -29.5486 	 84.76 	 979218.5
-51.8174 	 -29.5526 	 107.47 	 979213.56
-51.2877 	 -29.5227 	 168.13 	 979208.69
-51.2513 	 -29.5402 	 90.64 	 979230.51
-51.2174 	 -29.4719 	 371.77 	 979162.81
-51.276 	 -29.4732 	 90.89 	 979215.26
-51.1828 	 -29.4412 	 533.19 	 979124.06
-51.085 	 -29.3623 	 580.88 	 979109.15
-51.0134 	 -29.3745 	 614.07 	 979103.81
-51.0349 	 -29.3301 	 556.26 	 979108.68
-51.0775 	 -29.2919 	 115.87 	 979184.92
-51.1182 	 -29.3098 	 128.84 	 979184.82
-51.1773 	 -29.392 	 113.46 	 979201.99
-51.9165 	 -29.4881 	 48.29 	 979237.61
-51.8644 	 -29.5078 	 96.33 	 979216.1
-51.8822 	 -29.5603 	 83.71 	 979224.25
-51.8116 	 -29.5053 	 91.75 	 979214.34
-51.7469 	 -29.508 	 138.5 	 979204.7
-51.8073 	 -29.4463 	 102.49 	 979214.88
-51.7934 	 -29.3964 	 467.31 	 979133.84
-51.7473 	 -29.4452 	 97.23 	 979208.52
-51.6812 	 -29.4498 	 99.44 	 979206.71
-51.2607 	 -29.4054 	 51.0 	 979213.02
-51.2193 	 -29.3704 	 60.69 	 979208.35
-51.2455 	 -29.3297 	 95.94 	 979196.16
-51.2423 	 -29.2794 	 586.36 	 979097.49
-51.2158 	 -29.3048 	 659.32 	 979082.56
-51.195 	 -29.2534 	 696.48 	 979071.89
-51.029 	 -29.0103 	 788.52 	 979025.35
-51.0046 	 -29.0434 	 768.95 	 979033.8
-51.2794 	 -29.2575 	 743.15 	 979061.26
-51.5896 	 -29.1142 	 524.43 	 979107.74
-51.6376 	 -29.0904 	 107.9 	 979186.04
-51.655 	 -29.0277 	 208.32 	 979158.23
-51.5816 	 -29.147 	 557.48 	 979100.49
-51.6205 	 -29.1632 	 518.68 	 979110.96
-51.3802 	 -28.9304 	 671.15 	 979042.64
-51.3295 	 -28.9283 	 676.65 	 979040.98
-51.4013 	 -28.9623 	 660.35 	 979048.37
-51.4447 	 -28.9575 	 570.9 	 979059.7
-51.4149 	 -28.9247 	 591.64 	 979054.28
-51.6024 	 -28.8943 	 683.54 	 979040.54
-51.8983 	 -28.8488 	 466.06 	 979086.67
-51.9505 	 -28.8692 	 652.25 	 979050.46
-51.8855 	 -28.8865 	 503.29 	 979085.85
-51.8349 	 -28.8858 	 465.92 	 979096.06
-51.9109 	 -28.9024 	 323.05 	 979124.0
-51.8643 	 -28.928 	 551.06 	 979087.63
-51.8059 	 -28.9474 	 497.28 	 979101.02
-51.6215 	 -29.4031 	 183.13 	 979180.71
-51.6308 	 -29.3622 	 467.53 	 979131.16
-51.5684 	 -29.3516 	 472.29 	 979125.29
-51.5638 	 -29.4105 	 516.45 	 979117.94
-51.6226 	 -29.4504 	 248.78 	 979176.52
-51.5973 	 -29.2474 	 405.26 	 979133.79
-51.6513 	 -29.2289 	 498.18 	 979116.4
-51.6888 	 -29.2732 	 500.02 	 979120.06
-51.695 	 -29.2228 	 516.94 	 979111.42
-51.7526 	 -29.2669 	 171.06 	 979181.71
-51.8247 	 -29.2506 	 67.36 	 979198.82
-51.7748 	 -29.2182 	 442.76 	 979124.23
-51.835 	 -29.2175 	 112.18 	 979183.38
-51.872 	 -29.3402 	 96.77 	 979205.54
-51.8043 	 -29.3151 	 245.5 	 979171.58
-51.9077 	 -29.1255 	 65.92 	 979197.54
-51.9252 	 -29.0769 	 108.04 	 979189.47
-51.9021 	 -29.0265 	 309.62 	 979151.02
-51.853 	 -29.0253 	 499.98 	 979111.21
-51.8042 	 -29.0123 	 571.35 	 979093.18
-51.8108 	 -29.0501 	 566.53 	 979096.99
-51.8522 	 -29.1122 	 396.7 	 979133.09
-51.7778 	 -29.142 	 484.71 	 979111.78
-51.7798 	 -29.078 	 567.54 	 979097.93
-51.8023 	 -29.1061 	 407.06 	 979129.71
-51.7521 	 -29.0311 	 514.09 	 979104.51
-51.7208 	 -29.0559 	 166.21 	 979171.54
-51.6997 	 -28.9923 	 603.29 	 979080.74
-51.752 	 -28.9967 	 127.76 	 979175.65
-51.6628 	 -28.9429 	 646.5 	 979060.83
-51.6291 	 -28.9803 	 518.96 	 979083.47
-52.027 	 -29.2153 	 312.12 	 979163.72
-51.9365 	 -29.1794 	 84.68 	 979198.72
-52.013 	 -29.1443 	 360.0 	 979148.84
-52.0451 	 -29.1151 	 334.3 	 979152.89
-52.0933 	 -29.115 	 342.46 	 979153.64
-52.147 	 -29.1043 	 652.51 	 979090.56
-52.1668 	 -29.1472 	 254.9 	 979175.18
-52.1329 	 -29.1772 	 293.35 	 979168.14
-52.0799 	 -29.1683 	 325.64 	 979159.05
-52.095 	 -29.2065 	 511.41 	 979122.75
-51.5422 	 -28.9356 	 685.78 	 979038.88
-51.6148 	 -28.9191 	 576.84 	 979064.09
-51.9927 	 -29.1859 	 396.62 	 979142.52
-52.0178 	 -29.2457 	 382.52 	 979149.89
-52.0554 	 -29.295 	 82.96 	 979212.3
-52.0727 	 -29.2508 	 330.11 	 979162.62
-51.9361 	 -29.2501 	 454.05 	 979123.28
-52.0002 	 -29.2965 	 269.2 	 979168.16
-51.9381 	 -29.2956 	 201.93 	 979174.73
-51.9613 	 -29.3323 	 242.15 	 979177.04
-51.8676 	 -28.9774 	 454.36 	 979115.99
-51.2266 	 -28.8728 	 773.08 	 979018.28
-51.2488 	 -28.9356 	 685.97 	 979041.54
-51.2865 	 -28.901 	 382.49 	 979092.09
-51.0899 	 -28.9707 	 713.93 	 979041.29
-51.0291 	 -28.9657 	 831.06 	 979013.74
-51.3353 	 -28.9875 	 627.75 	 979060.76
-51.2835 	 -28.9791 	 712.97 	 979045.06
-51.1822 	 -28.993 	 732.79 	 979042.85
-51.23 	 -28.9618 	 729.7 	 979038.84
-51.1886 	 -28.9445 	 314.02 	 979116.76
-51.1369 	 -28.9616 	 686.64 	 979045.78
-51.9715 	 -29.0065 	 432.18 	 979126.24
-51.953 	 -29.0446 	 445.64 	 979126.29
-51.4958 	 -28.9605 	 612.26 	 979056.83
-51.4894 	 -28.9973 	 576.44 	 979068.51
-51.5034 	 -28.9192 	 656.35 	 979043.25
-51.5483 	 -28.8896 	 710.57 	 979031.21
-51.6706 	 -28.9219 	 558.67 	 979077.4
-51.7116 	 -28.9233 	 564.16 	 979080.53
-51.7429 	 -28.9525 	 443.43 	 979109.88
-51.7662 	 -28.9059 	 491.63 	 979096.33
-51.7129 	 -28.8824 	 545.78 	 979082.35
-51.6572 	 -28.8813 	 563.01 	 979072.48
-51.4938 	 -28.8775 	 681.67 	 979033.74
-51.4288 	 -28.8803 	 612.07 	 979048.7
-51.3314 	 -28.8796 	 578.07 	 979054.98
-51.2861 	 -28.8572 	 659.81 	 979037.62
-51.0605 	 -29.2517 	 518.0 	 979106.65
-51.1368 	 -29.2172 	 759.13 	 979053.97
-51.8021 	 -29.1795 	 99.0 	 979189.39
-51.8976 	 -29.1754 	 68.8 	 979196.19
-51.5354 	 -29.262 	 645.73 	 979088.74
-51.496 	 -29.3041 	 689.81 	 979077.92
-51.4393 	 -29.3199 	 326.57 	 979146.01
-51.3978 	 -29.3475 	 138.6 	 979184.95
-51.3651 	 -29.3826 	 94.49 	 979196.41
-51.3504 	 -29.4285 	 58.04 	 979211.2
-51.3537 	 -29.4783 	 31.04 	 979222.73
-51.3568 	 -29.5323 	 25.66 	 979235.28
-51.3546 	 -29.5882 	 45.3 	 979245.35
-51.8789 	 -29.1927 	 108.79 	 979185.24
-51.8888 	 -29.2184 	 63.65 	 979198.0
-51.9201 	 -29.341 	 56.28 	 979216.44
-51.9046 	 -29.3161 	 49.09 	 979210.21
-51.9125 	 -29.361 	 69.44 	 979221.15
-51.9215 	 -29.3776 	 67.34 	 979227.69
-51.9701 	 -29.4376 	 89.51 	 979236.11
-51.4732 	 -29.2548 	 647.8 	 979087.82
-51.4135 	 -29.2418 	 702.6 	 979069.76
-51.34 	 -29.2665 	 716.41 	 979068.78
-51.3428 	 -29.3213 	 348.73 	 979145.04
-51.2623 	 -29.3233 	 499.41 	 979114.59
-51.3062 	 -29.3525 	 519.91 	 979116.35
-51.3104 	 -29.4022 	 206.71 	 979180.92
-51.3051 	 -29.45 	 52.95 	 979217.4
-51.3972 	 -29.2709 	 518.99 	 979106.58
-51.1872 	 -29.0677 	 778.25 	 979036.55
-51.193 	 -29.0207 	 725.93 	 979045.33
-54.0244 	 -29.8075 	 126.12 	 979268.35
-52.9297 	 -29.8546 	 87.91 	 979280.66
-52.8528 	 -29.7527 	 75.24 	 979270.82
-52.9008 	 -29.7905 	 50.59 	 979280.48
-52.843 	 -29.8658 	 97.67 	 979283.36
-52.8186 	 -29.8104 	 90.27 	 979276.7
-52.7406 	 -29.7918 	 112.82 	 979269.0
-52.7651 	 -29.7282 	 49.61 	 979276.68
-52.6882 	 -29.7323 	 34.47 	 979279.17
-52.6661 	 -29.8118 	 78.81 	 979276.43
-52.669 	 -29.8688 	 75.1 	 979284.07
-51.2423 	 -29.0102 	 692.06 	 979053.6
-51.1371 	 -29.0193 	 687.67 	 979052.61
-51.1549 	 -29.1194 	 792.59 	 979037.75
-51.1326 	 -29.0704 	 733.4 	 979044.56
-51.0714 	 -29.0508 	 743.77 	 979039.42
-51.5163 	 -29.354 	 660.49 	 979083.95
-51.4584 	 -29.3682 	 369.69 	 979143.3
-51.4942 	 -29.3955 	 527.76 	 979115.16
-51.4477 	 -29.4086 	 355.28 	 979150.22
-51.417 	 -29.4496 	 332.57 	 979158.62
-51.4195 	 -29.5044 	 31.99 	 979226.66
-51.4148 	 -29.5521 	 46.94 	 979232.69
-51.4801 	 -29.5521 	 39.92 	 979232.92
-51.5404 	 -29.574 	 32.11 	 979236.86
-51.5445 	 -29.5207 	 128.36 	 979210.15
-51.0813 	 -29.5424 	 472.76 	 979154.16
-51.0143 	 -29.476 	 651.74 	 979109.43
-51.019 	 -29.5236 	 711.97 	 979101.43
-51.1005 	 -29.4517 	 111.09 	 979213.48
-51.0387 	 -29.4253 	 582.86 	 979117.56
-51.0773 	 -29.3998 	 573.4 	 979116.26
-51.0338 	 -29.3519 	 587.59 	 979105.16
-51.5074 	 -29.441 	 484.51 	 979130.18
-51.5239 	 -29.4896 	 205.8 	 979192.85
-51.4719 	 -29.4972 	 128.35 	 979208.48
-51.5829 	 -29.4857 	 371.83 	 979155.61
-51.2483 	 -29.1537 	 586.38 	 979081.11
-51.2154 	 -29.1236 	 705.13 	 979055.54
-51.2573 	 -29.0914 	 691.55 	 979056.37
-51.2374 	 -29.0516 	 607.95 	 979070.89
-51.2902 	 -29.064 	 754.49 	 979041.8
-51.3069 	 -29.0294 	 630.87 	 979067.66
-51.3668 	 -29.0127 	 207.26 	 979137.59
-51.5413 	 -29.1294 	 569.09 	 979101.02
-51.5879 	 -29.0754 	 493.85 	 979103.42
-51.8587 	 -29.0696 	 508.6 	 979110.49
-51.9409 	 -29.2061 	 88.19 	 979198.17
-51.9609 	 -29.1302 	 483.42 	 979120.84
-52.0696 	 -29.0574 	 507.06 	 979115.9
-51.3825 	 -28.8875 	 664.33 	 979039.19
-51.1928 	 -28.9084 	 707.3 	 979037.93
-51.5844 	 -29.059 	 377.44 	 979122.57
-51.5547 	 -29.0002 	 571.13 	 979068.87
-51.5652 	 -29.0083 	 415.35 	 979099.65
-51.5668 	 -29.035 	 206.68 	 979143.12
-51.5609 	 -29.0838 	 584.48 	 979090.2
-51.129 	 -29.168 	 747.53 	 979051.56
-51.0016 	 -29.244 	 726.14 	 979066.08
-52.8438 	 -28.3353 	 497.53 	 979065.47
-53.03 	 -28.3876 	 530.09 	 979051.21
-51.6715 	 -28.1666 	 752.05 	 978967.58
-51.7287 	 -28.1109 	 742.69 	 978968.23
-51.7787 	 -27.9939 	 674.4 	 978965.43
-51.8731 	 -27.9564 	 613.68 	 978982.76
-51.9466 	 -27.9568 	 599.75 	 978988.38
-52.3463 	 -28.1976 	 716.08 	 979004.58
-52.2914 	 -28.1299 	 709.6 	 978997.31
-52.2616 	 -28.0649 	 696.59 	 978995.95
-52.2326 	 -28.0039 	 665.64 	 978996.61
-52.2184 	 -27.9444 	 674.15 	 978987.97
-52.0298 	 -27.954 	 571.8 	 978997.29
-52.5876 	 -29.882 	 47.74 	 979285.91
-52.5088 	 -29.8891 	 37.39 	 979284.98
-52.5897 	 -29.8322 	 78.45 	 979276.43
-52.6184 	 -29.764 	 35.71 	 979280.98
-52.4269 	 -29.7183 	 72.54 	 979260.99
-52.5388 	 -29.7762 	 33.6 	 979279.03
-52.4645 	 -29.7845 	 32.3 	 979278.48
-52.4929 	 -29.8308 	 60.68 	 979275.73
-52.4656 	 -29.9463 	 109.77 	 979270.45
-52.4061 	 -29.8036 	 60.46 	 979271.16
-52.4501 	 -29.8894 	 91.27 	 979270.98
-52.3105 	 -29.8728 	 84.62 	 979266.03
-52.3008 	 -29.93 	 36.3 	 979282.95
-52.2202 	 -29.944 	 82.72 	 979281.38
-52.8371 	 -29.2798 	 532.85 	 979132.43
-52.865 	 -29.2155 	 520.8 	 979126.61
-52.7776 	 -29.2291 	 628.96 	 979109.45
-52.7552 	 -29.1693 	 668.94 	 979095.73
-52.7889 	 -29.1157 	 644.25 	 979096.05
-52.7317 	 -29.0958 	 679.76 	 979086.54
-52.7642 	 -29.0422 	 598.28 	 979095.07
-52.6888 	 -29.0388 	 708.04 	 979077.47
-52.9169 	 -29.276 	 463.46 	 979144.34
-52.9324 	 -29.1864 	 466.5 	 979137.18
-52.8209 	 -29.1742 	 618.78 	 979103.78
-52.8737 	 -29.1269 	 511.87 	 979123.14
-52.9545 	 -29.104 	 317.8 	 979163.23
-52.8345 	 -29.0699 	 554.02 	 979108.46
-52.8188 	 -29.0055 	 609.85 	 979092.65
-52.8837 	 -29.0065 	 633.14 	 979090.82
-52.9527 	 -29.0257 	 504.65 	 979119.74
-52.9405 	 -29.4014 	 578.03 	 979134.51
-52.8663 	 -29.4013 	 606.53 	 979131.1
-52.8257 	 -29.3592 	 458.4 	 979158.3
-52.7598 	 -29.3338 	 360.22 	 979174.01
-52.7953 	 -29.4332 	 547.29 	 979138.87
-52.8015 	 -29.5015 	 97.47 	 979229.82
-52.8847 	 -29.4603 	 231.09 	 979207.77
-53.0085 	 -29.9569 	 51.74 	 979301.52
-53.242 	 -29.9428 	 43.65 	 979296.99
-53.3617 	 -29.8758 	 102.45 	 979278.43
-53.0448 	 -29.7983 	 68.71 	 979281.82
-53.1059 	 -29.8505 	 40.07 	 979290.29
-53.3172 	 -29.7879 	 59.36 	 979274.94
-53.2649 	 -29.8485 	 64.93 	 979283.71
-53.1792 	 -29.8368 	 91.27 	 979280.37
-53.2211 	 -29.7792 	 64.57 	 979279.33
-53.1325 	 -29.7941 	 59.82 	 979283.62
-52.8305 	 -29.9179 	 73.1 	 979293.1
-52.7545 	 -29.8526 	 91.39 	 979278.33
-52.9011 	 -29.9054 	 114.75 	 979285.27
-54.4004 	 -27.9869 	 365.67 	 979055.83
-54.4199 	 -27.9633 	 373.94 	 979050.59
-54.4301 	 -27.9443 	 335.68 	 979058.41
-54.4749 	 -27.9011 	 271.12 	 979073.36
-53.4936 	 -27.2068 	 219.16 	 979008.88
-49.9833 	 -28.7839 	 1071.38 	 978951.58
-51.6539 	 -30.7722 	 41.6 	 979387.63
-51.9728 	 -30.9586 	 37.61 	 979400.29
-52.0525 	 -31.0131 	 38.8 	 979406.87
-50.8537 	 -29.9236 	 40.56 	 979284.75
-50.6598 	 -29.8865 	 27.37 	 979283.4
-50.5589 	 -29.8839 	 29.3 	 979283.15
-50.4472 	 -29.8848 	 18.11 	 979285.85
-50.3613 	 -29.892 	 16.1 	 979280.68
-50.1836 	 -29.6944 	 12.11 	 979257.13
-49.7372 	 -29.3319 	 7.16 	 979220.65
-49.9272 	 -29.4559 	 15.92 	 979229.82
-49.7859 	 -29.3414 	 18.94 	 979222.09
-52.3561 	 -29.7139 	 190.15 	 979234.17
-52.3491 	 -29.7621 	 215.42 	 979236.36
-52.3141 	 -29.8162 	 114.02 	 979256.46
-52.1538 	 -29.8266 	 69.33 	 979266.43
-52.073 	 -29.8192 	 67.15 	 979265.9
-52.0 	 -29.8334 	 83.7 	 979261.5
-51.9087 	 -29.8546 	 85.65 	 979259.49
-51.8387 	 -29.9077 	 69.87 	 979282.97
-50.7593 	 -29.9078 	 399.87 	 979285.39
-49.8573 	 -29.4097 	 5.76 	 979227.44
-50.1153 	 -29.649 	 15.38 	 979250.29
-55.934 	 -28.6632 	 89.14 	 979186.31
-56.0559 	 -28.8203 	 103.04 	 979198.2
-52.9789 	 -27.8985 	 522.81 	 979009.07
-54.2987 	 -27.7746 	 316.05 	 979061.01
-52.1796 	 -27.9207 	 659.56 	 978984.41
-53.9817 	 -28.3903 	 352.38 	 979101.66
-54.4342 	 -28.3988 	 224.72 	 979117.95
-53.3361 	 -28.3862 	 513.04 	 979054.29
-53.387 	 -28.378 	 519.0 	 979052.2
-53.6175 	 -28.3202 	 410.75 	 979083.68
-55.6321 	 -28.5878 	 138.46 	 979170.99
-55.7085 	 -28.6073 	 80.18 	 979185.23
-55.0798 	 -28.428 	 192.28 	 979134.74
-55.1517 	 -28.4683 	 159.81 	 979139.37
-56.0314 	 -28.7506 	 97.87 	 979194.34
-56.1443 	 -28.9676 	 83.47 	 979221.0
-56.1992 	 -29.0248 	 82.82 	 979228.82
-53.0154 	 -27.8498 	 490.72 	 979016.48
-52.8945 	 -28.0006 	 601.51 	 979006.95
-52.869 	 -28.0591 	 511.57 	 979032.8
-52.8499 	 -28.1233 	 585.51 	 979029.82
-54.2089 	 -27.7397 	 324.84 	 979056.25
-54.2931 	 -28.2776 	 269.04 	 979100.84
-50.1629 	 -28.7053 	 1149.11 	 978934.01
-50.2664 	 -28.6959 	 1044.63 	 978947.3
-50.3466 	 -28.6576 	 1071.27 	 978934.01
-50.5296 	 -28.6374 	 1031.19 	 978940.07
-50.9935 	 -28.449 	 907.44 	 978963.95
-51.0539 	 -28.3962 	 887.57 	 978964.71
-51.1996 	 -28.325 	 963.95 	 978951.02
-51.2877 	 -28.3295 	 843.74 	 978971.64
-51.3691 	 -28.3051 	 832.98 	 978966.8
-52.4823 	 -28.2247 	 663.1 	 979024.67
-52.5603 	 -28.2423 	 569.42 	 979049.75
-52.6192 	 -28.268 	 597.42 	 979045.17
-56.328 	 -29.1387 	 71.18 	 979244.01
-56.4129 	 -29.1649 	 99.9 	 979236.37
-56.5485 	 -29.1601 	 78.65 	 979240.2
-56.4888 	 -29.1667 	 81.08 	 979242.98
-56.2554 	 -29.0811 	 77.79 	 979239.76
-53.2492 	 -27.1967 	 242.65 	 979001.2
-53.2644 	 -27.1898 	 228.0 	 979003.22
-53.3425 	 -27.2492 	 264.19 	 979004.91
-53.3675 	 -27.301 	 507.74 	 978963.1
-53.3964 	 -27.3576 	 552.73 	 978960.96
-53.415 	 -27.407 	 550.36 	 978965.77
-53.4078 	 -27.4586 	 546.24 	 978974.4
-53.3997 	 -27.4842 	 558.17 	 978975.59
-53.3756 	 -27.5256 	 552.15 	 978983.11
-53.3521 	 -27.5755 	 565.94 	 978986.83
-53.3433 	 -27.6017 	 572.6 	 978987.78
-53.3403 	 -27.6225 	 584.69 	 978987.43
-52.925 	 -27.9433 	 505.68 	 979014.42
-53.3222 	 -27.6529 	 583.61 	 978990.35
-53.2977 	 -27.7009 	 557.93 	 979001.43
-53.273 	 -27.7113 	 504.25 	 979014.15
-53.2325 	 -27.7275 	 502.69 	 979014.64
-53.1911 	 -27.7422 	 481.85 	 979018.88
-52.9047 	 -27.9775 	 609.95 	 978999.09
-52.8308 	 -28.1856 	 551.17 	 979041.51
-52.8094 	 -28.2382 	 508.85 	 979055.22
-52.7772 	 -28.2778 	 614.23 	 979039.52
-52.7872 	 -28.28 	 608.03 	 979041.33
-52.7883 	 -28.2856 	 611.34 	 979041.61
-54.4923 	 -27.8515 	 313.08 	 979065.5
-54.4836 	 -27.8661 	 276.91 	 979073.61
-54.4678 	 -27.8611 	 314.35 	 979066.0
-54.4003 	 -27.82 	 311.66 	 979065.79
-54.3624 	 -27.7756 	 217.48 	 979083.01
-54.2348 	 -27.7789 	 372.79 	 979047.49
-53.9692 	 -27.7089 	 460.56 	 979024.04
-54.0166 	 -27.6897 	 420.94 	 979032.24
-53.4031 	 -27.4797 	 552.94 	 978976.14
-53.462 	 -27.4913 	 358.36 	 979011.14
-53.488 	 -27.5241 	 525.77 	 978981.44
-53.5081 	 -27.5503 	 413.25 	 979005.26
-53.5369 	 -27.5835 	 459.81 	 978997.54
-53.5853 	 -27.6209 	 480.57 	 978994.53
-53.6385 	 -27.6612 	 553.49 	 978983.03
-53.6342 	 -27.6615 	 548.87 	 978984.05
-53.7172 	 -27.6353 	 467.14 	 979000.69
-53.7401 	 -27.6151 	 437.88 	 979006.95
-53.7889 	 -27.6542 	 427.76 	 979014.93
-53.8033 	 -27.6758 	 444.21 	 979013.76
-53.9803 	 -27.6827 	 492.9 	 979007.26
-53.8414 	 -27.735 	 506.96 	 979007.65
-53.9092 	 -27.7342 	 451.95 	 979021.32
-54.1111 	 -27.6689 	 299.13 	 979057.2
-54.1101 	 -27.6661 	 300.59 	 979056.66
-54.13 	 -27.6912 	 262.3 	 979066.63
-54.1728 	 -27.7105 	 245.41 	 979072.3
-54.2684 	 -28.359 	 223.25 	 979110.87
-54.2651 	 -28.3138 	 269.43 	 979099.31
-54.3094 	 -28.2431 	 306.42 	 979089.54
-54.3168 	 -28.215 	 351.57 	 979080.32
-54.3259 	 -28.1638 	 307.31 	 979086.87
-54.3386 	 -28.1074 	 366.18 	 979071.36
-54.3488 	 -28.081 	 362.72 	 979068.5
-54.357 	 -28.0363 	 405.58 	 979054.97
-56.695 	 -29.4189 	 71.46 	 979261.1
-56.6431 	 -29.3617 	 76.69 	 979254.62
-56.5928 	 -29.2914 	 87.75 	 979252.43
-56.5475 	 -29.1694 	 75.15 	 979242.57
-57.0011 	 -29.7597 	 94.78 	 979289.04
-56.9233 	 -29.7078 	 90.82 	 979279.19
-56.8958 	 -29.6611 	 68.69 	 979281.6
-56.8575 	 -29.5789 	 78.72 	 979274.62
-56.805 	 -29.54 	 83.9 	 979271.17
-56.7 	 -29.5039 	 90.29 	 979263.04
-50.0643 	 -28.7474 	 1192.49 	 978931.52
-50.2397 	 -29.8086 	 14.26 	 979269.12
-50.1744 	 -29.7781 	 19.71 	 979265.7
-50.0656 	 -29.5805 	 17.45 	 979241.85
-49.9743 	 -29.4881 	 7.26 	 979231.99
-50.8731 	 -28.5133 	 974.83 	 978945.87
-50.0642 	 -28.7483 	 1192.34 	 978931.68
-50.0896 	 -28.7452 	 1195.06 	 978930.0
-50.6268 	 -28.6495 	 1038.41 	 978939.36
-50.7022 	 -28.6085 	 1004.7 	 978949.0
-50.7854 	 -28.5579 	 973.36 	 978957.0
-51.1244 	 -28.355 	 918.3 	 978963.84
-51.4633 	 -28.2894 	 852.04 	 978955.06
-51.5203 	 -28.2103 	 826.41 	 978947.38
-52.4064 	 -28.2623 	 688.12 	 979016.29
-52.7153 	 -28.2886 	 568.35 	 979050.88
-52.9286 	 -28.3453 	 528.22 	 979051.5
-52.9774 	 -28.366 	 547.95 	 979045.22
-53.1102 	 -28.4122 	 492.59 	 979060.48
-53.1865 	 -28.4328 	 464.73 	 979065.39
-53.2538 	 -28.3668 	 535.82 	 979047.02
-52.3841 	 -28.2262 	 705.21 	 979009.02
-52.1127 	 -27.9296 	 519.83 	 979009.96
-54.0656 	 -28.3836 	 321.75 	 979097.98
-54.1663 	 -28.3738 	 298.63 	 979093.53
-54.2619 	 -28.3778 	 264.63 	 979101.73
-54.3405 	 -28.3943 	 251.07 	 979108.1
-54.5288 	 -28.4038 	 247.75 	 979121.48
-54.587 	 -28.409 	 245.92 	 979124.94
-54.6789 	 -28.4026 	 195.8 	 979135.34
-54.7774 	 -28.4157 	 268.26 	 979117.67
-54.87 	 -28.4193 	 257.51 	 979117.65
-53.9492 	 -28.3935 	 315.34 	 979111.72
-53.4406 	 -28.3608 	 510.76 	 979053.47
-53.5285 	 -28.3455 	 492.53 	 979062.63
-53.7036 	 -28.3453 	 397.2 	 979093.3
-53.7739 	 -28.3658 	 442.52 	 979085.94
-53.8706 	 -28.3768 	 328.72 	 979110.45
-54.9605 	 -28.4074 	 266.29 	 979118.58
-54.9733 	 -28.4155 	 218.46 	 979129.7
-55.2308 	 -28.4881 	 195.37 	 979134.82
-55.3367 	 -28.4942 	 135.84 	 979147.46
-55.4101 	 -28.4944 	 152.37 	 979141.48
-55.4808 	 -28.5103 	 117.88 	 979150.19
-55.5153 	 -28.5231 	 103.87 	 979155.63
-55.5673 	 -28.5507 	 133.81 	 979153.88
-55.7701 	 -28.6288 	 81.13 	 979182.04
-55.8612 	 -28.648 	 100.53 	 979181.99
-55.9947 	 -28.6846 	 98.04 	 979186.38
-56.0063 	 -28.6603 	 104.72 	 979183.94
-55.9622 	 -28.6932 	 109.51 	 979183.87
-54.9857 	 -28.3987 	 242.26 	 979124.02
-56.0754 	 -28.8427 	 90.49 	 979203.51
-56.0909 	 -28.901 	 89.09 	 979212.41
-54.2214 	 -29.2841 	 440.54 	 979155.06
-55.1583 	 -29.3217 	 290.54 	 979187.72
-53.6597 	 -30.1897 	 121.97 	 979290.41
-51.5441 	 -29.1052 	 610.72 	 979088.09
-54.0619 	 -27.4891 	 240.72 	 979041.98
-49.8838 	 -28.4671 	 1117.24 	 978915.15
-50.1213 	 -28.8895 	 1117.71 	 978960.46
-50.1205 	 -29.1282 	 1038.56 	 978997.77
-50.1009 	 -29.3617 	 1000.51 	 979023.23
-50.3729 	 -29.1288 	 842.01 	 979035.86
-50.4594 	 -28.8664 	 643.86 	 979046.58
-50.063 	 -28.7496 	 1189.65 	 978932.34
-51.5128 	 -28.2224 	 845.56 	 978944.27
-51.8085 	 -27.9505 	 653.47 	 978968.75
-51.3431 	 -30.1011 	 11.11 	 979313.12
-51.4061 	 -30.2422 	 42.35 	 979332.14
-51.4369 	 -30.3931 	 41.47 	 979350.68
-51.4969 	 -30.5189 	 89.55 	 979354.11
-51.5533 	 -30.5872 	 79.36 	 979367.4
-51.3303 	 -30.0414 	 11.71 	 979307.42
-51.3789 	 -30.1669 	 26.73 	 979317.17
-51.4175 	 -30.31 	 53.04 	 979339.68
-51.4942 	 -30.4633 	 63.23 	 979356.53
-51.5381 	 -30.5908 	 101.08 	 979357.05
-51.5869 	 -30.7117 	 41.11 	 979382.17
-51.7175 	 -30.6614 	 34.22 	 979391.48
-51.8917 	 -30.9169 	 38.21 	 979395.47
-52.0339 	 -31.0969 	 59.04 	 979410.79
-52.0311 	 -31.1472 	 45.89 	 979417.87
-51.9956 	 -31.2436 	 41.41 	 979422.99
-53.1424 	 -27.7476 	 372.06 	 979039.86
-53.1191 	 -27.7589 	 350.05 	 979043.04
-53.055 	 -27.7995 	 352.02 	 979044.12
-53.0393 	 -27.8145 	 461.1 	 979022.73
-52.9162 	 -27.9533 	 510.5 	 979014.58
-52.2997 	 -31.6075 	 32.87 	 979454.24
-52.3992 	 -31.7425 	 28.55 	 979463.83
-52.5114 	 -32.1911 	 15.83 	 979503.91
-52.9761 	 -32.1606 	 64.0 	 979488.53
-53.5089 	 -31.8739 	 305.89 	 979404.82
-53.1367 	 -32.3164 	 55.22 	 979506.88
-53.2722 	 -32.4517 	 37.26 	 979517.12
-54.1675 	 -31.8658 	 271.38 	 979421.8
-54.1568 	 -31.8138 	 157.0 	 979428.01
-53.4817 	 -31.5394 	 411.22 	 979370.36
-53.7725 	 -31.3981 	 269.74 	 979391.76
-54.9444 	 -30.8581 	 179.64 	 979360.79
-55.6836 	 -30.785 	 319.39 	 979317.29
-55.93 	 -30.6208 	 211.96 	 979318.87
-56.4633 	 -30.0069 	 155.4 	 979280.24
-56.6144 	 -29.9442 	 152.11 	 979276.33
-56.8833 	 -29.8653 	 166.17 	 979279.63
-56.97 	 -29.8311 	 127.47 	 979284.2
-56.1539 	 -29.9811 	 194.28 	 979279.96
-56.2067 	 -30.0122 	 187.02 	 979281.62
-56.305 	 -30.015 	 196.13 	 979276.41
-56.3678 	 -30.0131 	 186.65 	 979275.04
-57.0878 	 -29.7486 	 71.88 	 979292.51
-54.67274 	 -29.66637 	 130.041 	 979248.77
-53.7168 	 -29.71085 	 95.244 	 979261.05
-54.50916 	 -29.07518 	 396.494 	 979144.05
-56.51005 	 -29.16373 	 79.25 	 979240.65
-53.55368 	 -32.24912 	 148.49 	 979472.75
-51.43076 	 -30.37264 	 35.535 	 979350.82
-56.05474 	 -30.17791 	 239.91 	 979272.73
-51.95805 	 -30.12848 	 88.165 	 979294.8
-53.77509 	 -29.69537 	 125.278 	 979248.29
-57.0138 	 -29.79366 	 85.951 	 979294.47
-56.58175 	 -29.26203 	 95.107 	 979246.76
-52.02279 	 -31.31406 	 37.898 	 979424.98
-53.38267 	 -33.74727 	 17.652 	 979647.24
-53.3789 	 -33.74544 	 20.645 	 979646.5
-52.91047 	 -32.09868 	 70.735 	 979481.25
-52.40237 	 -29.68951 	 193.421 	 979232.21
-52.44883 	 -29.73765 	 104.594 	 979256.33
-53.40567 	 -27.16407 	 234.11 	 979002.09
-54.13932 	 -31.26524 	 313.451 	 979350.51
-55.50201 	 -30.85824 	 213.375 	 979342.95
-51.34804 	 -29.22441 	 772.146 	 979054.81
-50.98755 	 -29.14 	 831.143 	 979032.64
-51.85774 	 -29.16303 	 63.46 	 979192.78
-50.2419 	 -29.89459 	 24.454 	 979273.43
-52.85949 	 -29.70025 	 134.924 	 979250.28
-52.9124 	 -30.04538 	 67.731 	 979309.53
-51.52914 	 -29.27031 	 686.433 	 979081.8
-54.95088 	 -30.24159 	 151.443 	 979307.71
