LONG(deg) 	 LAT(deg) 	 ALT_GEOM(m) 	 GRAV(mGal)
-48.6465 	 -26.7711 	 11.94 	 979044.96
-48.892 	 -27.2905 	 25.17 	 979056.66
-48.8917 	 -27.1634 	 101.93 	 979028.81
-48.931 	 -26.9477 	 20.18 	 979039.23
-48.699 	 -28.2951 	 3.07 	 979172.08
-48.4973 	 -27.5569 	 31.28 	 979112.28
-48.4782 	 -27.4763 	 29.55 	 979102.27
-48.4829 	 -27.5088 	 38.93 	 979106.22
-48.5316 	 -27.4474 	 29.62 	 979087.45
-48.4744 	 -27.4304 	 59.44 	 979093.76
-48.443 	 -27.429 	 30.56 	 979103.33
-48.4856 	 -27.6864 	 35.46 	 979125.59
-48.5042 	 -27.7169 	 33.23 	 979132.49
-48.5103 	 -27.7499 	 31.65 	 979133.23
-48.5081 	 -27.7821 	 29.56 	 979134.49
-48.536 	 -27.7963 	 51.35 	 979127.99
-48.4339 	 -27.3946 	 30.07 	 979104.44
-48.4132 	 -27.4043 	 29.2 	 979111.28
-48.5301 	 -27.4845 	 108.86 	 979079.12
-48.5649 	 -27.8034 	 47.71 	 979129.24
-48.5648 	 -27.8191 	 52.57 	 979128.91
-48.6771 	 -27.671 	 6.9 	 979100.81
-48.7467 	 -28.4057 	 32.62 	 979174.66
-49.6299 	 -28.2458 	 1379.2 	 978850.86
-49.6267 	 -28.2956 	 1396.44 	 978848.11
-49.5989 	 -28.2295 	 1320.56 	 978857.87
-49.5807 	 -28.2108 	 1355.24 	 978850.39
-49.6478 	 -28.175 	 1544.21 	 978808.76
-48.8859 	 -26.6959 	 131.34 	 979019.74
-49.2733 	 -26.5505 	 305.69 	 978952.85
-48.7909 	 -27.1089 	 205.41 	 979009.53
-48.7879 	 -27.5372 	 29.77 	 979078.7
-48.8665 	 -27.8979 	 840.18 	 978939.97
-49.3662 	 -27.2938 	 452.02 	 978972.82
-49.1288 	 -27.1508 	 365.58 	 978972.53
-49.7145 	 -27.5346 	 452.65 	 978978.18
-49.8709 	 -27.4541 	 500.49 	 978963.75
-49.9616 	 -27.0525 	 621.16 	 978925.97
-50.2104 	 -27.1117 	 688.67 	 978907.74
-49.6253 	 -26.8852 	 513.34 	 978931.82
-49.5309 	 -26.6112 	 825.41 	 978853.65
-50.6234 	 -27.8863 	 949.25 	 978902.54
-50.317 	 -28.1399 	 1163.47 	 978867.86
-50.6048 	 -28.3662 	 988.19 	 978930.3
-49.8797 	 -28.0341 	 1329.77 	 978829.57
-49.8678 	 -29.0459 	 111.8 	 979168.41
-48.7715 	 -28.0555 	 37.14 	 979127.46
-48.7771 	 -28.1086 	 38.53 	 979133.63
-48.8139 	 -28.1356 	 44.66 	 979129.5
-48.8368 	 -28.1524 	 111.74 	 979113.09
-48.7791 	 -28.1439 	 38.3 	 979139.61
-48.7206 	 -27.4466 	 46.62 	 979076.89
-48.7577 	 -27.4718 	 59.19 	 979077.35
-48.7605 	 -27.4425 	 56.99 	 979074.63
-48.7949 	 -27.4093 	 455.31 	 978988.52
-48.7981 	 -27.4821 	 79.6 	 979074.8
-48.814 	 -27.4417 	 158.28 	 979046.82
-48.9836 	 -27.3458 	 314.88 	 978998.58
-48.8714 	 -28.0973 	 631.96 	 979006.12
-48.8609 	 -28.0697 	 630.07 	 979003.18
-48.9288 	 -28.0531 	 342.4 	 979057.71
-48.8929 	 -28.054 	 467.22 	 979033.15
-48.8983 	 -28.0238 	 354.66 	 979053.12
-48.874 	 -28.0072 	 421.03 	 979040.3
-48.8638 	 -27.9948 	 543.73 	 979014.56
-48.8944 	 -27.9945 	 418.9 	 979036.9
-48.6219 	 -27.2522 	 28.85 	 979066.32
-48.719 	 -27.3073 	 46.01 	 979062.57
-48.7997 	 -27.3072 	 58.37 	 979061.08
-48.8046 	 -27.3359 	 328.25 	 979004.28
-48.7864 	 -27.3245 	 258.62 	 979018.21
-48.8368 	 -27.351 	 243.51 	 979021.95
-48.6221 	 -27.5389 	 29.83 	 979097.25
-48.6502 	 -27.564 	 79.93 	 979087.26
-48.905 	 -27.8627 	 659.04 	 978978.92
-48.8982 	 -27.9018 	 592.91 	 978993.96
-48.8685 	 -27.8987 	 885.02 	 978936.46
-48.8517 	 -27.9007 	 888.16 	 978934.9
-48.8626 	 -27.9151 	 875.1 	 978941.18
-48.8909 	 -27.9389 	 926.55 	 978932.83
-48.8519 	 -27.9368 	 801.53 	 978957.14
-48.8329 	 -27.9351 	 962.69 	 978922.93
-48.7185 	 -27.4129 	 59.42 	 979069.18
-48.7281 	 -27.3662 	 57.7 	 979065.55
-48.7746 	 -27.3699 	 362.95 	 979003.63
-48.787 	 -27.3799 	 375.17 	 979000.61
-48.859 	 -27.4053 	 342.79 	 979002.25
-48.8477 	 -27.4736 	 490.16 	 978985.29
-48.7283 	 -28.0222 	 105.66 	 979115.71
-48.8061 	 -28.0772 	 181.47 	 979095.68
-48.8024 	 -28.1015 	 50.3 	 979126.81
-48.6743 	 -28.0664 	 35.65 	 979145.61
-48.6443 	 -28.0517 	 37.15 	 979142.33
-48.6227 	 -28.0585 	 31.62 	 979148.89
-48.6107 	 -28.03 	 170.0 	 979118.18
-48.6462 	 -28.0263 	 37.39 	 979144.5
-48.5456 	 -27.6634 	 32.6 	 979119.52
-48.4717 	 -27.6049 	 35.82 	 979123.27
-48.4499 	 -27.6278 	 35.02 	 979127.17
-48.4117 	 -27.5142 	 34.41 	 979120.6
-48.4174 	 -27.4784 	 47.26 	 979112.06
-48.3766 	 -27.4439 	 31.43 	 979117.13
-48.6408 	 -27.9775 	 34.17 	 979140.34
-48.6244 	 -27.9606 	 49.66 	 979138.67
-48.6256 	 -27.9478 	 51.19 	 979135.71
-48.5231 	 -27.6853 	 30.36 	 979128.66
-48.5506 	 -27.6992 	 30.98 	 979123.89
-48.5633 	 -27.7181 	 40.41 	 979120.45
-48.5594 	 -27.7475 	 36.25 	 979125.33
-48.5744 	 -27.7778 	 30.81 	 979126.81
-48.7433 	 -27.5104 	 42.56 	 979082.76
-48.7676 	 -27.5177 	 51.67 	 979080.72
-48.8093 	 -27.5223 	 54.28 	 979080.61
-48.8566 	 -27.5364 	 99.56 	 979070.4
-48.8886 	 -27.5343 	 331.02 	 979022.35
-48.91 	 -27.5456 	 603.0 	 978967.28
-48.9006 	 -27.5939 	 491.43 	 979001.28
-48.8639 	 -27.5864 	 370.35 	 979025.87
-48.8437 	 -27.5754 	 327.12 	 979034.93
-48.8081 	 -27.574 	 249.03 	 979047.54
-48.7716 	 -27.5641 	 215.25 	 979053.56
-48.735 	 -27.5773 	 168.51 	 979065.71
-48.9333 	 -27.7656 	 287.91 	 979043.61
-48.9369 	 -27.8044 	 789.61 	 978945.71
-48.9142 	 -27.8144 	 847.37 	 978932.88
-48.8106 	 -27.7294 	 223.75 	 979052.58
-48.7903 	 -27.7558 	 320.28 	 979037.37
-48.8058 	 -27.7744 	 323.33 	 979038.13
-48.8272 	 -27.7961 	 345.39 	 979030.2
-48.8547 	 -27.8197 	 425.51 	 979015.14
-48.9188 	 -27.3741 	 67.63 	 979055.3
-48.8621 	 -27.3047 	 50.05 	 979062.63
-48.9479 	 -27.301 	 64.83 	 979048.44
-48.9837 	 -27.3134 	 87.07 	 979039.16
-49.0308 	 -27.3233 	 108.03 	 979033.77
-49.0247 	 -27.3466 	 244.32 	 979008.88
-48.745 	 -27.7314 	 259.64 	 979047.79
-48.7194 	 -27.7197 	 36.06 	 979092.15
-48.6886 	 -27.71 	 63.45 	 979089.54
-48.6194 	 -27.7542 	 55.28 	 979111.02
-48.6739 	 -27.8156 	 48.77 	 979102.38
-48.6761 	 -27.8672 	 36.78 	 979112.58
-48.6936 	 -27.9019 	 35.11 	 979116.65
-48.7192 	 -27.8964 	 47.14 	 979108.17
-48.7607 	 -27.6419 	 53.81 	 979093.01
-48.7469 	 -27.6352 	 209.26 	 979062.14
-48.7402 	 -27.6164 	 151.51 	 979071.76
-48.7623 	 -27.6088 	 235.15 	 979055.09
-48.8008 	 -27.6432 	 55.31 	 979093.89
-48.8202 	 -27.6111 	 222.7 	 979055.66
-48.855 	 -27.6463 	 336.4 	 979034.61
-48.8829 	 -27.6632 	 310.7 	 979043.49
-48.7428 	 -27.8844 	 170.46 	 979079.11
-48.611 	 -27.9001 	 34.8 	 979133.74
-48.579 	 -27.8836 	 30.45 	 979138.89
-48.6081 	 -27.8561 	 32.31 	 979128.09
-48.5814 	 -27.8467 	 29.66 	 979135.85
-48.6069 	 -27.8244 	 30.28 	 979122.5
-48.5987 	 -27.3481 	 33.17 	 979071.61
-48.5858 	 -27.3248 	 29.98 	 979071.11
-48.5657 	 -27.313 	 90.7 	 979060.46
-48.5395 	 -27.3239 	 30.25 	 979076.16
-48.535 	 -27.3787 	 29.48 	 979082.16
-48.5361 	 -27.3644 	 32.37 	 979079.18
-48.5562 	 -27.3638 	 30.26 	 979076.65
-48.5639 	 -27.4006 	 37.7 	 979080.07
-48.573 	 -27.4251 	 29.41 	 979083.64
-48.5929 	 -27.4258 	 31.23 	 979081.27
-48.6038 	 -27.3998 	 35.27 	 979075.55
-48.7191 	 -27.9692 	 49.93 	 979120.72
-48.7346 	 -27.9533 	 40.08 	 979118.08
-48.7538 	 -27.956 	 41.13 	 979113.74
-48.7645 	 -27.9764 	 105.02 	 979102.61
-48.7743 	 -28.0196 	 43.33 	 979121.11
-49.0243 	 -27.5964 	 470.59 	 978984.97
-49.0275 	 -27.5685 	 679.27 	 978940.34
-49.3049 	 -27.6046 	 995.13 	 978872.66
-49.2785 	 -27.5616 	 629.93 	 978945.01
-49.2828 	 -27.5193 	 558.82 	 978956.64
-49.3155 	 -27.5242 	 726.75 	 978925.31
-49.2718 	 -27.4741 	 498.77 	 978967.93
-49.237 	 -27.4645 	 633.28 	 978943.98
-49.2281 	 -27.4256 	 817.96 	 978907.22
-48.9881 	 -27.6383 	 651.93 	 978956.62
-48.9862 	 -27.6014 	 466.44 	 978988.78
-48.9832 	 -27.5612 	 430.01 	 978990.3
-48.9662 	 -27.5314 	 531.64 	 978964.69
-48.952 	 -27.5074 	 335.84 	 979000.86
-48.9173 	 -27.4764 	 769.52 	 978916.45
-48.9061 	 -27.4599 	 692.04 	 978932.17
-48.8909 	 -27.4517 	 668.39 	 978936.9
-48.9698 	 -27.4714 	 198.64 	 979025.03
-49.2975 	 -27.5504 	 634.36 	 978941.17
-49.2216 	 -27.5249 	 653.62 	 978942.31
-49.2181 	 -27.5497 	 594.04 	 978953.64
-49.1979 	 -27.5459 	 581.71 	 978956.08
-49.1582 	 -27.5591 	 767.39 	 978919.22
-49.1454 	 -27.52 	 506.85 	 978969.25
-49.1801 	 -27.5232 	 638.24 	 978948.61
-49.0068 	 -27.5269 	 298.49 	 979006.87
-49.0518 	 -27.566 	 683.39 	 978938.96
-49.0636 	 -27.5199 	 702.51 	 978928.21
-49.0179 	 -27.497 	 249.74 	 979010.56
-49.0663 	 -27.4837 	 606.11 	 978944.9
-49.0637 	 -27.4311 	 551.06 	 978947.43
-49.0498 	 -27.406 	 482.34 	 978959.78
-49.0173 	 -27.3958 	 338.72 	 978985.41
-48.9804 	 -27.3984 	 92.02 	 979039.74
-49.1115 	 -27.5182 	 636.74 	 978942.55
-49.1357 	 -27.4898 	 738.53 	 978925.36
-49.1068 	 -27.4719 	 649.94 	 978932.85
-49.1057 	 -27.4382 	 530.86 	 978952.51
-49.1399 	 -27.4392 	 633.29 	 978935.89
-49.18 	 -27.4416 	 740.69 	 978922.99
-49.1805 	 -27.471 	 701.06 	 978931.97
-48.9719 	 -27.4288 	 52.76 	 979050.21
-49.0284 	 -27.4348 	 518.11 	 978954.72
-48.9447 	 -27.4421 	 375.42 	 978990.15
-48.9348 	 -27.3941 	 41.71 	 979054.96
-48.8893 	 -27.388 	 55.2 	 979052.92
-48.901 	 -27.352 	 30.77 	 979060.25
-48.887 	 -27.3252 	 25.93 	 979062.65
-49.182 	 -27.4022 	 700.01 	 978929.49
-49.1326 	 -27.4077 	 625.38 	 978933.84
-49.1024 	 -27.4099 	 581.72 	 978938.97
-49.0591 	 -27.3535 	 219.95 	 979007.17
-49.0872 	 -27.3505 	 293.29 	 978992.87
-49.12 	 -27.5464 	 476.93 	 978974.18
-48.9088 	 -27.6957 	 541.15 	 978993.76
-48.9273 	 -27.6729 	 486.6 	 979002.09
-48.9319 	 -27.6505 	 672.22 	 978966.11
-48.9289 	 -27.6119 	 582.31 	 978978.56
-48.9357 	 -27.5602 	 533.91 	 978974.07
-48.6378 	 -27.4571 	 11.58 	 979079.0
-48.6856 	 -27.5944 	 38.94 	 979096.59
-48.6941 	 -27.5685 	 51.26 	 979090.78
-48.7065 	 -27.5355 	 61.26 	 979083.56
-48.7196 	 -27.4921 	 38.77 	 979086.0
-48.965 	 -27.8596 	 488.6 	 979008.57
-48.9853 	 -27.8968 	 948.85 	 978915.37
-49.004 	 -27.9006 	 825.29 	 978942.59
-48.9633 	 -27.9812 	 290.95 	 979050.41
-48.9942 	 -27.9512 	 665.54 	 978975.62
-49.0176 	 -27.9487 	 781.09 	 978952.06
-49.0243 	 -27.9606 	 796.57 	 978948.17
-49.422 	 -28.084 	 1003.86 	 978904.57
-49.3678 	 -27.998 	 1112.5 	 978878.59
-49.201 	 -27.7266 	 834.07 	 978920.4
-49.1547 	 -27.7206 	 1172.89 	 978850.87
-49.1034 	 -27.7166 	 830.49 	 978921.77
-49.0646 	 -27.716 	 929.52 	 978905.93
-49.4866 	 -27.9786 	 1404.62 	 978810.27
-49.4289 	 -27.9575 	 1467.87 	 978801.35
-49.5054 	 -27.8752 	 931.96 	 978900.97
-49.4385 	 -27.9005 	 965.5 	 978897.46
-49.4745 	 -27.8847 	 931.32 	 978902.27
-49.5037 	 -27.9384 	 1438.06 	 978802.84
-49.4927 	 -27.9533 	 1148.01 	 978862.25
-49.395 	 -27.8758 	 995.25 	 978890.23
-49.446 	 -27.7752 	 907.63 	 978900.57
-49.427 	 -27.7337 	 751.0 	 978927.16
-49.3674 	 -27.7744 	 778.99 	 978925.91
-49.3457 	 -27.7931 	 797.44 	 978922.67
-49.3467 	 -27.6558 	 705.08 	 978933.19
-49.1007 	 -27.7737 	 1094.42 	 978877.23
-49.0933 	 -27.8535 	 1073.21 	 978884.14
-49.1723 	 -27.846 	 683.61 	 978965.56
-49.1381 	 -27.8486 	 634.69 	 978974.17
-49.1241 	 -27.8189 	 784.44 	 978942.37
-49.1413 	 -27.8104 	 675.43 	 978959.7
-49.1373 	 -27.7875 	 751.72 	 978941.73
-49.3227 	 -28.0734 	 561.48 	 978994.76
-49.1976 	 -28.0691 	 364.97 	 979033.2
-49.2319 	 -28.0499 	 370.0 	 979033.47
-49.2762 	 -28.0463 	 670.56 	 978971.83
-49.3081 	 -28.0212 	 770.22 	 978951.05
-49.3094 	 -27.9979 	 884.62 	 978922.24
-48.9892 	 -28.0281 	 387.09 	 979038.76
-49.0193 	 -28.0181 	 673.91 	 978975.77
-49.0551 	 -27.9966 	 790.23 	 978949.16
-49.1218 	 -28.0493 	 215.24 	 979065.58
-49.1369 	 -28.0716 	 214.19 	 979068.06
-49.1443 	 -28.019 	 268.64 	 979050.16
-49.1797 	 -28.0301 	 373.45 	 979029.54
-49.2796 	 -27.8342 	 841.31 	 978919.68
-49.1495 	 -27.9892 	 449.47 	 979013.95
-49.1899 	 -27.9856 	 320.89 	 979038.76
-49.23 	 -27.9833 	 582.21 	 978988.47
-49.2234 	 -28.0051 	 453.82 	 979017.43
-49.276 	 -27.9809 	 848.94 	 978932.53
-49.272 	 -27.9584 	 635.23 	 978971.73
-49.2631 	 -28.0113 	 632.76 	 978975.99
-49.1515 	 -27.6124 	 695.86 	 978940.29
-49.1872 	 -27.6054 	 730.53 	 978930.43
-49.2311 	 -27.6088 	 1037.09 	 978867.1
-49.224 	 -27.6532 	 1048.9 	 978869.98
-49.2733 	 -27.6481 	 1042.03 	 978867.85
-49.2774 	 -27.5929 	 679.88 	 978935.14
-49.3052 	 -27.6465 	 871.44 	 978901.75
-49.1021 	 -27.6067 	 914.31 	 978898.49
-49.0271 	 -27.6426 	 596.97 	 978965.58
-49.0592 	 -27.6131 	 562.46 	 978967.84
-49.1935 	 -27.7819 	 1105.82 	 978899.26
-49.2191 	 -27.765 	 957.83 	 978873.62
-49.1945 	 -27.8184 	 959.8 	 978907.7
-49.232 	 -27.8126 	 929.6 	 978907.55
-49.2411 	 -27.8363 	 1013.6 	 978891.15
-49.5236 	 -27.8471 	 887.63 	 978907.15
-49.4743 	 -27.8548 	 893.73 	 978908.4
-49.4393 	 -27.8467 	 906.26 	 978905.84
-49.3989 	 -27.8586 	 970.67 	 978894.19
-49.373 	 -27.8505 	 1057.63 	 978876.43
-49.3944 	 -27.8285 	 1051.74 	 978874.99
-49.5145 	 -27.7722 	 881.97 	 978901.84
-49.4615 	 -27.7859 	 896.41 	 978903.26
-49.1101 	 -27.8876 	 602.23 	 978981.27
-49.1445 	 -27.8992 	 563.78 	 978990.49
-49.1844 	 -27.9285 	 437.78 	 979013.48
-49.196 	 -27.9035 	 439.94 	 979011.55
-49.2274 	 -27.899 	 509.84 	 978993.29
-49.256 	 -27.8815 	 973.21 	 978897.86
-49.2402 	 -27.9207 	 813.99 	 978934.66
-49.1339 	 -27.9239 	 424.81 	 979017.73
-49.3476 	 -27.5177 	 748.06 	 978921.37
-48.9857 	 -28.3047 	 87.67 	 979115.07
-48.9831 	 -28.2758 	 122.04 	 979106.91
-49.0214 	 -28.1869 	 186.15 	 979091.01
-48.9719 	 -28.1489 	 40.65 	 979116.27
-48.9439 	 -28.1482 	 151.51 	 979095.86
-48.9101 	 -28.1442 	 191.49 	 979090.71
-48.9318 	 -28.1072 	 367.51 	 979051.72
-48.8937 	 -28.1033 	 334.68 	 979060.93
-48.952 	 -28.491 	 5.63 	 979160.8
-48.9356 	 -28.5099 	 4.57 	 979168.23
-48.95 	 -28.551 	 2.27 	 979173.94
-49.0029 	 -28.5251 	 27.43 	 979160.67
-48.9758 	 -28.5122 	 4.7 	 979162.73
-48.8862 	 -28.5573 	 2.73 	 979180.45
-48.6549 	 -28.1123 	 9.06 	 979147.41
-48.7119 	 -28.1559 	 11.14 	 979152.95
-48.7716 	 -28.1926 	 5.75 	 979148.2
-48.7947 	 -28.2048 	 95.65 	 979126.33
-48.8027 	 -28.2233 	 107.92 	 979124.48
-48.8848 	 -28.4847 	 4.37 	 979175.22
-48.8657 	 -28.4739 	 11.08 	 979173.96
-48.7948 	 -28.4645 	 2.25 	 979175.35
-48.742 	 -28.4231 	 33.05 	 979174.95
-48.7048 	 -28.3382 	 3.1 	 979178.48
-49.3543 	 -27.5543 	 940.06 	 978881.69
-49.3582 	 -27.6076 	 887.93 	 978891.09
-49.385 	 -27.5914 	 839.34 	 978903.22
-49.4445 	 -27.6844 	 742.54 	 978924.67
-49.4793 	 -27.6842 	 711.29 	 978930.28
-49.4894 	 -27.7298 	 951.16 	 978884.64
-49.0195 	 -27.8158 	 697.72 	 978963.47
-49.025 	 -27.8384 	 955.06 	 978914.48
-49.0962 	 -27.9793 	 355.03 	 979032.06
-49.1062 	 -28.0231 	 330.83 	 979040.92
-49.0628 	 -28.0229 	 482.79 	 979012.46
-49.0112 	 -28.0557 	 274.74 	 979062.04
-49.4575 	 -28.018 	 976.9 	 978901.86
-49.4385 	 -27.998 	 1042.65 	 978887.18
-49.4081 	 -28.0429 	 970.11 	 978911.76
-49.3826 	 -28.0333 	 1003.44 	 978906.33
-49.3713 	 -28.024 	 1016.79 	 978902.0
-49.3687 	 -28.0545 	 1168.38 	 978865.96
-48.9481 	 -28.6164 	 6.99 	 979184.5
-48.9106 	 -28.6217 	 3.22 	 979187.21
-48.9005 	 -28.6284 	 4.48 	 979189.57
-48.8493 	 -28.6019 	 5.88 	 979190.32
-48.8261 	 -28.6058 	 7.37 	 979198.23
-48.7703 	 -28.2386 	 5.18 	 979157.14
-48.7441 	 -28.2562 	 15.21 	 979158.64
-48.8021 	 -28.269 	 8.73 	 979140.8
-48.8189 	 -28.3168 	 12.56 	 979160.79
-48.8947 	 -28.2766 	 6.59 	 979137.06
-48.9331 	 -28.2693 	 244.45 	 979084.31
-48.9566 	 -28.2373 	 126.51 	 979103.24
-49.0208 	 -28.2324 	 31.69 	 979123.04
-48.8969 	 -28.3157 	 10.46 	 979142.88
-48.9266 	 -28.308 	 217.0 	 979095.73
-48.8546 	 -28.2332 	 19.56 	 979135.03
-48.8409 	 -28.2066 	 66.16 	 979121.04
-48.7212 	 -28.1889 	 7.48 	 979152.32
-48.6532 	 -28.1546 	 2.7 	 979155.79
-48.6633 	 -28.1879 	 4.72 	 979160.18
-49.0112 	 -28.581 	 12.43 	 979167.86
-48.9956 	 -28.5674 	 2.45 	 979166.86
-48.8054 	 -28.5607 	 3.07 	 979190.71
-48.7892 	 -28.5559 	 3.68 	 979194.72
-48.7715 	 -28.5188 	 3.83 	 979193.5
-48.8131 	 -28.5224 	 3.26 	 979183.94
-48.8509 	 -28.5346 	 2.95 	 979181.63
-48.8986 	 -28.5306 	 2.79 	 979178.76
-48.8682 	 -28.5575 	 2.38 	 979181.73
-49.5762 	 -28.0792 	 1391.45 	 978822.03
-49.5781 	 -28.0871 	 1404.02 	 978822.44
-49.5244 	 -28.125 	 1705.09 	 978763.46
-49.5258 	 -28.1127 	 1427.21 	 978820.29
-49.4799 	 -28.127 	 1811.45 	 978730.12
-49.4902 	 -28.1206 	 1721.02 	 978758.69
-49.5125 	 -28.0743 	 1412.72 	 978819.86
-49.0978 	 -27.6894 	 842.52 	 978917.3
-49.0184 	 -27.7318 	 843.42 	 978925.47
-49.0355 	 -27.756 	 917.33 	 978908.64
-49.0457 	 -27.7672 	 1047.23 	 978885.04
-49.0461 	 -27.8165 	 661.21 	 978965.14
-49.0566 	 -27.8571 	 583.82 	 978986.28
-49.036 	 -27.8666 	 735.44 	 978957.56
-49.0645 	 -27.8935 	 516.54 	 978999.31
-49.0758 	 -27.922 	 543.39 	 978994.89
-49.0975 	 -27.9326 	 561.7 	 978992.24
-49.5989 	 -27.9782 	 896.13 	 978918.48
-49.6117 	 -28.0255 	 1076.58 	 978882.92
-49.5722 	 -28.0231 	 984.25 	 978902.34
-49.5586 	 -27.9751 	 935.21 	 978909.72
-49.5162 	 -27.9818 	 940.8 	 978907.25
-49.5202 	 -28.0181 	 929.65 	 978913.41
-49.4903 	 -28.021 	 920.94 	 978914.72
-49.4891 	 -28.0551 	 1200.13 	 978929.3
-49.4391 	 -28.0518 	 959.3 	 978911.91
-49.3032 	 -27.6523 	 881.99 	 978900.29
-49.2637 	 -27.6503 	 1045.04 	 978868.19
-49.2667 	 -27.6063 	 652.46 	 978941.66
-49.2199 	 -27.6529 	 1045.32 	 978871.2
-49.5723 	 -27.8507 	 882.84 	 978906.45
-49.5764 	 -27.9092 	 1200.02 	 978846.76
-49.6093 	 -27.9382 	 931.36 	 978906.14
-49.5638 	 -27.9404 	 955.37 	 978901.65
-49.2488 	 -27.7403 	 843.83 	 978917.53
-49.2783 	 -28.2418 	 371.38 	 979049.41
-49.3114 	 -28.2309 	 325.17 	 979056.21
-49.6038 	 -28.3109 	 1344.73 	 978855.54
-49.5633 	 -28.2833 	 1361.31 	 978848.73
-49.5746 	 -28.2985 	 1318.78 	 978857.1
-49.6007 	 -28.2722 	 1444.89 	 978831.61
-49.6385 	 -28.2667 	 1274.29 	 978865.52
-49.0995 	 -28.2265 	 375.56 	 979053.41
-49.06 	 -28.2369 	 432.75 	 979041.44
-49.0608 	 -28.1896 	 300.66 	 979066.7
-49.1068 	 -28.1885 	 420.63 	 979041.77
-49.143 	 -28.1782 	 106.24 	 979104.1
-49.1537 	 -28.2199 	 86.1 	 979110.21
-49.1955 	 -28.2335 	 81.98 	 979107.75
-49.2001 	 -28.2027 	 101.27 	 979102.01
-49.2244 	 -28.1859 	 113.17 	 979093.43
-49.2296 	 -28.2373 	 262.79 	 979072.32
-49.2728 	 -28.177 	 296.42 	 979056.56
-49.3038 	 -28.1712 	 301.34 	 979054.89
-49.3168 	 -28.1388 	 353.66 	 979040.83
-49.3196 	 -28.1512 	 322.71 	 979047.42
-49.2248 	 -28.1617 	 124.18 	 979085.88
-49.1896 	 -28.1347 	 279.76 	 979058.68
-49.1392 	 -28.1417 	 120.09 	 979098.45
-49.1051 	 -28.1338 	 131.06 	 979096.2
-49.337 	 -28.2267 	 286.47 	 979060.88
-49.3823 	 -28.2042 	 517.71 	 979013.9
-49.3435 	 -28.1935 	 308.09 	 979054.24
-49.3553 	 -28.1506 	 356.08 	 979041.61
-49.4185 	 -28.1326 	 591.59 	 978986.25
-49.3937 	 -28.1406 	 457.67 	 979018.77
-49.3562 	 -28.1074 	 501.35 	 979008.08
-49.065 	 -28.1521 	 317.05 	 979061.49
-49.0716 	 -28.1029 	 267.1 	 979066.06
-49.0944 	 -28.104 	 294.12 	 979062.0
-49.1389 	 -28.1092 	 185.13 	 979080.6
-49.1822 	 -28.1125 	 268.74 	 979059.03
-49.3074 	 -27.7315 	 491.08 	 978981.89
-49.3023 	 -27.7642 	 872.19 	 978912.27
-49.2732 	 -27.7864 	 592.67 	 978965.07
-49.2754 	 -27.81 	 647.04 	 978952.59
-49.2992 	 -27.8185 	 1070.59 	 978872.91
-49.6098 	 -28.063 	 1418.0 	 978818.14
-49.2256 	 -28.1071 	 351.53 	 979039.95
-49.2767 	 -28.111 	 202.56 	 979066.45
-49.3153 	 -28.1077 	 255.22 	 979058.6
-49.3797 	 -28.1191 	 660.13 	 978977.09
-49.5113 	 -28.3637 	 406.06 	 979037.63
-49.4041 	 -28.5098 	 478.87 	 979051.9
-49.3527 	 -28.5221 	 144.42 	 979118.63
-49.3317 	 -27.6949 	 472.4 	 978981.24
-48.8905 	 -28.3626 	 9.6 	 979154.85
-48.8895 	 -28.3948 	 15.18 	 979159.85
-48.8661 	 -28.3894 	 25.65 	 979162.75
-48.9412 	 -28.361 	 131.07 	 979121.16
-49.9821 	 -28.3606 	 13.7 	 979138.41
-48.9772 	 -28.3947 	 9.15 	 979145.4
-48.9327 	 -28.3995 	 37.35 	 979148.04
-48.793 	 -28.4118 	 16.4 	 979167.92
-49.025 	 -28.6056 	 51.47 	 979163.21
-49.0168 	 -28.6469 	 14.73 	 979180.03
-48.9669 	 -28.6454 	 11.19 	 979186.5
-48.9379 	 -28.6474 	 6.39 	 979189.7
-48.9754 	 -28.603 	 10.65 	 979178.43
-49.5144 	 -28.6859 	 50.46 	 979145.78
-49.4915 	 -28.6462 	 54.98 	 979141.61
-49.5219 	 -28.6494 	 76.15 	 979137.19
-49.5138 	 -28.6031 	 126.23 	 979123.56
-49.4775 	 -28.5991 	 76.82 	 979132.83
-49.5511 	 -28.6024 	 166.75 	 979114.28
-49.574 	 -28.5691 	 197.05 	 979099.89
-49.4037 	 -28.5796 	 144.85 	 979121.62
-49.3189 	 -28.815 	 8.84 	 979170.71
-49.3243 	 -28.846 	 28.94 	 979170.26
-49.3542 	 -28.8588 	 3.12 	 979176.23
-49.398 	 -28.8539 	 16.71 	 979170.06
-49.2731 	 -28.8048 	 36.79 	 979165.89
-49.2277 	 -28.8152 	 10.96 	 979179.23
-49.199 	 -28.8011 	 5.09 	 979182.66
-49.1938 	 -28.7662 	 19.62 	 979175.35
-49.2327 	 -28.7716 	 44.31 	 979166.16
-49.3513 	 -28.3593 	 214.11 	 979089.98
-49.3642 	 -28.3061 	 168.05 	 979092.19
-49.3886 	 -28.3048 	 218.32 	 979080.68
-49.4397 	 -28.3115 	 382.3 	 979045.78
-49.4738 	 -28.324 	 427.73 	 979037.27
-49.5029 	 -28.3227 	 446.11 	 979027.41
-49.4755 	 -28.3505 	 294.94 	 979066.58
-49.4316 	 -28.3562 	 223.35 	 979082.22
-49.39 	 -28.3634 	 193.6 	 979093.68
-49.18 	 -28.7226 	 9.15 	 979172.72
-49.1486 	 -28.7201 	 18.72 	 979172.88
-49.1438 	 -28.7681 	 7.04 	 979183.95
-49.1207 	 -28.7542 	 6.78 	 979184.95
-49.1027 	 -28.7398 	 8.81 	 979180.96
-49.0669 	 -28.7252 	 4.27 	 979185.22
-49.0613 	 -28.6947 	 35.24 	 979174.9
-49.0212 	 -28.6915 	 13.34 	 979185.48
-48.9855 	 -28.6779 	 3.05 	 979192.27
-49.5646 	 -28.4369 	 1380.16 	 978854.02
-49.5736 	 -28.4635 	 1390.25 	 978853.01
-49.5883 	 -28.4163 	 1326.74 	 978864.81
-49.6046 	 -28.4378 	 1437.04 	 978844.01
-49.6074 	 -28.4812 	 1406.92 	 978851.9
-49.6132 	 -28.5052 	 1250.53 	 978884.44
-49.3078 	 -28.3506 	 106.67 	 979110.22
-49.1886 	 -28.3445 	 119.24 	 979102.03
-49.1387 	 -28.3426 	 323.79 	 979069.02
-49.1098 	 -28.3594 	 438.48 	 979047.59
-49.0637 	 -28.3545 	 226.19 	 979090.65
-49.0575 	 -28.2797 	 168.13 	 979097.75
-49.1123 	 -28.2676 	 185.64 	 979092.08
-49.4728 	 -28.2704 	 311.08 	 979052.86
-49.4334 	 -28.2724 	 248.48 	 979069.47
-49.367 	 -28.2679 	 254.67 	 979070.85
-49.3856 	 -28.228 	 376.06 	 979041.66
-49.4189 	 -28.2065 	 310.19 	 979053.18
-49.4593 	 -28.1972 	 381.95 	 979035.98
-49.4687 	 -28.218 	 447.06 	 979025.51
-49.4394 	 -28.2299 	 306.46 	 979056.05
-49.4083 	 -28.254 	 352.32 	 979048.66
-49.3224 	 -28.3152 	 217.31 	 979083.75
-49.3283 	 -28.2763 	 245.64 	 979076.8
-49.2709 	 -28.3126 	 191.72 	 979092.22
-49.2357 	 -28.318 	 84.35 	 979112.23
-49.1818 	 -28.2762 	 117.6 	 979104.46
-49.2314 	 -28.279 	 300.28 	 979067.23
-49.2768 	 -28.2626 	 423.35 	 979041.66
-49.5756 	 -28.1791 	 1437.68 	 978824.18
-49.2791 	 -28.5199 	 261.89 	 979090.3
-49.2309 	 -28.5246 	 304.72 	 979084.17
-49.1854 	 -28.5235 	 362.9 	 979074.06
-49.1463 	 -28.5195 	 364.95 	 979076.52
-49.1106 	 -28.5133 	 328.39 	 979087.56
-49.1262 	 -28.5567 	 124.12 	 979130.76
-49.1461 	 -28.5568 	 180.93 	 979118.1
-49.1871 	 -28.5666 	 212.12 	 979107.92
-49.2235 	 -28.559 	 333.3 	 979080.83
-49.2717 	 -28.5641 	 25.95 	 979139.79
-49.1367 	 -28.6488 	 36.42 	 979136.42
-49.3135 	 -28.6091 	 67.01 	 979144.38
-49.2687 	 -28.603 	 20.76 	 979147.61
-49.2339 	 -28.6071 	 19.39 	 979150.21
-49.1797 	 -28.6088 	 26.16 	 979141.74
-49.1395 	 -28.6091 	 91.19 	 979124.28
-49.1073 	 -28.6056 	 196.06 	 979156.45
-49.1916 	 -28.6474 	 9.24 	 979137.78
-49.272 	 -28.6381 	 83.21 	 979139.21
-49.3159 	 -28.6466 	 65.23 	 979170.99
-49.056 	 -28.6511 	 22.7 	 979156.76
-49.2829 	 -28.4789 	 303.64 	 979081.31
-49.2245 	 -28.4766 	 204.24 	 979100.0
-49.1939 	 -28.4626 	 107.43 	 979119.3
-49.1563 	 -28.4673 	 282.81 	 979085.57
-49.1076 	 -28.4782 	 299.34 	 979087.76
-49.1103 	 -28.4254 	 23.32 	 979134.94
-49.1531 	 -28.4311 	 34.52 	 979130.1
-49.3534 	 -28.5988 	 74.25 	 979136.08
-49.4353 	 -28.6828 	 53.38 	 979145.74
-49.4346 	 -28.729 	 26.85 	 979154.07
-49.4352 	 -28.7706 	 22.34 	 979157.74
-49.3923 	 -28.7762 	 85.39 	 979146.48
-49.3618 	 -28.7774 	 12.86 	 979164.1
-49.3531 	 -28.7289 	 47.98 	 979150.54
-49.3978 	 -28.7398 	 24.52 	 979155.1
-49.3557 	 -28.5715 	 87.0 	 979131.63
-49.2693 	 -28.4295 	 197.22 	 979099.68
-49.2236 	 -28.4338 	 49.79 	 979126.65
-49.1868 	 -28.4354 	 42.21 	 979131.73
-49.2346 	 -28.3987 	 67.19 	 979121.52
-49.2057 	 -28.3775 	 271.44 	 979079.6
-49.153 	 -28.3877 	 38.93 	 979126.64
-49.1028 	 -28.4004 	 111.42 	 979114.98
-49.0638 	 -28.4374 	 16.45 	 979142.69
-49.0623 	 -28.399 	 143.12 	 979111.52
-49.3555 	 -28.4703 	 327.55 	 979076.92
-49.3876 	 -28.4788 	 390.68 	 979063.53
-49.3506 	 -28.4507 	 264.73 	 979087.28
-49.3941 	 -28.4363 	 220.36 	 979094.23
-49.5118 	 -28.4562 	 371.11 	 979055.51
-49.5089 	 -28.4693 	 351.36 	 979064.1
-49.4778 	 -28.4728 	 252.0 	 979087.28
-49.5221 	 -28.523 	 280.14 	 979085.13
-49.5261 	 -28.5696 	 147.44 	 979116.59
-49.4775 	 -28.5517 	 138.52 	 979118.85
-49.3912 	 -28.8968 	 9.88 	 979178.98
-49.3556 	 -28.9238 	 4.54 	 979186.01
-49.3566 	 -28.8971 	 12.83 	 979178.47
-49.317 	 -28.8993 	 2.09 	 979183.36
-49.289 	 -28.8764 	 3.42 	 979182.35
-49.2718 	 -28.8558 	 5.64 	 979180.37
-49.2403 	 -28.8415 	 4.27 	 979182.81
-49.1393 	 -26.6484 	 278.89 	 978982.38
-49.1468 	 -26.6805 	 78.0 	 979020.73
-49.1607 	 -26.6979 	 72.18 	 979025.67
-49.1691 	 -26.7639 	 56.6 	 979031.01
-49.1507 	 -26.852 	 39.53 	 979040.44
-49.1631 	 -26.8326 	 45.19 	 979039.09
-49.1651 	 -26.8082 	 47.42 	 979036.86
-49.1665 	 -26.7896 	 51.68 	 979033.64
-48.9821 	 -27.7211 	 466.38 	 979005.67
-48.6672 	 -27.9425 	 10.33 	 979131.98
-48.6478 	 -26.771 	 8.41 	 979045.56
-48.644 	 -26.7898 	 6.43 	 979049.25
-48.6419 	 -26.8028 	 11.38 	 979046.41
-48.6378 	 -26.8248 	 3.82 	 979048.34
-48.6355 	 -26.845 	 2.67 	 979047.89
-48.6421 	 -26.8644 	 3.92 	 979047.22
-48.6681 	 -27.646 	 3.15 	 979101.62
-48.5976 	 -27.6001 	 6.25 	 979104.09
-48.6498 	 -27.6203 	 4.1 	 979101.45
-48.6353 	 -27.6069 	 30.65 	 979096.51
-48.6133 	 -27.5657 	 5.09 	 979099.51
-48.6347 	 -27.5265 	 6.47 	 979092.24
-48.6435 	 -27.4788 	 6.7 	 979083.67
-48.6375 	 -27.4577 	 3.56 	 979081.06
-48.655 	 -26.9001 	 3.68 	 979048.64
-48.6538 	 -26.9018 	 2.13 	 979049.17
-48.5807 	 -27.588 	 22.94 	 979101.45
-48.5713 	 -27.5985 	 12.15 	 979107.57
-48.5593 	 -27.5966 	 4.51 	 979110.45
-48.5468 	 -27.6059 	 3.83 	 979114.96
-48.5476 	 -27.6124 	 6.23 	 979115.31
-48.5237 	 -27.6311 	 3.1 	 979123.08
-48.5169 	 -27.6529 	 2.3 	 979127.96
-48.6554 	 -26.9047 	 2.25 	 979050.11
-48.6609 	 -26.914 	 5.45 	 979051.46
-48.645 	 -26.9287 	 5.53 	 979055.13
-48.4661 	 -27.625 	 2.24 	 979127.18
-49.6141 	 -28.1144 	 1385.83 	 978827.57
-49.6014 	 -28.1307 	 1478.08 	 978811.17
-49.6354 	 -28.1421 	 1361.11 	 978834.98
-49.6136 	 -28.1799 	 1633.78 	 978785.07
-49.5617 	 -28.1649 	 1412.38 	 978826.27
-49.3709 	 -26.9801 	 84.34 	 979021.69
-49.482 	 -27.1101 	 438.09 	 978956.83
-49.4606 	 -27.1102 	 330.56 	 978979.23
-49.4566 	 -27.1045 	 123.99 	 979019.22
-49.4354 	 -27.079 	 125.88 	 979019.03
-49.3751 	 -27.0028 	 84.53 	 979022.88
-49.3771 	 -27.0263 	 89.42 	 979023.35
-49.3912 	 -27.0487 	 90.84 	 979024.42
-49.3997 	 -27.0646 	 93.42 	 979024.46
-49.4234 	 -27.0737 	 99.87 	 979023.67
-49.1515 	 -26.8508 	 38.5 	 979040.78
-49.1648 	 -26.8381 	 46.52 	 979037.89
-48.9578 	 -26.9292 	 13.69 	 979042.32
-48.9791 	 -26.9155 	 13.43 	 979042.11
-48.9951 	 -26.8968 	 11.87 	 979043.87
-48.9018 	 -26.9195 	 8.76 	 979042.0
-48.8843 	 -26.9242 	 8.0 	 979042.76
-48.7493 	 -26.8861 	 8.89 	 979045.68
-48.8544 	 -26.9103 	 7.96 	 979043.57
-48.813 	 -26.8876 	 8.23 	 979044.21
-48.7752 	 -26.8885 	 5.75 	 979044.78
-48.7514 	 -26.8873 	 9.9 	 979045.71
-49.1639 	 -26.8188 	 47.86 	 979038.4
-49.1652 	 -26.7958 	 51.38 	 979034.35
-49.1766 	 -26.7376 	 61.03 	 979029.28
-49.1732 	 -26.7267 	 62.4 	 979029.81
-49.1511 	 -26.6875 	 73.84 	 979023.07
-49.1416 	 -26.6699 	 143.0 	 979006.73
-49.1393 	 -26.6484 	 278.89 	 978982.36
-49.1422 	 -26.6125 	 73.83 	 979019.06
-49.1405 	 -26.5902 	 59.13 	 979023.55
-49.1351 	 -26.568 	 52.06 	 979023.46
-49.1342 	 -26.5455 	 45.49 	 979023.77
-49.1138 	 -26.5106 	 37.96 	 979024.01
-49.0906 	 -26.5036 	 34.54 	 979024.77
-49.0831 	 -26.4864 	 33.34 	 979025.43
-49.0642 	 -26.4789 	 30.31 	 979023.96
-49.131 	 -26.525 	 41.82 	 979022.34
-49.042 	 -26.4774 	 25.85 	 979025.62
-49.0217 	 -26.474 	 30.89 	 979024.28
-49.088 	 -26.4972 	 30.8 	 979026.13
-49.11 	 -26.5101 	 39.12 	 979023.5
-49.1312 	 -26.5259 	 42.41 	 979022.15
-49.1328 	 -26.5511 	 49.02 	 979023.45
-49.139 	 -26.577 	 53.23 	 979023.27
-49.1431 	 -26.6037 	 66.01 	 979021.64
-49.1419 	 -26.6174 	 80.92 	 979016.81
-49.141 	 -26.6408 	 291.99 	 978979.07
-50.1417 	 -27.4771 	 870.16 	 978888.93
-50.1258 	 -27.4855 	 888.59 	 978886.35
-50.1214 	 -27.4856 	 888.01 	 978886.59
-50.1188 	 -27.4829 	 877.99 	 978888.91
-49.2629 	 -26.8517 	 67.03 	 979033.96
-49.2513 	 -26.8708 	 64.59 	 979034.31
-49.1197 	 -26.8764 	 34.18 	 979046.68
-49.1047 	 -26.873 	 18.51 	 979049.54
-50.1415 	 -27.4535 	 875.48 	 978890.21
-50.2192 	 -27.4428 	 887.23 	 978880.72
-50.2432 	 -27.4487 	 864.75 	 978885.83
-50.2942 	 -27.4607 	 886.37 	 978882.18
-50.3696 	 -27.48 	 847.91 	 978891.31
-50.353 	 -27.4723 	 830.15 	 978895.25
-50.3355 	 -27.4756 	 868.57 	 978888.04
-49.087 	 -26.8903 	 17.21 	 979047.89
-50.3104 	 -27.4636 	 875.1 	 978884.88
-50.1575 	 -27.4443 	 852.95 	 978890.05
-50.1242 	 -27.4937 	 872.79 	 978889.91
-50.109 	 -27.5089 	 849.34 	 978896.36
-50.1126 	 -27.514 	 836.48 	 978899.76
-49.7907 	 -27.2995 	 351.82 	 978995.38
-49.0915 	 -26.8356 	 15.91 	 979046.76
-49.0862 	 -26.863 	 18.04 	 979046.62
-49.0648 	 -26.9179 	 18.11 	 979040.54
-49.0628 	 -26.9093 	 131.04 	 979019.67
-49.2373 	 -26.898 	 65.67 	 979033.17
-49.1264 	 -26.893 	 29.22 	 979045.01
-49.1022 	 -26.8824 	 26.85 	 979046.9
-49.0197 	 -26.9076 	 15.61 	 979041.11
-48.9929 	 -26.9 	 11.97 	 979043.61
-48.9722 	 -26.9202 	 14.38 	 979042.48
-49.2604 	 -26.913 	 72.34 	 979031.74
-49.2813 	 -26.9315 	 73.34 	 979029.95
-49.1653 	 -26.887 	 58.25 	 979039.17
-49.1464 	 -26.9014 	 32.02 	 979043.76
-49.2175 	 -26.8866 	 63.91 	 979035.56
-49.2869 	 -26.9536 	 74.8 	 979027.75
-49.3142 	 -26.9551 	 81.64 	 979026.66
-49.3235 	 -26.9655 	 78.75 	 979025.87
-49.3549 	 -26.9622 	 83.34 	 979024.2
-49.2936 	 -26.941 	 75.57 	 979028.84
-49.2825 	 -26.9211 	 77.01 	 979029.34
-49.2666 	 -26.8999 	 79.59 	 979030.69
-49.2015 	 -26.8698 	 67.61 	 979034.62
-49.1894 	 -26.8752 	 38.57 	 979041.03
-49.1714 	 -26.8794 	 37.72 	 979041.6
-49.9345 	 -27.2585 	 357.82 	 978994.9
-49.9614 	 -27.2502 	 383.56 	 978990.21
-50.1337 	 -27.3078 	 864.24 	 978878.93
-50.1125 	 -27.3074 	 862.68 	 978879.69
-50.0872 	 -27.3034 	 866.23 	 978879.65
-50.0777 	 -27.2877 	 642.52 	 978928.32
-49.6204 	 -27.2032 	 340.63 	 978982.45
-49.5951 	 -27.1906 	 343.53 	 978982.42
-49.5676 	 -27.176 	 338.5 	 978982.68
-49.5458 	 -27.1766 	 337.84 	 978980.99
-49.5308 	 -27.1512 	 335.27 	 978978.78
-49.5139 	 -27.1393 	 376.26 	 978969.49
-49.5066 	 -27.1327 	 368.04 	 978970.29
-49.487 	 -27.1216 	 401.32 	 978964.2
-49.7014 	 -27.2517 	 345.88 	 978989.4
-49.7235 	 -27.2633 	 342.6 	 978992.68
-49.7429 	 -27.2751 	 343.71 	 978995.31
-49.8153 	 -27.2833 	 406.03 	 978983.16
-49.8385 	 -27.2775 	 448.32 	 978975.27
-49.8615 	 -27.2705 	 400.75 	 978986.15
-49.7682 	 -27.2851 	 355.99 	 978993.7
-49.68 	 -27.2362 	 345.4 	 978984.09
-49.3669 	 -26.9231 	 108.61 	 979023.12
-49.2778 	 -26.822 	 69.17 	 979032.59
-49.7825 	 -27.2913 	 356.58 	 978994.39
-49.9194 	 -27.2596 	 372.4 	 978991.69
-49.9312 	 -27.2576 	 359.86 	 978994.24
-50.0629 	 -27.274 	 578.36 	 978943.28
-50.1341 	 -27.3604 	 850.31 	 978885.09
-50.1341 	 -27.3855 	 864.26 	 978883.78
-50.0427 	 -27.2558 	 435.72 	 978976.07
-49.8799 	 -27.2668 	 366.28 	 978993.52
-49.2326 	 -26.8956 	 61.43 	 979033.97
-49.265 	 -26.9208 	 87.84 	 979027.54
-49.2527 	 -26.9089 	 71.08 	 979031.59
-50.1273 	 -27.41 	 851.36 	 978889.2
-50.1232 	 -27.46 	 850.53 	 978893.49
-49.7528 	 -28.2841 	 1482.62 	 978826.13
-49.7379 	 -28.2931 	 1419.21 	 978838.55
-49.7244 	 -28.3051 	 1307.72 	 978860.8
-49.714 	 -28.3134 	 1208.48 	 978880.96
-49.672 	 -28.3283 	 1210.19 	 978882.15
-50.3258 	 -27.8169 	 924.79 	 978886.75
-49.4463 	 -27.0837 	 112.8 	 979021.59
-49.4238 	 -27.074 	 99.84 	 979023.57
-49.3899 	 -27.0542 	 93.67 	 979024.02
-49.3902 	 -27.0362 	 89.69 	 979023.97
-49.3764 	 -27.0255 	 88.73 	 979023.61
-49.3751 	 -27.0011 	 86.62 	 979022.35
-49.371 	 -26.9802 	 84.89 	 979021.7
-49.3759 	 -26.9592 	 81.13 	 979025.87
-49.3304 	 -26.9626 	 78.48 	 979026.13
-49.5379 	 -27.5117 	 389.91 	 979004.92
-49.4733 	 -27.5542 	 391.8 	 978997.83
-49.4546 	 -27.5941 	 398.2 	 978991.03
-49.4497 	 -27.6297 	 412.83 	 978986.28
-49.376 	 -27.6782 	 461.31 	 978979.0
-49.3456 	 -27.69 	 457.13 	 978982.7
-49.7121 	 -27.2649 	 349.34 	 978991.0
-49.5907 	 -27.175 	 341.83 	 978982.19
-49.612 	 -27.1886 	 352.58 	 978979.39
-49.63 	 -27.2055 	 341.38 	 978981.95
-49.6435 	 -27.2156 	 344.19 	 978981.8
-49.6453 	 -27.2163 	 342.6 	 978982.06
-49.5549 	 -27.1476 	 355.53 	 978973.42
-49.5401 	 -27.134 	 335.92 	 978976.31
-49.6456 	 -27.2162 	 343.92 	 978982.04
-49.6414 	 -27.2406 	 342.57 	 978983.23
-49.6465 	 -27.2968 	 348.67 	 978986.05
-49.6376 	 -27.3143 	 348.99 	 978986.51
-49.6192 	 -27.3353 	 352.75 	 978984.43
-49.6145 	 -27.3501 	 355.56 	 978984.89
-49.6142 	 -27.3678 	 360.26 	 978985.2
-49.6034 	 -27.3933 	 360.57 	 978987.46
-49.5303 	 -27.0978 	 314.69 	 978979.98
-49.521 	 -27.0834 	 165.95 	 979010.97
-49.5152 	 -27.0536 	 153.22 	 979012.81
-49.4996 	 -27.0796 	 157.65 	 979012.45
-49.4592 	 -27.0991 	 120.2 	 979019.89
-49.5764 	 -27.4583 	 371.96 	 978997.01
-49.5759 	 -27.4908 	 375.95 	 979004.3
-49.5458 	 -27.5041 	 408.27 	 979001.89
-49.5174 	 -27.5256 	 387.22 	 979001.68
-49.4489 	 -27.5822 	 405.45 	 978991.08
-49.4353 	 -27.6454 	 413.38 	 978986.82
-49.4013 	 -27.6643 	 433.99 	 978982.21
-49.3443 	 -26.8199 	 89.38 	 979025.29
-49.3029 	 -26.8255 	 72.92 	 979032.33
-49.4247 	 -28.5985 	 113.27 	 979129.44
-49.5855 	 -27.1716 	 366.89 	 978976.98
-50.1233 	 -27.4354 	 893.15 	 978882.4
-49.19 	 -26.8887 	 41.01 	 979041.42
-49.4504 	 -28.5446 	 121.28 	 979122.53
-49.4094 	 -28.6075 	 235.45 	 979104.33
-49.4504 	 -28.4895 	 192.0 	 979104.89
-49.452 	 -28.4714 	 245.76 	 979091.68
-49.4575 	 -28.4559 	 330.02 	 979072.02
-49.4209 	 -28.4165 	 298.95 	 979075.71
-49.4118 	 -28.4145 	 297.99 	 979076.17
-49.3955 	 -28.3928 	 216.46 	 979091.86
-49.4372 	 -28.3829 	 346.62 	 979061.93
-49.4122 	 -28.3908 	 283.13 	 979077.29
-49.4005 	 -28.6163 	 150.95 	 979121.41
-49.4253 	 -28.6061 	 191.39 	 979113.29
-49.4569 	 -28.5711 	 106.9 	 979126.78
-49.4775 	 -28.3863 	 436.0 	 979041.82
-49.4567 	 -28.3793 	 356.68 	 979057.66
-49.503 	 -28.388 	 583.4 	 979008.79
-49.5141 	 -28.3889 	 677.69 	 978986.56
-49.546 	 -28.3974 	 1138.71 	 978889.79
-49.5406 	 -28.3949 	 965.85 	 978924.88
-49.6477 	 -28.3388 	 1223.1 	 978880.61
-49.6649 	 -28.3356 	 1224.86 	 978881.22
-49.6016 	 -28.3462 	 1287.5 	 978868.24
-49.562 	 -28.3738 	 1381.29 	 978848.99
-49.5493 	 -28.3942 	 1422.31 	 978833.08
-49.5499 	 -28.3992 	 1306.67 	 978859.87
-49.5484 	 -28.399 	 1262.53 	 978867.15
-49.781 	 -28.2494 	 1489.86 	 978822.17
-49.8449 	 -28.2315 	 1488.09 	 978820.71
-49.8705 	 -28.2289 	 1455.42 	 978825.38
-49.8862 	 -28.2477 	 1436.78 	 978831.19
-49.9053 	 -28.2657 	 1415.22 	 978837.97
-49.9255 	 -28.2833 	 1381.28 	 978846.35
-49.7624 	 -28.2619 	 1325.85 	 978855.36
-48.6764 	 -27.2601 	 4.67 	 979064.1
-48.6963 	 -27.2649 	 6.56 	 979064.24
-48.7228 	 -27.2647 	 8.85 	 979066.28
-48.7638 	 -27.2658 	 13.62 	 979067.32
-48.7899 	 -27.2724 	 13.58 	 979066.98
-48.8153 	 -27.268 	 15.1 	 979064.83
-48.842 	 -27.2642 	 18.56 	 979059.96
-48.8687 	 -27.2743 	 35.13 	 979052.6
-48.909 	 -27.285 	 27.69 	 979053.25
-48.9337 	 -27.2694 	 68.92 	 979039.15
-48.9533 	 -26.3576 	 17.36 	 979009.7
-48.9533 	 -26.3835 	 20.77 	 979010.73
-48.9599 	 -26.4041 	 24.27 	 979010.9
-48.9728 	 -26.4492 	 23.58 	 979021.5
-48.9716 	 -26.471 	 20.91 	 979025.65
-48.9502 	 -26.471 	 20.27 	 979024.72
-48.9261 	 -26.4788 	 17.26 	 979025.99
-48.9156 	 -26.4967 	 16.83 	 979027.15
-48.8829 	 -26.5216 	 12.85 	 979028.44
-48.9209 	 -27.2523 	 156.15 	 979021.88
-48.9117 	 -27.2276 	 204.24 	 979011.69
-48.8973 	 -27.2092 	 206.41 	 979010.48
-48.8944 	 -27.1811 	 269.08 	 978997.81
-48.8952 	 -27.1713 	 186.98 	 979013.31
-48.8997 	 -27.1449 	 49.21 	 979039.24
-48.9093 	 -27.118 	 27.38 	 979047.31
-48.9015 	 -27.0825 	 17.11 	 979048.12
-48.9504 	 -26.9308 	 11.73 	 979042.3
-48.8973 	 -26.232 	 17.13 	 979005.0
-48.8744 	 -26.2521 	 13.59 	 979011.32
-48.8526 	 -26.2716 	 6.13 	 979014.51
-48.8244 	 -26.4477 	 10.75 	 979022.27
-48.8528 	 -26.4498 	 11.57 	 979019.11
-48.7639 	 -26.4553 	 10.25 	 979026.6
-48.7478 	 -26.4679 	 7.06 	 979028.4
-48.7261 	 -26.5069 	 10.92 	 979026.71
-48.9145 	 -26.9714 	 22.01 	 979037.39
-48.8819 	 -27.0 	 47.95 	 979029.67
-48.8837 	 -27.0339 	 20.52 	 979038.17
-48.8909 	 -27.0595 	 22.64 	 979044.59
-48.9062 	 -27.0749 	 34.59 	 979043.87
-48.9464 	 -26.4619 	 20.61 	 979022.79
-48.9228 	 -26.4536 	 20.7 	 979019.85
-48.8988 	 -26.4526 	 16.2 	 979017.32
-48.8757 	 -26.4507 	 12.37 	 979016.26
-48.9703 	 -26.4706 	 19.86 	 979025.64
-48.9907 	 -26.4751 	 22.39 	 979026.22
-49.003 	 -26.4742 	 27.88 	 979024.61
-49.0145 	 -26.474 	 23.01 	 979025.66
-49.0815 	 -26.4836 	 32.12 	 979025.69
-49.0777 	 -26.4862 	 30.95 	 979026.15
-49.0547 	 -26.4789 	 29.84 	 979024.05
-49.0344 	 -26.4791 	 25.45 	 979025.91
-49.3248 	 -26.8302 	 74.87 	 979031.59
-49.142 	 -26.8721 	 30.57 	 979043.59
-49.1014 	 -26.8782 	 20.07 	 979048.1
-49.1236 	 -26.8848 	 28.99 	 979047.16
-49.3648 	 -26.7851 	 143.12 	 979014.19
-48.6214 	 -27.0771 	 120.14 	 979032.95
-48.6953 	 -26.7481 	 7.41 	 979045.57
-48.7195 	 -26.3737 	 9.63 	 979016.89
-48.7063 	 -26.3713 	 8.95 	 979015.23
-48.6799 	 -26.3695 	 5.72 	 979012.97
-48.6586 	 -26.3508 	 2.74 	 979009.84
-48.6517 	 -26.3337 	 3.65 	 979009.6
-48.6305 	 -26.3168 	 15.1 	 979008.5
-48.6116 	 -27.111 	 6.0 	 979060.94
-48.6103 	 -27.1386 	 4.95 	 979063.78
-48.6115 	 -27.1639 	 5.55 	 979064.19
-48.6316 	 -27.2751 	 4.15 	 979066.39
-48.6204 	 -27.5454 	 12.46 	 979095.99
-48.6555 	 -27.4989 	 3.85 	 979086.17
-48.6554 	 -27.4952 	 2.57 	 979085.34
-48.7229 	 -26.4902 	 11.94 	 979025.66
-48.646 	 -26.2869 	 17.14 	 979003.56
-48.6446 	 -26.2636 	 2.53 	 979005.91
-48.6387 	 -26.2432 	 8.85 	 979003.13
-48.7906 	 -26.4174 	 23.32 	 979020.81
-48.8466 	 -26.302 	 3.28 	 979016.76
-48.6987 	 -26.9376 	 4.65 	 979050.78
-48.6822 	 -26.9608 	 15.16 	 979052.04
-48.6095 	 -27.0211 	 5.0 	 979053.6
-48.601 	 -27.0354 	 73.75 	 979041.63
-48.596 	 -27.0667 	 10.59 	 979056.09
-48.6313 	 -27.3779 	 20.61 	 979068.68
-48.6268 	 -27.3253 	 3.47 	 979069.21
-48.6307 	 -27.2481 	 2.74 	 979066.43
-48.625 	 -27.2194 	 2.19 	 979066.02
-48.6125 	 -27.1941 	 6.29 	 979064.38
-48.6003 	 -27.0512 	 64.24 	 979043.88
-48.6297 	 -27.0036 	 4.02 	 979056.95
-48.91 	 -26.2061 	 24.31 	 979000.93
-48.8735 	 -26.2955 	 16.91 	 979011.17
-48.8518 	 -26.2997 	 13.13 	 979013.56
-48.8721 	 -26.3188 	 19.58 	 979009.7
-48.8591 	 -26.3586 	 22.6 	 979012.05
-48.8372 	 -26.4089 	 12.35 	 979019.46
-48.824 	 -26.4308 	 20.68 	 979017.99
-48.8056 	 -26.4379 	 19.36 	 979021.19
-48.7891 	 -26.449 	 11.7 	 979025.76
-48.6195 	 -27.2314 	 2.01 	 979066.03
-48.5845 	 -27.0194 	 150.17 	 979024.16
-48.6524 	 -27.0227 	 8.7 	 979054.63
-48.6455 	 -26.9983 	 4.77 	 979060.08
-48.6739 	 -26.9823 	 15.76 	 979055.58
-48.7087 	 -26.9199 	 4.92 	 979048.67
-48.6836 	 -26.9101 	 3.62 	 979049.07
-48.7213 	 -26.8889 	 3.86 	 979046.92
-48.7345 	 -26.4848 	 11.89 	 979026.29
-48.8408 	 -26.3879 	 14.17 	 979017.56
-48.8517 	 -26.3777 	 18.37 	 979015.58
-48.8595 	 -26.336 	 31.8 	 979009.05
-48.8642 	 -26.3177 	 20.92 	 979010.39
-48.8994 	 -26.2855 	 13.3 	 979010.11
-48.9204 	 -26.2869 	 17.54 	 979006.59
-48.9225 	 -26.3105 	 15.14 	 979008.31
-48.9456 	 -26.3338 	 17.24 	 979008.41
-48.4563 	 -27.4534 	 3.49 	 979105.35
-48.4719 	 -27.472 	 3.13 	 979104.99
-48.4925 	 -27.4817 	 2.97 	 979100.58
-48.5151 	 -27.5026 	 25.01 	 979095.38
-48.5138 	 -27.5293 	 36.53 	 979097.86
-48.4985 	 -27.5495 	 4.44 	 979111.28
-48.5244 	 -27.5798 	 3.28 	 979112.53
-48.7304 	 -26.8697 	 4.38 	 979047.57
-48.7304 	 -26.8697 	 4.38 	 979047.32
-48.7246 	 -26.8846 	 4.62 	 979047.12
-48.7208 	 -26.8898 	 3.61 	 979046.89
-48.6978 	 -26.8869 	 3.79 	 979047.51
-48.685 	 -26.8889 	 3.37 	 979048.81
-48.671 	 -26.9031 	 4.28 	 979048.9
-48.6796 	 -26.9224 	 2.96 	 979050.76
-48.6577 	 -26.9066 	 1.7 	 979050.44
-48.7275 	 -26.8599 	 3.98 	 979048.07
-48.7233 	 -26.8483 	 4.01 	 979047.16
-48.7164 	 -26.843 	 5.4 	 979047.36
-48.701 	 -26.835 	 7.95 	 979047.6
-48.6903 	 -26.8319 	 9.1 	 979046.63
-48.6829 	 -26.8207 	 24.45 	 979043.71
-48.6832 	 -26.8172 	 5.83 	 979047.62
-48.6802 	 -26.7988 	 14.34 	 979048.03
-48.5424 	 -27.5767 	 3.46 	 979110.99
-48.563 	 -27.5923 	 6.59 	 979108.86
-48.589 	 -27.6 	 31.86 	 979099.9
-48.5758 	 -27.5984 	 25.13 	 979103.65
-48.6044 	 -27.6 	 4.08 	 979103.99
-48.6152 	 -27.5878 	 18.3 	 979099.43
-48.6508 	 -26.8228 	 10.99 	 979045.79
-48.6617 	 -26.774 	 1.93 	 979047.08
-48.6714 	 -26.7653 	 8.92 	 979044.58
-48.6846 	 -26.6331 	 11.17 	 979033.12
-48.687 	 -26.6457 	 12.55 	 979035.8
-48.69 	 -26.6693 	 13.05 	 979039.17
-48.6975 	 -26.6918 	 8.38 	 979042.46
-48.5799 	 -27.5778 	 2.28 	 979104.45
-48.6484 	 -27.4866 	 8.19 	 979084.47
-48.6986 	 -27.353 	 54.28 	 979058.98
-48.6678 	 -27.3111 	 10.25 	 979066.01
-48.65 	 -27.2849 	 5.46 	 979065.31
-48.6796 	 -26.7962 	 19.03 	 979046.29
-48.6855 	 -26.7738 	 15.04 	 979043.84
-48.7006 	 -26.7321 	 17.62 	 979042.07
-48.6933 	 -26.6389 	 18.88 	 979032.59
-48.7147 	 -26.5286 	 10.85 	 979027.86
-48.7142 	 -26.5493 	 9.76 	 979028.98
-48.7208 	 -26.569 	 7.6 	 979029.76
-48.7224 	 -26.5906 	 5.07 	 979029.09
-48.7221 	 -26.6111 	 14.86 	 979027.12
-48.7077 	 -26.6289 	 17.4 	 979029.63
-48.7031 	 -26.7132 	 16.63 	 979042.4
-48.5929 	 -27.1417 	 2.39 	 979063.46
-48.553 	 -27.1581 	 5.7 	 979066.0
-48.6136 	 -27.1055 	 3.65 	 979061.14
-48.6172 	 -27.0936 	 2.83 	 979057.75
-48.6101 	 -27.0875 	 3.28 	 979058.34
-48.6131 	 -27.0873 	 3.49 	 979057.93
-50.353 	 -28.3348 	 1088.59 	 978908.06
-50.374 	 -28.3084 	 1114.57 	 978901.18
-50.4193 	 -28.3084 	 1099.17 	 978903.23
-50.5344 	 -28.1138 	 1082.95 	 978892.73
-50.5112 	 -28.187 	 915.32 	 978931.56
-50.4846 	 -28.2757 	 1019.17 	 978918.2
-50.4605 	 -28.3039 	 1039.34 	 978912.38
-50.4769 	 -28.2861 	 993.33 	 978922.71
-50.3798 	 -27.4846 	 861.3 	 978887.74
-50.3789 	 -27.4854 	 863.1 	 978887.61
-50.4605 	 -27.4277 	 929.19 	 978862.79
-50.3942 	 -27.4546 	 867.48 	 978880.26
-50.3642 	 -27.523 	 891.26 	 978887.12
-50.3656 	 -27.5025 	 884.2 	 978886.18
-50.3771 	 -27.5509 	 852.54 	 978896.46
-50.3707 	 -27.5768 	 851.72 	 978898.65
-50.3781 	 -27.824 	 990.42 	 978873.55
-50.3596 	 -27.5898 	 852.7 	 978900.92
-50.3402 	 -27.6317 	 857.88 	 978900.7
-50.3367 	 -27.6569 	 878.11 	 978896.98
-50.3533 	 -27.787 	 1007.03 	 978869.05
-50.3628 	 -27.8002 	 1023.53 	 978865.47
-50.3328 	 -27.7937 	 924.55 	 978886.84
-49.7537 	 -27.7347 	 903.46 	 978895.0
-48.4401 	 -27.606 	 47.07 	 979119.98
-48.4358 	 -27.5888 	 1.66 	 979128.07
-48.4363 	 -27.5974 	 71.19 	 979114.81
-48.4309 	 -27.5305 	 7.78 	 979117.35
-48.4243 	 -27.5069 	 7.83 	 979118.55
-48.4142 	 -27.4703 	 25.44 	 979110.19
-48.4044 	 -27.4498 	 16.25 	 979111.34
-48.3928 	 -27.4382 	 6.64 	 979110.94
-48.6445 	 -27.0335 	 4.39 	 979053.35
-48.4345 	 -27.4487 	 7.98 	 979109.9
-48.4189 	 -27.4438 	 47.72 	 979106.67
-49.1517 	 -27.6719 	 1039.88 	 978877.0
-49.1715 	 -27.6614 	 1005.03 	 978882.28
-49.1766 	 -27.6615 	 976.15 	 978888.28
-49.1959 	 -27.6633 	 757.18 	 978929.46
-50.3786 	 -27.8451 	 924.58 	 978887.72
-50.3955 	 -27.8671 	 880.35 	 978899.9
-50.4145 	 -27.8836 	 922.9 	 978895.37
-50.43 	 -27.8977 	 909.85 	 978901.77
-49.24 	 -27.7074 	 546.35 	 978972.16
-49.257 	 -27.7136 	 513.04 	 978978.3
-49.2815 	 -27.7018 	 489.11 	 978980.5
-49.3317 	 -27.695 	 471.36 	 978981.56
-49.3338 	 -27.6965 	 463.33 	 978983.23
-49.3063 	 -27.6941 	 503.66 	 978976.52
-49.3061 	 -27.6919 	 476.61 	 978980.7
-49.3547 	 -27.716 	 552.18 	 978965.4
-49.4679 	 -27.8016 	 898.64 	 978903.72
-49.4517 	 -27.8053 	 893.56 	 978905.48
-49.4236 	 -27.7992 	 903.27 	 978902.89
-49.3975 	 -27.7611 	 834.85 	 978912.95
-49.3628 	 -27.7296 	 684.27 	 978942.42
-49.3834 	 -27.7396 	 776.47 	 978923.25
-49.5152 	 -27.8101 	 892.93 	 978903.67
-49.5902 	 -27.8169 	 890.3 	 978899.73
-49.6346 	 -27.7949 	 869.67 	 978902.01
-49.6564 	 -27.7752 	 858.62 	 978905.25
-50.2601 	 -28.3737 	 1036.2 	 978913.03
-50.2574 	 -28.3839 	 1114.22 	 978897.69
-50.2751 	 -28.3718 	 962.41 	 978927.44
-50.295 	 -28.3698 	 967.51 	 978927.11
-50.2971 	 -28.3594 	 915.57 	 978935.44
-50.2988 	 -28.3508 	 805.31 	 978956.09
-50.2539 	 -28.3892 	 1069.92 	 978908.18
-50.2906 	 -28.4026 	 1064.58 	 978909.85
-50.2766 	 -28.4 	 1042.93 	 978914.2
-50.2297 	 -28.395 	 1129.36 	 978896.62
-50.2123 	 -28.3971 	 1120.58 	 978899.37
-50.4721 	 -27.9397 	 952.21 	 978901.81
-50.5064 	 -27.9744 	 977.93 	 978903.21
-50.5249 	 -27.9916 	 909.88 	 978919.03
-50.5416 	 -28.0071 	 922.71 	 978917.69
-50.5717 	 -28.0622 	 992.33 	 978909.36
-50.5815 	 -28.0766 	 1011.74 	 978906.04
-50.5949 	 -28.0892 	 964.7 	 978915.26
-50.6128 	 -28.1042 	 937.22 	 978922.42
-50.0489 	 -28.1297 	 1124.97 	 978877.97
-49.9627 	 -27.7345 	 859.47 	 978907.77
-49.8932 	 -27.741 	 870.98 	 978903.91
-49.8218 	 -27.7465 	 878.37 	 978901.34
-49.8163 	 -27.7498 	 864.69 	 978904.26
-49.7734 	 -27.8062 	 855.17 	 978907.99
-49.7841 	 -27.8058 	 890.47 	 978900.51
-49.8698 	 -27.7404 	 866.28 	 978904.48
-49.9235 	 -27.7406 	 889.12 	 978900.35
-50.0359 	 -28.1392 	 1177.58 	 978869.0
-49.9878 	 -28.2246 	 1314.43 	 978854.45
-49.9707 	 -28.2391 	 1284.36 	 978862.03
-49.9321 	 -28.2943 	 1359.45 	 978852.46
-49.9329 	 -28.2946 	 1357.56 	 978852.74
-49.9357 	 -28.2938 	 1351.23 	 978853.99
-49.8114 	 -27.7711 	 913.0 	 978893.96
-49.7955 	 -27.7958 	 877.98 	 978902.46
-49.7537 	 -27.8096 	 905.28 	 978897.43
-49.7501 	 -27.79 	 883.46 	 978900.3
-49.7581 	 -27.7677 	 871.3 	 978901.21
-49.7598 	 -27.7492 	 851.89 	 978905.16
-49.7263 	 -27.7433 	 889.32 	 978896.34
-49.6739 	 -27.76 	 879.71 	 978900.47
-49.7008 	 -27.7537 	 861.08 	 978902.16
-49.964 	 -28.2582 	 1181.52 	 978883.83
-49.9475 	 -28.3112 	 1266.63 	 978873.41
-49.9617 	 -28.3454 	 1300.2 	 978869.54
-49.9688 	 -28.3591 	 1266.56 	 978878.17
-49.9809 	 -28.3725 	 1248.09 	 978882.74
-49.9966 	 -28.3809 	 1292.25 	 978875.07
-49.2019 	 -27.6718 	 643.43 	 978952.2
-49.1894 	 -27.6628 	 883.27 	 978906.23
-48.9936 	 -27.6878 	 779.14 	 978938.94
-49.0081 	 -27.6851 	 774.84 	 978935.45
-49.2611 	 -27.7139 	 513.43 	 978977.85
-49.2863 	 -27.6998 	 485.47 	 978980.64
-50.1966 	 -28.3973 	 1128.01 	 978900.31
-49.1282 	 -27.6625 	 845.58 	 978915.73
-49.1015 	 -27.6428 	 689.76 	 978945.63
-49.0755 	 -27.6579 	 639.49 	 978955.58
-49.0588 	 -27.6716 	 820.41 	 978923.68
-48.731 	 -27.689 	 11.91 	 979095.61
-48.8405 	 -27.7067 	 173.91 	 979059.57
-48.8803 	 -27.7166 	 185.14 	 979056.83
-48.8933 	 -27.7212 	 191.46 	 979055.62
-48.9188 	 -27.7202 	 297.67 	 979037.99
-48.9342 	 -27.7143 	 417.41 	 979016.63
-49.3745 	 -28.8074 	 14.31 	 979165.5
-49.3477 	 -28.7918 	 7.69 	 979166.33
-49.3185 	 -28.7765 	 21.55 	 979163.52
-49.363 	 -28.6795 	 52.61 	 979144.79
-49.3812 	 -28.6556 	 96.19 	 979135.3
-49.378 	 -28.6661 	 128.51 	 979129.34
-49.3836 	 -28.6247 	 150.13 	 979122.03
-49.3856 	 -28.6375 	 124.76 	 979128.3
-49.3906 	 -28.6454 	 63.3 	 979141.51
-48.6887 	 -27.6773 	 8.44 	 979098.88
-48.6615 	 -28.2372 	 13.18 	 979163.75
-49.0534 	 -28.5345 	 14.17 	 979162.49
-50.3306 	 -27.8154 	 913.78 	 978889.45
-50.3382 	 -27.829 	 932.76 	 978885.45
-48.9487 	 -27.7101 	 548.39 	 978990.63
-48.9609 	 -27.7027 	 602.53 	 978979.4
-48.9716 	 -27.6855 	 757.7 	 978946.1
-49.1603 	 -27.6625 	 1040.09 	 978875.46
-49.2388 	 -27.7042 	 550.5 	 978970.84
-49.2227 	 -27.6868 	 585.55 	 978962.87
-50.2978 	 -27.8233 	 893.19 	 978893.66
-50.2502 	 -27.8266 	 914.13 	 978890.69
-50.2306 	 -27.8431 	 895.87 	 978894.55
-50.2119 	 -27.8619 	 902.46 	 978894.86
-50.1185 	 -27.9053 	 1119.69 	 978854.04
-50.1401 	 -27.8929 	 1117.26 	 978853.7
-50.1644 	 -27.886 	 1064.53 	 978864.72
-50.1955 	 -27.8663 	 928.21 	 978889.92
-50.2715 	 -27.8168 	 907.85 	 978890.88
-50.2853 	 -27.7953 	 919.08 	 978890.56
-50.2597 	 -27.7849 	 938.89 	 978885.97
-50.2019 	 -27.7739 	 884.33 	 978898.5
-50.1749 	 -27.7689 	 888.29 	 978898.77
-50.149 	 -27.7621 	 885.61 	 978898.97
-50.1237 	 -27.7568 	 923.93 	 978890.23
-50.0957 	 -27.7511 	 872.41 	 978901.45
-50.0189 	 -27.7369 	 877.89 	 978902.66
-49.9871 	 -27.7345 	 862.87 	 978906.32
-50.0735 	 -28.0665 	 1136.97 	 978864.15
-50.0616 	 -28.0872 	 1000.18 	 978896.19
-50.0531 	 -28.1079 	 1083.43 	 978881.96
-49.0218 	 -28.4832 	 9.58 	 979158.1
-48.8435 	 -28.3248 	 8.32 	 979158.34
-48.9117 	 -28.1788 	 121.73 	 979102.4
-48.9496 	 -28.1798 	 140.8 	 979100.61
-48.9748 	 -28.1675 	 52.12 	 979116.46
-48.9759 	 -28.2081 	 33.39 	 979122.07
-48.9924 	 -28.2417 	 23.31 	 979125.66
-49.0209 	 -28.271 	 22.75 	 979127.93
-48.9256 	 -28.4286 	 10.45 	 979159.1
-49.1023 	 -28.3006 	 98.51 	 979112.53
-49.1323 	 -28.2742 	 84.9 	 979114.21
-49.1654 	 -28.2839 	 65.31 	 979117.24
-49.1535 	 -28.3185 	 56.53 	 979121.68
-49.2008 	 -28.3332 	 124.92 	 979106.22
-49.2253 	 -28.3438 	 250.3 	 979081.98
-49.0161 	 -28.3129 	 19.39 	 979130.47
-49.0159 	 -28.1454 	 113.19 	 979101.58
-48.957 	 -28.0266 	 256.51 	 979065.03
-48.971 	 -28.0592 	 270.54 	 979064.66
-48.9536 	 -28.0006 	 270.95 	 979059.03
-48.9382 	 -27.9335 	 407.48 	 979031.81
-49.3475 	 -28.653 	 82.59 	 979136.96
-49.3429 	 -28.638 	 60.47 	 979140.27
-49.3203 	 -28.5664 	 106.47 	 979126.68
-49.3207 	 -28.5257 	 42.91 	 979137.49
-49.3124 	 -28.4954 	 65.88 	 979129.81
-49.3101 	 -28.4531 	 213.65 	 979098.22
-49.3601 	 -28.3823 	 219.31 	 979090.82
-48.9706 	 -28.4497 	 7.83 	 979157.57
-49.064 	 -28.0698 	 622.64 	 978985.64
-48.941 	 -27.9723 	 405.54 	 979032.61
-48.9703 	 -27.8236 	 668.67 	 978972.38
-48.9778 	 -27.7726 	 474.2 	 979008.49
-48.9296 	 -27.7482 	 218.7 	 979052.21
-48.9639 	 -27.7454 	 292.2 	 979043.28
-48.9881 	 -27.793 	 484.72 	 979008.03
-49.2933 	 -28.4165 	 209.84 	 979095.82
-49.2849 	 -28.3822 	 198.16 	 979094.92
-49.2778 	 -28.3563 	 141.12 	 979105.2
-49.2174 	 -28.6508 	 20.63 	 979153.81
-49.098 	 -28.6395 	 15.58 	 979166.81
-49.0625 	 -28.613 	 11.9 	 979169.34
-49.0464 	 -28.5063 	 8.64 	 979166.83
-49.0534 	 -28.5345 	 14.17 	 979163.14
-49.0543 	 -28.5615 	 6.76 	 979166.69
-49.1221 	 -28.6504 	 55.93 	 979155.54
-49.2377 	 -28.6734 	 19.01 	 979156.62
-49.274 	 -28.6801 	 27.15 	 979154.25
-49.3229 	 -28.6801 	 49.23 	 979145.13
-49.4269 	 -28.5823 	 122.94 	 979127.23
-49.4258 	 -28.6631 	 84.38 	 979138.15
-49.4146 	 -28.633 	 124.79 	 979128.19
-49.4281 	 -28.5993 	 110.04 	 979129.99
-49.4572 	 -28.5594 	 106.27 	 979125.91
-49.46 	 -28.5326 	 130.4 	 979119.28
-49.4504 	 -28.49 	 189.89 	 979105.28
-49.4584 	 -28.4526 	 347.48 	 979067.98
-49.4421 	 -28.4236 	 279.42 	 979079.02
-49.4069 	 -28.4115 	 288.66 	 979077.23
-49.3947 	 -28.3952 	 201.13 	 979094.53
-48.8776 	 -28.4297 	 5.21 	 979170.65
-48.9047 	 -28.4253 	 15.85 	 979162.91
-48.9238 	 -28.4284 	 17.66 	 979158.14
-48.9304 	 -28.4255 	 29.8 	 979154.03
-48.9498 	 -28.4286 	 20.41 	 979153.28
-49.0101 	 -28.4749 	 9.74 	 979156.31
-48.6378 	 -27.7956 	 62.6 	 979101.24
-48.6303 	 -27.7632 	 15.72 	 979110.79
-48.6757 	 -27.6949 	 5.9 	 979098.83
-48.6918 	 -27.679 	 7.62 	 979098.76
-48.6499 	 -27.8338 	 11.36 	 979112.99
-48.6363 	 -27.9041 	 3.35 	 979131.4
-48.6647 	 -27.935 	 8.7 	 979130.47
-48.681 	 -27.9762 	 8.41 	 979133.56
-48.696 	 -28.0141 	 49.28 	 979127.7
-48.6962 	 -28.1808 	 25.11 	 979148.88
-48.9645 	 -28.4425 	 10.36 	 979156.71
-48.9901 	 -28.4611 	 5.78 	 979154.72
-49.0146 	 -28.47 	 9.34 	 979155.15
-49.2698 	 -28.7505 	 17.7 	 979162.48
-49.2464 	 -28.7342 	 15.49 	 979162.75
-49.2757 	 -28.753 	 30.18 	 979160.14
-49.3096 	 -28.6997 	 30.85 	 979153.2
-49.2909 	 -28.7362 	 25.65 	 979158.68
-49.0365 	 -28.4846 	 26.31 	 979156.68
-49.0533 	 -28.5405 	 6.89 	 979163.29
-49.0509 	 -28.582 	 13.39 	 979165.65
-49.1036 	 -28.6469 	 17.07 	 979166.33
-49.1167 	 -28.6668 	 22.78 	 979166.27
-49.1591 	 -28.6883 	 8.08 	 979164.36
-49.1804 	 -28.6973 	 35.96 	 979161.07
-49.2285 	 -28.7161 	 11.45 	 979162.81
-49.2015 	 -28.7047 	 11.78 	 979163.59
-49.137 	 -28.6785 	 31.33 	 979164.7
-49.0667 	 -28.615 	 34.68 	 979163.68
-49.0889 	 -28.6303 	 28.91 	 979164.12
-48.6504 	 -28.2313 	 7.4 	 979167.51
-48.6508 	 -28.2304 	 7.65 	 979166.94
-49.0062 	 -28.4838 	 25.33 	 979155.99
-49.0074 	 -28.4823 	 9.97 	 979159.05
-49.0547 	 -28.5619 	 7.72 	 979162.95
-49.0514 	 -28.6007 	 10.68 	 979168.4
-49.0444 	 -28.4971 	 6.26 	 979163.31
-49.0081 	 -28.4797 	 8.68 	 979157.89
-48.7884 	 -28.3118 	 8.25 	 979162.22
-48.7788 	 -28.2697 	 13.86 	 979158.89
-48.8152 	 -28.3443 	 7.48 	 979166.3
-48.8626 	 -28.2904 	 16.5 	 979143.95
-48.8746 	 -28.2502 	 11.11 	 979136.44
-48.8823 	 -28.213 	 18.69 	 979127.02
-48.8715 	 -28.4304 	 6.07 	 979171.39
-48.9882 	 -28.4588 	 6.52 	 979154.28
-49.0106 	 -28.4088 	 13.33 	 979143.01
-49.0254 	 -28.3739 	 12.87 	 979136.74
-49.0325 	 -28.3327 	 13.06 	 979133.53
-49.0777 	 -28.3288 	 27.73 	 979127.35
-49.0198 	 -28.4336 	 12.21 	 979147.24
-49.0533 	 -27.6728 	 840.19 	 978920.6
-49.0669 	 -27.6666 	 724.66 	 978941.09
-49.1145 	 -27.6428 	 702.49 	 978943.12
-49.1309 	 -27.6652 	 886.85 	 978907.02
-49.1396 	 -27.6696 	 1014.91 	 978880.54
-49.009 	 -27.6854 	 782.31 	 978933.85
-49.0061 	 -27.6813 	 793.35 	 978931.46
-49.0105 	 -27.6999 	 803.5 	 978931.89
-48.932 	 -27.8922 	 423.38 	 979026.23
-48.9511 	 -27.8498 	 504.25 	 979004.73
-48.911 	 -27.7327 	 202.52 	 979053.82
-48.6752 	 -28.2183 	 80.55 	 979147.79
-48.7003 	 -28.2146 	 25.84 	 979154.73
-48.6953 	 -28.1812 	 23.81 	 979139.88
-48.6921 	 -28.1551 	 16.93 	 979147.36
-48.6919 	 -28.1253 	 11.65 	 979145.67
-48.7028 	 -28.104 	 5.75 	 979145.71
-48.7164 	 -28.0527 	 16.38 	 979135.14
-48.7077 	 -28.0324 	 18.29 	 979132.45
-48.7129 	 -28.076 	 10.23 	 979138.7
-48.7103 	 -28.0868 	 8.55 	 979141.57
-48.6928 	 -28.2633 	 17.5 	 979165.61
-48.6998 	 -28.2478 	 12.14 	 979164.78
-48.7267 	 -28.2099 	 6.41 	 979156.36
-48.7198 	 -28.3032 	 13.82 	 979168.61
-48.7324 	 -28.3336 	 11.76 	 979171.29
-48.7521 	 -28.3659 	 5.32 	 979174.03
-48.7842 	 -28.474 	 3.9 	 979181.35
-48.6791 	 -27.9669 	 5.81 	 979133.31
-48.6541 	 -27.9188 	 5.12 	 979127.08
-48.6459 	 -27.8651 	 9.12 	 979118.67
-48.6317 	 -27.8155 	 39.51 	 979109.79
-48.6378 	 -27.8027 	 103.32 	 979094.69
-48.6484 	 -27.8896 	 6.54 	 979124.43
-48.6869 	 -27.9946 	 12.09 	 979135.25
-48.6994 	 -28.0222 	 50.36 	 979127.46
-48.6925 	 -28.0069 	 88.97 	 979120.06
-48.6952 	 -28.1574 	 17.75 	 979147.64
-48.7004 	 -28.2111 	 23.51 	 979153.8
-48.7925 	 -28.4583 	 8.11 	 979173.4
-48.7807 	 -28.4838 	 5.69 	 979185.02
-48.7782 	 -28.4885 	 134.02 	 979157.9
-48.7833 	 -28.4816 	 4.16 	 979184.99
-48.7846 	 -28.4653 	 6.74 	 979177.48
-48.6351 	 -27.7848 	 56.72 	 979102.63
-48.674 	 -27.6701 	 5.95 	 979101.38
-48.6355 	 -27.741 	 5.01 	 979108.35
-48.631 	 -27.7688 	 4.77 	 979113.2
-48.7859 	 -28.4316 	 8.51 	 979171.59
-48.8216 	 -28.4423 	 7.73 	 979169.71
-49.4511 	 -28.8532 	 18.34 	 979169.49
-49.4409 	 -28.8192 	 14.11 	 979165.3
-49.4591 	 -28.7732 	 21.44 	 979158.24
-49.4774 	 -28.7331 	 32.0 	 979153.52
-49.4596 	 -28.7036 	 48.39 	 979147.91
-49.4107 	 -28.7008 	 31.61 	 979150.96
-48.7109 	 -27.6817 	 18.3 	 979094.67
-48.7782 	 -27.6888 	 36.74 	 979089.21
-48.7806 	 -27.6869 	 16.89 	 979092.95
-48.7309 	 -27.6892 	 10.88 	 979095.91
-48.8009 	 -27.7018 	 57.65 	 979086.38
-48.8935 	 -27.721 	 194.23 	 979055.24
-48.8718 	 -27.7165 	 195.93 	 979054.84
-49.4812 	 -28.9088 	 4.48 	 979174.92
-49.4638 	 -28.887 	 2.93 	 979175.3
-49.4437 	 -28.8611 	 15.65 	 979170.72
-49.4185 	 -28.8349 	 41.02 	 979162.67
-49.3934 	 -28.817 	 22.13 	 979164.63
-48.8186 	 -27.6976 	 68.19 	 979084.21
-48.8372 	 -27.7042 	 198.74 	 979055.2
-48.8526 	 -27.7094 	 180.74 	 979058.29
-48.9292 	 -27.7477 	 222.63 	 979051.4
-48.9468 	 -27.7438 	 235.56 	 979049.3
-48.9901 	 -27.7063 	 688.53 	 978959.83
-48.6772 	 -28.2463 	 8.86 	 979166.5
-48.6922 	 -28.2644 	 16.77 	 979165.64
-48.7025 	 -28.2814 	 17.67 	 979168.81
-48.716 	 -28.2977 	 14.8 	 979170.61
-48.7345 	 -28.3455 	 10.04 	 979174.02
-48.7521 	 -28.3637 	 6.33 	 979174.49
-48.7843 	 -28.398 	 12.74 	 979168.56
-48.7969 	 -28.4193 	 21.83 	 979166.72
-48.8385 	 -28.4324 	 6.31 	 979167.67
-49.0361 	 -27.6775 	 875.51 	 978913.63
-49.717 	 -29.1366 	 20.7 	 979195.14
-49.633 	 -29.1146 	 12.71 	 979196.78
-49.8113 	 -28.8344 	 99.6 	 979149.02
-49.924 	 -28.8063 	 698.34 	 979065.48
-49.8469 	 -28.8326 	 127.65 	 979142.45
-53.5186 	 -26.5425 	 742.51 	 978834.11
-53.506 	 -26.5001 	 763.54 	 978827.52
-53.5305 	 -26.3667 	 717.16 	 978833.97
-53.5853 	 -26.2794 	 847.83 	 978802.67
-53.6067 	 -26.2639 	 821.56 	 978807.2
-53.5068 	 -26.7885 	 680.95 	 978874.79
-53.5359 	 -26.9893 	 563.54 	 978916.16
-53.5327 	 -27.0102 	 589.53 	 978913.31
-53.5786 	 -27.0364 	 559.08 	 978918.45
-53.4967 	 -26.8614 	 534.38 	 978910.11
-53.5003 	 -26.7611 	 657.45 	 978874.51
-53.5155 	 -26.6777 	 656.46 	 978867.54
-48.8667 	 -26.006 	 75.73 	 978965.79
-48.8839 	 -25.9884 	 62.19 	 978965.25
-53.5252 	 -26.422 	 717.93 	 978835.19
-49.7556 	 -29.2792 	 5.74 	 979215.02
-49.6014 	 -29.0267 	 23.32 	 979180.46
-49.7358 	 -28.8929 	 50.97 	 979163.05
-49.7589 	 -29.217 	 6.94 	 979205.06
-49.9437 	 -28.8066 	 893.48 	 978980.07
-49.6591 	 -28.949 	 23.1 	 979173.15
-53.5187 	 -26.6366 	 675.63 	 978858.52
-53.4994 	 -26.9297 	 577.25 	 978910.58
-49.9507 	 -28.8026 	 1232.14 	 978899.18
-48.798 	 -26.0296 	 10.11 	 978984.83
-48.7181 	 -26.4276 	 11.36 	 979018.14
-48.9104 	 -26.184 	 30.9 	 978998.87
-48.9072 	 -26.1652 	 26.72 	 978997.53
-48.9034 	 -26.1417 	 30.59 	 978994.55
-48.8886 	 -26.1286 	 32.47 	 978993.37
-48.8752 	 -26.1121 	 24.91 	 978993.64
-48.8639 	 -26.0912 	 22.17 	 978990.05
-48.8603 	 -26.0675 	 16.11 	 978985.65
-48.8595 	 -26.0464 	 21.49 	 978981.9
-48.8606 	 -26.0287 	 42.09 	 978976.37
-48.6467 	 -27.2571 	 1.76 	 979064.91
-48.8747 	 -28.4301 	 6.21 	 979171.18
-48.62 	 -27.2311 	 2.52 	 979066.06
-48.6057 	 -27.1992 	 3.2 	 979066.34
-48.5981 	 -27.1777 	 10.12 	 979065.14
-48.5807 	 -27.1616 	 3.73 	 979066.81
-48.8979 	 -28.4243 	 19.89 	 979164.31
-48.5975 	 -27.1346 	 3.09 	 979063.77
-48.6154 	 -27.105 	 7.86 	 979059.39
-48.9303 	 -28.4256 	 29.1 	 979154.02
-48.6212 	 -27.0767 	 124.85 	 979031.76
-48.6832 	 -26.8783 	 5.18 	 979048.03
-48.6606 	 -26.8504 	 7.46 	 979047.31
-49.0433 	 -28.4956 	 9.05 	 979162.39
-48.6364 	 -26.7944 	 7.04 	 979048.41
-49.0529 	 -28.539 	 8.67 	 979163.5
-49.1542 	 -28.6853 	 6.8 	 979165.22
-48.9572 	 -28.434 	 27.61 	 979152.68
-48.6478 	 -27.0287 	 4.84 	 979053.68
-48.6532 	 -27.0175 	 2.41 	 979058.15
-48.6447 	 -26.9926 	 4.51 	 979058.57
-48.6398 	 -26.9678 	 16.27 	 979056.14
-48.8006 	 -26.4059 	 27.61 	 979016.38
-48.7747 	 -26.4173 	 14.53 	 979024.06
-48.7609 	 -26.4133 	 3.77 	 979026.58
-48.7402 	 -26.397 	 5.5 	 979021.95
-48.8733 	 -26.2956 	 16.43 	 979011.11
-49.2702 	 -28.7513 	 18.62 	 979162.5
-49.1804 	 -28.6975 	 38.35 	 979160.76
-48.6754 	 -26.7578 	 9.95 	 979044.64
-48.683 	 -26.7242 	 10.19 	 979043.79
-48.6862 	 -26.6921 	 3.3 	 979044.19
-48.6898 	 -26.6724 	 12.55 	 979039.6
-48.6875 	 -26.6569 	 11.14 	 979037.55
-48.6903 	 -26.6414 	 17.92 	 979033.39
-48.7215 	 -26.5907 	 4.68 	 979029.09
-48.7165 	 -26.6221 	 14.03 	 979028.84
-48.72 	 -26.5621 	 8.56 	 979029.13
-48.7136 	 -26.5335 	 8.86 	 979028.67
-48.9102 	 -26.2445 	 32.16 	 979002.69
-48.904 	 -26.2599 	 31.57 	 979003.87
-48.8907 	 -26.2798 	 30.3 	 979006.59
-49.4661 	 -28.8893 	 3.64 	 979174.73
-48.7102 	 -28.0862 	 8.43 	 979141.49
-48.6958 	 -28.0143 	 50.28 	 979127.6
-48.6807 	 -27.977 	 8.08 	 979133.59
-48.8217 	 -26.3841 	 19.42 	 979018.05
-48.6092 	 -27.1252 	 3.85 	 979063.8
-49.4964 	 -28.9378 	 11.55 	 979175.7
-48.7138 	 -25.9864 	 20.0 	 978974.93
-48.8276 	 -26.0279 	 9.15 	 978985.63
-48.7183 	 -26.4138 	 9.85 	 979017.44
-48.6923 	 -28.2647 	 16.42 	 979165.66
-48.678 	 -28.2179 	 81.03 	 979149.01
-48.706 	 -28.2146 	 20.86 	 979153.7
-48.6399 	 -26.9438 	 9.88 	 979056.82
-48.6537 	 -26.9164 	 2.06 	 979052.69
-48.6575 	 -26.9064 	 1.61 	 979050.42
-48.6783 	 -26.8859 	 2.23 	 979048.39
-48.9879 	 -28.4593 	 4.76 	 979154.83
-48.6952 	 -28.1811 	 23.79 	 979149.47
-48.6939 	 -28.1278 	 12.32 	 979145.85
-48.6695 	 -27.9416 	 30.92 	 979125.73
-48.6359 	 -27.9036 	 3.21 	 979131.58
-48.6329 	 -27.8703 	 6.15 	 979123.06
-48.6498 	 -27.8335 	 10.67 	 979113.19
-48.638 	 -27.7954 	 63.21 	 979101.12
-48.6772 	 -28.2463 	 8.81 	 979166.53
-48.5981 	 -27.5747 	 4.0 	 979101.04
-48.6045 	 -27.6001 	 4.05 	 979104.04
-48.6421 	 -27.6333 	 4.68 	 979103.52
-48.675 	 -27.6656 	 5.7 	 979101.45
-48.674 	 -27.7009 	 5.42 	 979098.49
-48.7965 	 -28.419 	 23.06 	 979166.48
-48.6182 	 -27.5562 	 2.2 	 979099.03
-48.6313 	 -27.5318 	 4.2 	 979094.76
-48.6422 	 -27.5115 	 2.73 	 979089.66
-48.6504 	 -27.4876 	 3.1 	 979085.14
-48.6678 	 -27.4698 	 5.8 	 979081.63
-48.6906 	 -27.4606 	 6.81 	 979081.63
-48.7034 	 -27.4423 	 12.37 	 979078.01
-48.7064 	 -27.4205 	 22.68 	 979071.87
-48.7032 	 -27.3978 	 56.11 	 979062.35
-48.6962 	 -27.3779 	 17.77 	 979067.78
-48.6976 	 -27.3564 	 39.67 	 979061.62
-48.6959 	 -27.3316 	 15.67 	 979066.14
-48.6695 	 -27.3125 	 9.21 	 979066.09
-48.6643 	 -28.2343 	 6.98 	 979164.12
-48.6559 	 -27.2939 	 5.76 	 979065.16
-48.7137 	 -26.508 	 11.69 	 979026.14
-48.715 	 -26.4758 	 10.75 	 979022.22
-48.7173 	 -26.4413 	 10.78 	 979019.74
-48.8819 	 -26.2963 	 18.27 	 979008.88
-48.8519 	 -26.2997 	 13.29 	 979013.42
-48.8453 	 -26.317 	 7.3 	 979016.36
-48.8472 	 -26.3402 	 7.83 	 979016.69
-48.8388 	 -26.3621 	 12.66 	 979017.69
-49.4443 	 -28.8618 	 15.24 	 979170.95
-48.9141 	 -26.2033 	 27.51 	 978999.72
-48.9166 	 -26.2271 	 50.94 	 978997.24
-49.8849 	 -27.26497 	 370.878 	 978992.75
-49.69417 	 -28.31356 	 1318.37 	 978859.61
-49.41202 	 -27.06047 	 95.734 	 979024.29
-50.1736 	 -27.44 	 839.585 	 978891.73
-49.58665 	 -28.36175 	 1361.469 	 978854.24
-48.93598 	 -26.91326 	 10.432 	 979042.6
-48.50383 	 -27.49264 	 3.768 	 979099.76
-48.66857 	 -26.78195 	 8.563 	 979046.7
-49.57 	 -27.82289 	 873.267 	 978905.34
-50.48444 	 -27.95613 	 982.288 	 978898.35
-49.61604 	 -27.81066 	 866.884 	 978903.61
-49.99578 	 -28.19393 	 1256.999 	 978861.82
-50.04866 	 -28.4132 	 1200.453 	 978896.92
-50.08874 	 -28.3982 	 1155.245 	 978903.64
-49.12563 	 -27.65994 	 805.34 	 978923.78
-50.10346 	 -27.92052 	 1129.353 	 978850.19
-49.39937 	 -28.82136 	 21.239 	 979165.22
-48.65608 	 -28.23661 	 11.85 	 979166.02
-48.65944 	 -28.23811 	 12.64 	 979164.51
-48.69423 	 -28.21649 	 39.485 	 979154.52
-48.91686 	 -26.20224 	 31.845 	 978998.68
-48.51905 	 -27.59939 	 7.941 	 979117.4
-49.40925 	 -28.70077 	 32.621 	 979150.74
-48.76212 	 -26.95091 	 9.746 	 979048.77
