LONG(deg) 	 LAT(deg) 	 ALT_GEOM(m) 	 GRAV(mGal)
-37.121 	 -9.9492 	 71.45 	 978152.59
-37.1 	 -10.093 	 162.98 	 978148.02
-37.953 	 -11.151 	 163.67 	 978200.24
-37.906 	 -11.161 	 190.97 	 978200.26
-37.872 	 -11.226 	 0.28 	 978210.59
-37.488 	 -11.301 	 31.98 	 978248.36
-37.554 	 -11.292 	 118.95 	 978231.31
-37.599 	 -11.312 	 127.11 	 978228.91
-37.62 	 -11.262 	 99.95 	 978236.94
-37.66 	 -11.209 	 155.82 	 978229.98
-37.693 	 -11.291 	 144.57 	 978234.38
-37.784 	 -11.27 	 172.94 	 978221.75
-37.435 	 -11.248 	 37.29 	 978239.44
-37.451 	 -11.16 	 47.04 	 978234.62
-37.473 	 -11.097 	 64.83 	 978229.24
-37.478 	 -11.019 	 90.5 	 978218.23
-37.431 	 -10.975 	 143.32 	 978194.4
-37.357 	 -10.989 	 102.52 	 978197.88
-37.306 	 -11.001 	 -0.74 	 978210.67
-37.249 	 -10.959 	 41.17 	 978191.2
-37.183 	 -10.929 	 31.47 	 978181.84
-37.135 	 -10.902 	 5.23 	 978188.42
-37.127 	 -10.852 	 26.21 	 978188.43
-37.166 	 -10.805 	 -0.44 	 978193.0
-37.119 	 -10.769 	 5.63 	 978201.0
-37.081 	 -10.738 	 0.0 	 978199.8
-37.031 	 -10.695 	 13.07 	 978194.82
-36.985 	 -10.687 	 10.3 	 978196.14
-36.984 	 -10.647 	 -1.9 	 978184.61
-36.964 	 -10.571 	 17.61 	 978166.64
-36.945 	 -10.503 	 127.95 	 978152.28
-36.956 	 -10.425 	 141.36 	 978151.08
-36.896 	 -10.386 	 141.63 	 978151.55
-36.827 	 -10.381 	 110.89 	 978158.01
-36.8 	 -10.347 	 82.35 	 978160.09
-36.756 	 -10.355 	 104.52 	 978156.93
-36.693 	 -10.339 	 110.37 	 978153.6
-36.619 	 -10.322 	 84.06 	 978157.97
-37.443 	 -10.676 	 192.58 	 978163.03
-37.451 	 -10.648 	 188.23 	 978162.49
-37.478 	 -10.597 	 204.55 	 978149.83
-37.496 	 -10.58 	 206.46 	 978148.43
-37.513 	 -10.564 	 174.61 	 978154.31
-37.527 	 -10.552 	 259.82 	 978135.99
-37.559 	 -10.542 	 182.32 	 978153.38
-37.589 	 -10.539 	 190.91 	 978152.88
-37.641 	 -10.542 	 171.54 	 978161.31
-37.674 	 -10.399 	 322.83 	 978132.85
-37.675 	 -10.417 	 278.26 	 978140.35
-37.677 	 -10.442 	 266.0 	 978141.89
-37.669 	 -10.465 	 234.12 	 978146.95
-37.655 	 -10.496 	 190.71 	 978155.93
-37.647 	 -10.518 	 198.47 	 978154.87
-37.662 	 -10.55 	 180.22 	 978162.48
-37.688 	 -10.557 	 200.4 	 978162.39
-37.739 	 -10.593 	 166.09 	 978179.4
-37.745 	 -10.616 	 152.15 	 978186.64
-37.759 	 -10.629 	 174.18 	 978184.38
-37.761 	 -10.649 	 183.62 	 978185.22
-37.811 	 -10.737 	 253.75 	 978177.05
-37.788 	 -10.712 	 342.59 	 978159.51
-37.772 	 -10.695 	 305.58 	 978165.07
-37.766 	 -10.668 	 163.28 	 978191.95
-37.447 	 -10.711 	 142.71 	 978174.15
-37.457 	 -10.72 	 136.76 	 978176.95
-37.49 	 -10.746 	 205.89 	 978167.82
-37.516 	 -10.758 	 146.5 	 978183.06
-37.534 	 -10.768 	 146.27 	 978187.69
-37.547 	 -10.793 	 186.69 	 978181.22
-37.55 	 -10.818 	 170.11 	 978183.4
-37.558 	 -10.849 	 129.28 	 978198.32
-37.57 	 -10.874 	 150.39 	 978199.93
-37.616 	 -10.911 	 128.35 	 978210.02
-37.788 	 -10.755 	 216.83 	 978183.78
-37.777 	 -10.77 	 212.9 	 978183.62
-37.756 	 -10.782 	 225.7 	 978179.93
-37.74 	 -10.79 	 212.6 	 978182.72
-37.722 	 -10.808 	 196.36 	 978186.83
-37.719 	 -10.833 	 174.73 	 978195.14
-37.713 	 -10.86 	 174.49 	 978197.8
-37.699 	 -10.88 	 152.73 	 978203.93
-37.685 	 -10.9 	 173.87 	 978201.33
-37.642 	 -10.909 	 130.25 	 978211.32
-37.636 	 -10.949 	 164.17 	 978209.38
-37.62 	 -10.966 	 147.48 	 978215.29
-37.517 	 -11.002 	 110.03 	 978219.58
-37.532 	 -10.991 	 154.33 	 978210.52
-37.542 	 -10.988 	 156.8 	 978210.46
-37.556 	 -10.985 	 162.25 	 978209.03
-37.571 	 -10.981 	 155.45 	 978213.04
-37.603 	 -10.976 	 98.05 	 978226.65
-37.691 	 -10.933 	 161.19 	 978207.72
-37.707 	 -10.954 	 111.59 	 978220.49
-37.718 	 -10.97 	 114.33 	 978222.62
-37.722 	 -10.989 	 140.81 	 978221.25
-37.72 	 -11.017 	 148.86 	 978225.08
-37.725 	 -11.045 	 135.45 	 978229.4
-37.734 	 -11.068 	 160.35 	 978225.23
-37.898 	 -11.129 	 174.08 	 978204.69
-37.872 	 -11.118 	 218.22 	 978199.99
-37.799 	 -11.095 	 194.87 	 978215.33
-37.778 	 -11.081 	 193.81 	 978216.65
-37.757 	 -11.068 	 202.86 	 978215.06
-37.491 	 -11.473 	 -0.75 	 978256.56
-37.496 	 -11.447 	 8.63 	 978254.48
-37.492 	 -11.42 	 14.16 	 978253.16
-37.476 	 -11.392 	 33.1 	 978247.96
-37.464 	 -11.372 	 -3.08 	 978254.17
-37.622 	 -11.364 	 126.76 	 978231.12
-37.656 	 -11.382 	 130.6 	 978231.3
-37.68 	 -11.398 	 136.17 	 978231.89
-37.703 	 -11.417 	 69.13 	 978247.09
-37.735 	 -11.458 	 93.9 	 978240.19
-37.535 	 -11.493 	 1.46 	 978252.12
-37.589 	 -11.419 	 115.74 	 978230.97
-37.631 	 -11.392 	 121.26 	 978231.04
-37.826 	 -11.382 	 169.01 	 978220.79
-37.791 	 -11.294 	 168.15 	 978223.3
-37.795 	 -11.32 	 172.36 	 978223.67
-37.802 	 -11.368 	 145.65 	 978227.73
-37.443 	 -10.512 	 242.68 	 978139.25
-37.458 	 -10.496 	 185.92 	 978153.33
-37.461 	 -10.443 	 237.34 	 978141.31
-37.438 	 -10.376 	 178.17 	 978147.09
-37.428 	 -10.388 	 181.16 	 978146.98
-37.428 	 -10.351 	 205.42 	 978143.63
-37.405 	 -10.309 	 178.15 	 978147.99
-37.404 	 -10.282 	 180.98 	 978146.57
-37.404 	 -10.209 	 277.29 	 978123.55
-37.356 	 -10.235 	 208.74 	 978135.14
-37.334 	 -10.262 	 172.61 	 978144.2
-37.313 	 -10.264 	 233.83 	 978133.74
-37.295 	 -10.257 	 220.13 	 978137.91
-37.245 	 -10.236 	 218.07 	 978137.14
-37.217 	 -10.24 	 231.23 	 978135.31
-37.196 	 -10.228 	 225.85 	 978136.64
-37.3 	 -10.272 	 239.96 	 978134.04
-37.25 	 -10.368 	 234.47 	 978140.79
-37.227 	 -10.378 	 236.16 	 978141.34
-37.211 	 -10.391 	 238.85 	 978142.85
-37.191 	 -10.455 	 198.15 	 978157.3
-37.42 	 -10.547 	 244.83 	 978136.92
-37.372 	 -10.558 	 261.27 	 978130.26
-37.704 	 -9.7707 	 183.51 	 978100.72
-37.725 	 -9.7546 	 147.7 	 978115.44
-37.746 	 -9.7371 	 175.75 	 978117.77
-37.763 	 -9.7162 	 207.67 	 978110.9
-37.777 	 -9.7018 	 187.1 	 978113.13
-37.599 	 -9.968 	 257.54 	 978098.47
-37.559 	 -10.005 	 283.24 	 978107.49
-37.461 	 -10.003 	 270.1 	 978111.06
-37.442 	 -9.9983 	 303.68 	 978104.46
-37.43 	 -9.9805 	 239.77 	 978115.87
-37.408 	 -9.9667 	 217.34 	 978119.55
-37.353 	 -9.9132 	 104.3 	 978132.88
-37.302 	 -9.921 	 25.18 	 978153.61
-37.273 	 -9.9202 	 42.49 	 978150.33
-37.226 	 -9.9397 	 189.92 	 978123.22
-37.185 	 -9.9583 	 170.75 	 978131.38
-37.161 	 -9.9677 	 94.3 	 978146.94
-36.858 	 -10.193 	 -2.76 	 978186.06
-36.899 	 -10.182 	 34.55 	 978180.37
-36.906 	 -10.154 	 -0.89 	 978185.59
-36.939 	 -10.16 	 97.98 	 978165.94
-36.977 	 -10.139 	 39.57 	 978175.13
-37.016 	 -10.109 	 173.14 	 978147.64
-37.092 	 -10.073 	 201.58 	 978139.77
-37.113 	 -10.047 	 113.63 	 978154.78
-37.948 	 -9.8735 	 308.23 	 978087.96
-37.948 	 -9.9569 	 342.29 	 978086.27
-37.883 	 -9.9507 	 319.67 	 978084.99
-37.791 	 -9.9585 	 266.36 	 978102.76
-37.369 	 -11.127 	 27.0 	 978226.62
-37.372 	 -11.034 	 70.61 	 978211.06
-37.3 	 -11.218 	 3.84 	 978228.18
-37.165 	 -11.177 	 -9.0 	 978193.68
-37.247 	 -11.265 	 -4.11 	 978222.31
-37.324 	 -11.426 	 -6.72 	 978242.8
-37.524 	 -11.374 	 17.44 	 978253.76
-37.705 	 -11.54 	 44.73 	 978245.06
-37.539 	 -11.201 	 55.22 	 978239.55
-37.623 	 -11.126 	 96.51 	 978236.91
-37.538 	 -11.127 	 105.1 	 978225.89
-37.621 	 -11.061 	 63.22 	 978240.67
-37.708 	 -11.126 	 148.03 	 978230.92
-37.714 	 -11.21 	 150.53 	 978232.36
-37.791 	 -11.207 	 167.77 	 978220.06
-37.795 	 -10.961 	 179.7 	 978205.67
-37.868 	 -10.955 	 342.76 	 978271.17
-37.874 	 -11.042 	 281.68 	 978182.09
-37.876 	 -10.789 	 276.63 	 978169.98
-37.956 	 -10.79 	 298.87 	 978162.87
-37.792 	 -10.541 	 203.71 	 978166.83
-37.794 	 -10.457 	 209.07 	 978157.64
-37.624 	 -10.792 	 133.85 	 978192.12
-37.706 	 -10.735 	 167.32 	 978187.94
-37.622 	 -10.707 	 57.7 	 978198.65
-37.543 	 -10.708 	 186.08 	 978171.46
-37.544 	 -10.623 	 178.14 	 978161.49
-37.624 	 -10.624 	 197.1 	 978161.61
-37.792 	 -10.375 	 297.25 	 978139.04
-37.54 	 -10.458 	 292.56 	 978133.43
-37.376 	 -10.46 	 169.69 	 978153.55
-37.285 	 -10.468 	 147.59 	 978158.54
-37.29 	 -10.541 	 132.41 	 978160.63
-37.373 	 -10.625 	 150.72 	 978161.28
-37.041 	 -10.293 	 211.89 	 978145.62
-37.124 	 -10.29 	 179.75 	 978149.96
-37.208 	 -10.291 	 174.27 	 978149.68
-37.123 	 -10.206 	 161.8 	 978150.23
-37.037 	 -10.204 	 81.48 	 978166.52
-36.97 	 -10.208 	 58.25 	 978174.51
-37.208 	 -10.041 	 139.23 	 978143.07
-37.29 	 -10.043 	 149.93 	 978135.17
-37.376 	 -10.041 	 147.61 	 978134.86
-37.376 	 -10.125 	 204.9 	 978129.2
-37.291 	 -10.125 	 235.34 	 978122.73
-37.212 	 -10.126 	 111.83 	 978151.31
-37.035 	 -10.378 	 161.8 	 978161.88
-37.122 	 -10.375 	 151.46 	 978161.4
-37.124 	 -10.46 	 159.07 	 978164.89
-37.047 	 -10.463 	 107.28 	 978179.92
-37.536 	 -10.37 	 212.94 	 978145.65
-37.625 	 -10.373 	 251.09 	 978143.48
-37.624 	 -10.293 	 280.31 	 978133.03
-37.542 	 -10.293 	 203.27 	 978149.35
-37.708 	 -10.211 	 263.57 	 978130.64
-37.623 	 -10.211 	 260.33 	 978133.07
-37.541 	 -10.21 	 286.85 	 978128.69
-37.457 	 -10.207 	 258.77 	 978130.73
-37.542 	 -10.127 	 188.05 	 978140.81
-37.457 	 -10.124 	 186.7 	 978138.42
-37.625 	 -10.125 	 207.9 	 978138.75
-37.71 	 -10.139 	 263.89 	 978127.44
-37.796 	 -10.039 	 306.47 	 978105.5
-37.622 	 -10.041 	 223.47 	 978124.8
-37.705 	 -10.041 	 254.56 	 978118.36
-37.71 	 -9.9585 	 255.0 	 978101.93
-37.71 	 -9.8757 	 201.98 	 978108.83
-37.794 	 -9.7856 	 231.34 	 978089.48
-37.873 	 -9.7917 	 268.18 	 978087.3
-37.291 	 -9.8749 	 152.44 	 978125.52
-37.541 	 -9.8748 	 226.02 	 978100.3
-37.551 	 -9.7893 	 127.43 	 978112.55
-37.626 	 -9.7905 	 166.45 	 978101.86
-37.606 	 -9.7202 	 1.78 	 978145.09
-37.791 	 -9.8751 	 225.56 	 978106.91
-37.873 	 -9.8746 	 254.35 	 978103.44
-37.848 	 -11.11 	 215.383 	 978204.18
-37.416 	 -11.219 	 52.591 	 978232.33
-37.658 	 -10.932 	 147.07 	 978211.22
