LONG(deg) 	 LAT(deg) 	 ALT_GEOM(m) 	 GRAV(mGal)
-49.8572 	 -12.1956 	 206.56 	 978150.43
-49.8217 	 -12.2592 	 245.9 	 978147.77
-49.1922 	 -12.5147 	 261.7 	 978225.74
-49.2542 	 -12.5514 	 217.02 	 978241.85
-49.3167 	 -12.5875 	 228.47 	 978229.09
-49.4367 	 -12.6667 	 208.87 	 978215.46
-49.4833 	 -12.72 	 234.08 	 978208.2
-49.5522 	 -12.7428 	 255.6 	 978190.23
-49.6217 	 -12.7714 	 273.63 	 978180.18
-49.6833 	 -12.8003 	 238.81 	 978182.64
-49.7239 	 -12.8611 	 233.25 	 978182.44
-49.8303 	 -12.9133 	 325.91 	 978163.71
-49.8614 	 -12.8483 	 287.17 	 978165.11
-49.8861 	 -12.7808 	 279.91 	 978163.28
-49.9344 	 -12.7339 	 219.21 	 978175.83
-49.9519 	 -12.6647 	 229.56 	 978172.87
-49.0258 	 -11.7367 	 276.24 	 978160.98
-49.4711 	 -11.6717 	 215.88 	 978125.71
-49.4261 	 -11.62 	 252.59 	 978117.9
-49.3731 	 -11.5683 	 236.97 	 978121.41
-49.3283 	 -11.4333 	 256.7 	 978116.26
-49.3058 	 -11.3714 	 233.04 	 978120.26
-49.9244 	 -12.5372 	 235.02 	 978163.95
-49.8594 	 -12.4208 	 234.38 	 978164.92
-49.8347 	 -12.3525 	 214.66 	 978162.28
-49.8197 	 -12.3122 	 209.8 	 978159.92
-49.8683 	 -11.7044 	 173.37 	 978125.06
-49.8478 	 -11.6297 	 175.29 	 978124.48
-49.8678 	 -11.4814 	 168.25 	 978127.53
-48.74 	 -11.5767 	 247.3 	 978162.71
-48.7689 	 -11.6189 	 251.31 	 978165.54
-48.7908 	 -11.69 	 248.54 	 978176.19
-48.9097 	 -11.7492 	 254.34 	 978177.21
-48.9614 	 -11.7703 	 254.31 	 978171.45
-48.7925 	 -11.46 	 264.56 	 978144.16
-48.7175 	 -11.4625 	 304.96 	 978142.53
-48.7117 	 -11.5208 	 280.47 	 978152.44
-46.455 	 -12.1839 	 516.64 	 978065.17
-46.3869 	 -12.6958 	 511.61 	 978082.53
-46.3933 	 -12.6 	 521.3 	 978087.91
-47.9072 	 -12.6297 	 262.77 	 978156.9
-49.8011 	 -11.4533 	 166.64 	 978127.21
-49.7347 	 -11.4256 	 167.54 	 978127.15
-49.8067 	 -11.8517 	 173.86 	 978121.41
-49.8583 	 -11.8992 	 174.65 	 978123.82
-49.8889 	 -11.9628 	 174.7 	 978125.46
-49.9322 	 -12.02 	 176.09 	 978132.11
-49.8767 	 -12.1389 	 193.99 	 978144.8
-47.8158 	 -12.4761 	 298.04 	 978136.9
-47.0742 	 -11.5969 	 406.49 	 978094.43
-46.9194 	 -11.7172 	 380.71 	 978093.02
-46.9133 	 -11.7697 	 398.72 	 978086.07
-46.9003 	 -11.8603 	 414.98 	 978075.24
-47.68 	 -13.4094 	 1198.77 	 977969.55
-47.6731 	 -13.3592 	 784.66 	 978051.31
-47.6606 	 -13.3111 	 390.69 	 978130.37
-47.7469 	 -11.6397 	 303.84 	 978133.69
-49.0692 	 -12.4947 	 271.48 	 978213.33
-48.533 	 -12.0228 	 219.91 	 978186.6
-47.0925 	 -12.1997 	 365.18 	 978086.55
-48.2069 	 -11.1167 	 267.21 	 978133.87
-48.1658 	 -11.1706 	 260.1 	 978138.39
-48.1897 	 -11.2367 	 275.32 	 978141.54
-48.1789 	 -11.2994 	 250.18 	 978154.76
-48.155 	 -11.3667 	 270.28 	 978147.81
-47.6075 	 -11.84 	 288.1 	 978132.74
-47.5928 	 -11.9653 	 316.15 	 978117.92
-47.5364 	 -11.9953 	 315.45 	 978115.82
-48.5889 	 -12.7225 	 372.51 	 978169.63
-48.15 	 -12.6394 	 322.92 	 978163.55
-48.7011 	 -11.7103 	 244.6 	 978177.07
-47.41 	 -12.2244 	 361.35 	 978097.09
-48.4481 	 -12.1547 	 241.26 	 978186.39
-48.1283 	 -11.8981 	 320.84 	 978145.62
-47.8389 	 -11.505 	 331.75 	 978119.82
-47.5672 	 -11.1658 	 442.73 	 978073.43
-47.5578 	 -11.1083 	 455.49 	 978068.98
-48.2828 	 -12.7756 	 316.42 	 978168.73
-48.3053 	 -12.7856 	 298.5 	 978172.56
-49.1608 	 -11.2197 	 304.31 	 978104.32
-49.1906 	 -11.095 	 295.4 	 978099.55
-49.155 	 -11.0381 	 340.37 	 978092.92
-49.1053 	 -10.9961 	 298.55 	 978102.15
-49.0811 	 -10.9389 	 313.55 	 978098.08
-49.1192 	 -10.8861 	 287.03 	 978099.9
-49.1142 	 -10.8214 	 288.96 	 978096.7
-49.2519 	 -11.3108 	 207.55 	 978124.47
-49.2836 	 -11.2492 	 207.22 	 978117.82
-49.3842 	 -11.1428 	 202.2 	 978109.59
-49.4447 	 -11.1067 	 185.9 	 978111.39
-49.4789 	 -11.0464 	 208.51 	 978105.11
-49.5036 	 -10.9856 	 178.47 	 978110.74
-49.4886 	 -10.9258 	 187.18 	 978110.64
-49.2017 	 -11.6194 	 345.39 	 978118.82
-49.2244 	 -11.5442 	 349.51 	 978107.98
-49.2669 	 -11.4044 	 272.62 	 978116.14
-49.2689 	 -11.3453 	 205.18 	 978124.99
-49.0006 	 -11.2578 	 292.22 	 978112.75
-49.0733 	 -11.2528 	 289.52 	 978111.35
-49.0864 	 -12.1456 	 253.29 	 978207.28
-49.0225 	 -12.1006 	 264.51 	 978202.66
-49.9836 	 -12.0444 	 259.03 	 978199.1
-48.88 	 -11.9486 	 266.2 	 978190.36
-48.8361 	 -11.8853 	 250.8 	 978189.88
-48.7669 	 -11.8867 	 263.77 	 978184.16
-48.6469 	 -11.9872 	 221.28 	 978193.46
-48.5725 	 -12.0111 	 251.69 	 978182.69
-48.9617 	 -11.5736 	 299.58 	 978139.89
-48.8608 	 -11.4928 	 296.46 	 978138.87
-48.6133 	 -12.4547 	 280.13 	 978192.02
-47.7236 	 -11.7097 	 306.57 	 978136.97
-48.3656 	 -10.7978 	 208.49 	 978135.28
-48.3539 	 -10.8744 	 206.85 	 978147.19
-48.3208 	 -10.9294 	 217.15 	 978149.72
-48.2858 	 -10.9983 	 267.32 	 978131.5
-48.2425 	 -11.0567 	 250.35 	 978137.07
-49.9742 	 -12.6003 	 204.35 	 978172.43
-49.0178 	 -12.7897 	 261.31 	 978211.64
-48.9572 	 -12.7694 	 295.71 	 978199.09
-48.8961 	 -12.765 	 306.04 	 978193.79
-48.8411 	 -12.7331 	 261.61 	 978205.06
-48.5378 	 -12.6208 	 312.44 	 978180.38
-48.5003 	 -12.5658 	 323.01 	 978171.66
-48.4894 	 -12.5344 	 305.69 	 978176.09
-48.4211 	 -12.5169 	 330.49 	 978163.87
-48.0689 	 -12.1442 	 349.81 	 978153.19
-48.1208 	 -12.0908 	 300.07 	 978157.88
-47.5272 	 -11.0533 	 396.42 	 978078.59
-47.4853 	 -11.0181 	 315.22 	 978091.11
-47.5947 	 -11.11 	 405.18 	 978085.48
-47.5256 	 -11.2867 	 552.95 	 978057.51
-48.0169 	 -12.2019 	 400.79 	 978144.67
-48.1675 	 -11.4217 	 286.62 	 978142.12
-48.0989 	 -11.4467 	 286.98 	 978142.84
-48.0356 	 -11.4686 	 314.71 	 978133.04
-47.9661 	 -11.4536 	 327.62 	 978125.81
-47.9025 	 -11.4661 	 340.62 	 978120.77
-48.8072 	 -12.54 	 248.27 	 978203.37
-49.2039 	 -11.2667 	 286.29 	 978109.18
-47.2303 	 -12.7786 	 415.52 	 978097.78
-47.0986 	 -12.8414 	 416.33 	 978102.84
-47.4772 	 -12.0331 	 307.58 	 978124.22
-47.4425 	 -12.0622 	 324.75 	 978117.05
-47.3983 	 -12.1536 	 356.98 	 978094.24
-47.3569 	 -12.2039 	 404.35 	 978092.16
-47.8981 	 -12.6806 	 294.68 	 978152.22
-47.8992 	 -12.815 	 318.65 	 978142.5
-47.8683 	 -12.875 	 292.1 	 978147.41
-47.8206 	 -12.9786 	 356.56 	 978130.05
-47.7661 	 -13.0897 	 343.1 	 978132.12
-47.8058 	 -12.6456 	 288.44 	 978145.07
-47.6672 	 -12.6783 	 321.42 	 978123.37
-47.6042 	 -12.6383 	 344.4 	 978112.09
-47.5308 	 -12.6311 	 333.89 	 978109.22
-47.4594 	 -12.6128 	 345.71 	 978101.63
-47.3547 	 -12.7097 	 366.26 	 978099.82
-47.2953 	 -12.7472 	 415.42 	 978090.57
-46.9378 	 -12.9322 	 677.58 	 978043.97
-47.9853 	 -11.8147 	 276.38 	 978148.89
-48.2331 	 -11.9761 	 290.85 	 978152.77
-48.4197 	 -12.0847 	 236.5 	 978183.51
-47.7319 	 -11.7689 	 291.26 	 978139.75
-47.675 	 -11.8181 	 292.1 	 978138.65
-48.1025 	 -11.2019 	 262.64 	 978148.18
-48.0281 	 -11.2061 	 269.58 	 978143.24
-47.6253 	 -11.2258 	 281.75 	 978129.87
-47.8606 	 -11.1542 	 306.04 	 978118.65
-47.765 	 -11.1356 	 359.76 	 978108.17
-47.6633 	 -11.0581 	 420.62 	 978085.61
-47.6142 	 -11.0833 	 448.66 	 978077.35
-47.605 	 -11.3286 	 523.32 	 978063.96
-47.6169 	 -11.3944 	 516.28 	 978072.16
-47.6778 	 -11.4211 	 499.0 	 978075.78
-47.71 	 -11.4783 	 352.29 	 978109.03
-47.7711 	 -11.5161 	 350.27 	 978117.43
-47.7525 	 -11.6164 	 338.39 	 978122.92
-48.22 	 -11.8664 	 358.64 	 978139.35
-48.2775 	 -11.8247 	 307.64 	 978153.07
-48.2867 	 -11.7572 	 289.88 	 978155.64
-48.2847 	 -11.6919 	 266.62 	 978160.28
-48.2847 	 -11.6225 	 245.08 	 978158.45
-48.225 	 -11.4556 	 274.09 	 978150.19
-48.2022 	 -11.3994 	 287.03 	 978146.39
-48.2703 	 -11.3789 	 251.95 	 978155.42
-47.8561 	 -11.7994 	 301.61 	 978137.39
-48.5722 	 -11.0525 	 195.71 	 978156.25
-48.4483 	 -10.7886 	 243.46 	 978147.17
-48.5178 	 -10.8972 	 237.57 	 978150.6
-49.37 	 -13.2072 	 291.79 	 978227.34
-49.8494 	 -12.9597 	 286.84 	 978172.81
-47.2168 	 -10.1824 	 334.45 	 978064.15
-47.2307 	 -10.1563 	 345.4 	 978060.9
-47.2663 	 -10.1296 	 313.6 	 978067.16
-47.346 	 -10.1354 	 256.55 	 978086.83
-47.3885 	 -10.1299 	 312.98 	 978076.03
-47.4188 	 -10.0988 	 266.87 	 978087.38
-47.4585 	 -10.0835 	 277.16 	 978084.7
-47.5082 	 -10.0921 	 295.46 	 978081.5
-47.5221 	 -10.0504 	 308.83 	 978082.09
-47.5999 	 -9.999 	 260.23 	 978090.58
-47.6771 	 -9.9665 	 225.95 	 978096.76
-48.3778 	 -13.1067 	 463.56 	 978180.68
-48.3769 	 -13.1714 	 416.4 	 978193.27
-48.3942 	 -13.2306 	 464.95 	 978184.97
-47.0531 	 -12.7917 	 377.06 	 978106.38
-47.0689 	 -12.7386 	 395.83 	 978098.22
-47.1281 	 -12.6119 	 366.43 	 978097.18
-47.1706 	 -12.5544 	 354.29 	 978097.85
-47.1914 	 -12.4386 	 335.19 	 978101.29
-47.1928 	 -12.4386 	 314.39 	 978106.0
-47.3444 	 -13.1761 	 347.81 	 978117.52
-47.3972 	 -13.1425 	 364.1 	 978112.98
-47.4286 	 -13.0978 	 350.95 	 978115.58
-47.4089 	 -13.05 	 372.17 	 978110.34
-47.3489 	 -13.0569 	 386.64 	 978106.24
-47.2842 	 -13.0703 	 418.39 	 978100.62
-47.2219 	 -13.0578 	 478.64 	 978086.62
-47.1589 	 -13.0572 	 439.93 	 978089.22
-47.0967 	 -13.0644 	 461.26 	 978080.31
-47.0361 	 -13.0444 	 519.15 	 978067.51
-46.9661 	 -13.0431 	 532.89 	 978065.11
-46.9047 	 -13.0289 	 549.58 	 978061.75
-47.2553 	 -12.2742 	 366.88 	 978099.63
-47.2275 	 -12.3331 	 339.29 	 978103.81
-48.6792 	 -12.5708 	 307.46 	 978187.68
-48.7428 	 -12.5508 	 279.63 	 978196.29
-47.7029 	 -10.2813 	 295.43 	 978083.62
-47.7435 	 -10.2715 	 260.6 	 978099.04
-47.7724 	 -10.2821 	 273.75 	 978101.29
-47.844 	 -10.2649 	 290.13 	 978108.26
-47.5907 	 -10.5371 	 352.21 	 978084.06
-47.5618 	 -10.4551 	 346.38 	 978087.54
-47.5471 	 -10.3701 	 332.79 	 978087.06
-47.5513 	 -10.2115 	 368.53 	 978072.51
-47.5157 	 -10.1271 	 338.18 	 978072.77
-47.619 	 -10.5715 	 357.55 	 978085.45
-47.5888 	 -10.4913 	 342.1 	 978087.97
-47.5413 	 -10.4149 	 313.89 	 978092.9
-47.5496 	 -10.3282 	 347.28 	 978080.19
-48.3577 	 -10.6679 	 267.77 	 978135.78
-48.3163 	 -10.6432 	 281.79 	 978127.56
-48.2824 	 -10.6726 	 284.34 	 978120.81
-46.7543 	 -11.5793 	 573.88 	 978050.06
-46.7143 	 -11.5918 	 542.63 	 978057.17
-46.6715 	 -11.5943 	 589.99 	 978048.79
-46.626 	 -11.5871 	 662.97 	 978025.75
-48.1377 	 -10.0174 	 550.86 	 978050.68
-48.0102 	 -9.9776 	 334.24 	 978088.29
-47.9729 	 -9.9504 	 259.15 	 978102.95
-47.9363 	 -9.9768 	 329.84 	 978089.85
-46.581 	 -11.5815 	 703.15 	 978019.06
-46.561 	 -11.5452 	 666.01 	 978026.92
-46.5446 	 -11.5065 	 785.44 	 977999.91
-46.5254 	 -11.4721 	 903.71 	 977975.93
-46.8377 	 -11.5854 	 689.32 	 978035.92
-46.816 	 -11.4999 	 600.33 	 978046.07
-46.859 	 -11.4207 	 535.36 	 978064.74
-46.9385 	 -11.3749 	 569.73 	 978060.95
-47.0063 	 -11.1871 	 550.77 	 978061.19
-47.0215 	 -11.1443 	 518.91 	 978062.79
-47.0879 	 -11.0843 	 513.4 	 978056.54
-46.8302 	 -11.5404 	 637.58 	 978039.3
-46.8454 	 -11.4635 	 515.11 	 978063.75
-46.8952 	 -11.3924 	 505.5 	 978073.57
-47.0004 	 -11.2868 	 570.72 	 978064.38
-46.9979 	 -11.2413 	 550.93 	 978065.33
-47.0624 	 -11.1221 	 513.04 	 978058.54
-48.301 	 -11.3496 	 262.05 	 978147.45
-48.3407 	 -11.326 	 273.63 	 978141.96
-48.381 	 -11.304 	 241.75 	 978147.9
-48.3943 	 -11.261 	 251.16 	 978144.69
-48.4668 	 -11.2001 	 251.85 	 978147.11
-48.4688 	 -11.1071 	 249.39 	 978147.88
-48.4327 	 -11.0726 	 265.34 	 978142.2
-48.4118 	 -11.0276 	 268.58 	 978137.5
-48.3904 	 -10.9851 	 290.9 	 978131.78
-47.3496 	 -11.1646 	 439.76 	 978073.49
-47.3924 	 -11.1521 	 485.13 	 978063.49
-47.4352 	 -11.1321 	 398.38 	 978084.11
-47.5296 	 -11.1474 	 466.56 	 978065.81
-47.5749 	 -11.1371 	 436.72 	 978077.34
-48.3707 	 -10.934 	 263.63 	 978139.26
-48.3285 	 -11.2243 	 300.03 	 978133.37
-48.291 	 -11.2029 	 279.19 	 978136.21
-48.2529 	 -11.1821 	 291.55 	 978132.21
-48.3918 	 -10.6846 	 256.67 	 978140.72
-48.3877 	 -10.639 	 220.47 	 978151.69
-48.3702 	 -10.596 	 246.23 	 978144.17
-48.3804 	 -10.5499 	 238.4 	 978137.45
-48.3596 	 -10.5088 	 237.55 	 978141.9
-48.3285 	 -10.4771 	 249.33 	 978134.46
-48.3143 	 -10.4343 	 256.11 	 978122.53
-48.2827 	 -10.3343 	 269.25 	 978106.99
-48.1199 	 -10.2913 	 645.03 	 978042.78
-47.9677 	 -10.2296 	 412.73 	 978085.11
-48.3304 	 -9.9815 	 212.02 	 978109.2
-48.3099 	 -10.0179 	 220.52 	 978106.32
-48.3185 	 -10.0593 	 220.47 	 978101.92
-48.3102 	 -10.1049 	 251.27 	 978094.61
-48.3013 	 -10.151 	 284.14 	 978084.49
-48.3046 	 -10.201 	 278.52 	 978087.84
-48.3124 	 -10.2432 	 282.6 	 978089.49
-48.2977 	 -10.2854 	 225.07 	 978107.83
-48.2979 	 -10.331 	 275.36 	 978103.62
-48.2413 	 -10.326 	 282.17 	 978105.77
-48.0802 	 -10.2696 	 590.59 	 978051.28
-48.014 	 -10.231 	 427.41 	 978083.63
-47.9268 	 -10.2446 	 369.35 	 978094.96
-47.8843 	 -10.2526 	 348.76 	 978099.1
-48.2713 	 -10.2107 	 299.76 	 978087.67
-48.2249 	 -10.2076 	 678.68 	 978018.6
-48.181 	 -10.1924 	 693.73 	 978022.02
-47.9157 	 -10.0165 	 344.86 	 978086.55
-47.869 	 -10.0132 	 302.61 	 978093.51
-47.8252 	 -10.0057 	 233.37 	 978107.21
-47.7788 	 -9.9999 	 303.93 	 978088.35
-47.7332 	 -9.9965 	 310.3 	 978083.56
-47.6857 	 -10.0107 	 343.68 	 978076.54
-47.7004 	 -10.054 	 361.46 	 978075.29
-47.7096 	 -10.0993 	 376.19 	 978075.0
-47.679 	 -10.1321 	 353.74 	 978079.18
-47.6765 	 -10.2221 	 330.68 	 978078.59
-47.7213 	 -10.2329 	 382.76 	 978072.64
-47.7674 	 -10.2446 	 331.91 	 978089.22
-47.6304 	 -10.1821 	 346.33 	 978073.17
-47.611 	 -10.2165 	 358.53 	 978068.84
-47.5785 	 -10.2438 	 406.83 	 978063.08
-47.5671 	 -10.2804 	 327.99 	 978082.49
-47.5918 	 -10.2985 	 309.16 	 978084.3
-47.6263 	 -10.289 	 379.62 	 978064.29
-47.6635 	 -10.291 	 369.21 	 978064.61
-47.1332 	 -10.1988 	 384.28 	 978042.59
-46.5446 	 -10.2726 	 443.9 	 978028.1
-46.9527 	 -11.3421 	 542.53 	 978068.16
-48.1629 	 -10.1493 	 670.65 	 978026.38
-48.164 	 -10.1035 	 666.5 	 978027.96
-48.1504 	 -10.0599 	 642.07 	 978034.12
-48.4449 	 -11.2418 	 243.84 	 978142.74
-48.3529 	 -11.251 	 264.15 	 978141.94
-48.2004 	 -10.3085 	 291.68 	 978102.7
-48.1599 	 -10.3135 	 408.49 	 978090.99
-48.0527 	 -9.9979 	 369.28 	 978081.37
-47.5521 	 -10.0096 	 295.53 	 978085.5
-47.6702 	 -10.1768 	 361.13 	 978075.4
-47.5324 	 -10.1651 	 342.64 	 978075.55
-47.7988 	 -10.6943 	 279.33 	 978113.3
-47.964 	 -10.4501 	 407.95 	 978094.84
-47.5807 	 -10.6635 	 335.61 	 978088.68
-47.5165 	 -10.871 	 434.92 	 978076.02
-47.2738 	 -10.6085 	 433.38 	 978042.5
-46.9313 	 -10.2832 	 387.61 	 978029.84
-46.5232 	 -10.3121 	 451.12 	 978029.56
-46.1346 	 -10.6046 	 705.83 	 978020.46
-46.9996 	 -11.3327 	 551.96 	 978066.46
-47.2954 	 -10.9435 	 409.84 	 978064.45
-47.2513 	 -10.9585 	 403.57 	 978066.91
-47.2043 	 -10.9654 	 428.04 	 978063.51
-47.4707 	 -10.6813 	 379.33 	 978080.51
-47.4385 	 -10.6479 	 378.84 	 978077.56
-47.3485 	 -10.6385 	 354.22 	 978071.11
-47.2113 	 -10.5421 	 387.36 	 978042.7
-48.2368 	 -10.6729 	 260.03 	 978128.65
-48.1682 	 -10.719 	 285.41 	 978132.39
-48.1366 	 -10.7518 	 304.25 	 978120.89
-48.121 	 -10.7946 	 319.56 	 978113.47
-47.6174 	 -10.631 	 349.43 	 978088.46
-47.6588 	 -10.6518 	 373.69 	 978087.61
-47.7004 	 -10.6532 	 420.57 	 978079.23
-47.834 	 -10.6871 	 453.61 	 978077.59
-47.8582 	 -10.7099 	 492.94 	 978068.65
-47.9315 	 -10.7513 	 658.44 	 978028.18
-47.9679 	 -10.7563 	 720.38 	 978017.4
-48.0127 	 -10.7518 	 711.44 	 978021.95
-48.0549 	 -10.7715 	 604.84 	 978045.03
-48.0827 	 -10.804 	 444.16 	 978081.47
-47.9938 	 -10.7407 	 746.15 	 978012.87
-47.1224 	 -11.0554 	 461.37 	 978067.35
-47.1365 	 -11.0265 	 391.09 	 978079.25
-47.1165 	 -11.5313 	 455.01 	 978090.36
-47.1004 	 -11.4443 	 461.55 	 978082.09
-47.0754 	 -11.4071 	 484.02 	 978078.07
-47.0393 	 -11.3793 	 524.63 	 978070.99
-46.9943 	 -11.3713 	 595.68 	 978056.89
-46.8404 	 -11.3815 	 547.22 	 978064.88
-46.7971 	 -11.3671 	 543.06 	 978061.96
-46.759 	 -11.3418 	 569.48 	 978053.04
-46.7285 	 -11.3074 	 599.36 	 978041.97
-46.6882 	 -11.2854 	 567.08 	 978046.23
-46.9799 	 -11.3602 	 588.3 	 978059.33
-46.799 	 -11.5263 	 573.89 	 978051.14
-46.7904 	 -11.589 	 647.76 	 978039.28
-46.7657 	 -11.5679 	 635.66 	 978037.88
-47.2732 	 -11.199 	 528.93 	 978072.5
-48.2166 	 -11.3929 	 287.65 	 978153.27
-48.2607 	 -11.379 	 268.49 	 978155.43
-47.1777 	 -10.4576 	 309.27 	 978059.26
-47.1002 	 -10.4115 	 422.77 	 978030.95
-47.034 	 -10.4696 	 532.4 	 978008.52
-46.9513 	 -10.5101 	 499.31 	 978012.58
-46.866 	 -10.5329 	 464.45 	 978018.6
-46.7988 	 -10.571 	 450.85 	 978030.95
-46.7235 	 -10.5843 	 448.12 	 978038.1
-49.8481 	 -11.5583 	 169.16 	 978126.68
-47.9085 	 -10.2888 	 350.7 	 978098.65
-47.9332 	 -10.3263 	 376.45 	 978099.56
-47.9593 	 -10.3629 	 440.91 	 978092.49
-47.9768 	 -10.406 	 482.23 	 978084.57
-48.0046 	 -10.4763 	 497.86 	 978075.93
-48.0413 	 -10.5043 	 652.84 	 978044.3
-48.0127 	 -10.5424 	 626.61 	 978050.32
-48.0318 	 -10.5851 	 638.36 	 978050.26
-48.0168 	 -10.6313 	 708.31 	 978032.2
-47.9979 	 -10.6824 	 669.64 	 978032.76
-48.1213 	 -10.8713 	 316.16 	 978122.74
-48.1396 	 -10.9057 	 280.81 	 978138.14
-48.1521 	 -10.9438 	 279.02 	 978136.3
-48.1646 	 -10.9796 	 249.68 	 978143.76
-48.171 	 -11.0168 	 258.03 	 978140.65
-47.549 	 -10.6971 	 357.61 	 978091.01
-47.691 	 -10.5951 	 415.9 	 978072.6
-47.7224 	 -10.5785 	 429.91 	 978074.14
-47.7307 	 -10.5418 	 448.25 	 978074.57
-47.7188 	 -10.5054 	 422.39 	 978078.5
-47.7082 	 -10.4663 	 381.84 	 978084.35
-47.7335 	 -10.431 	 396.69 	 978076.98
-47.7385 	 -10.3857 	 300.7 	 978090.71
-47.7974 	 -10.319 	 363.85 	 978085.14
-47.5215 	 -10.7863 	 338.86 	 978088.77
-47.5038 	 -10.8276 	 395.72 	 978080.93
-47.5204 	 -10.916 	 355.59 	 978094.23
-47.5243 	 -10.9635 	 334.76 	 978099.25
-47.4982 	 -11.0088 	 366.77 	 978087.03
-47.4257 	 -10.8913 	 425.31 	 978070.5
-47.3865 	 -10.9154 	 438.82 	 978065.37
-47.3424 	 -10.9315 	 408.28 	 978067.38
-47.2518 	 -11.4063 	 398.31 	 978090.04
-47.2349 	 -11.3168 	 450.42 	 978077.33
-47.2677 	 -11.284 	 582.22 	 978046.32
-47.3027 	 -11.1646 	 430.43 	 978046.15
-47.2885 	 -11.241 	 558.7 	 978049.99
-47.2964 	 -12.2183 	 383.72 	 978095.21
-48.4802 	 -11.1529 	 237.98 	 978159.19
-47.4832 	 -11.129 	 521.29 	 978057.65
-48.1929 	 -10.6826 	 253.56 	 978134.37
-47.7685 	 -10.6738 	 435.57 	 978077.34
-47.2302 	 -11.4907 	 401.13 	 978095.03
-48.2597 	 -11.5153 	 251.66 	 978154.85
-48.3197 	 -11.335 	 222.74 	 978150.43
-48.3658 	 -12.0406 	 295.32 	 978166.98
-48.1628 	 -11.1767 	 262.71 	 978138.18
-47.9044 	 -11.1967 	 305.05 	 978123.15
-47.7192 	 -11.0847 	 330.86 	 978108.57
-47.6061 	 -11.9056 	 271.56 	 978135.34
-47.4231 	 -12.1272 	 353.86 	 978098.84
-47.5032 	 -10.714 	 309.06 	 978097.94
-47.3968 	 -10.636 	 327.17 	 978081.76
-47.3088 	 -10.6385 	 399.19 	 978057.19
-47.2382 	 -10.5801 	 387.98 	 978045.86
-47.1915 	 -10.5004 	 384.35 	 978043.21
-47.0646 	 -10.4354 	 500.76 	 978015.92
-46.994 	 -10.4926 	 490.41 	 978016.54
-46.9054 	 -10.5118 	 449.64 	 978021.0
-46.8438 	 -10.5735 	 493.48 	 978018.39
-46.7582 	 -10.5554 	 390.27 	 978045.2
-47.1171 	 -10.4029 	 351.01 	 978046.92
-47.1002 	 -10.3182 	 373.91 	 978047.15
-47.1657 	 -10.2654 	 364.47 	 978050.08
-47.1807 	 -10.2051 	 359.47 	 978052.43
-47.0854 	 -10.1243 	 303.09 	 978058.57
-47.0035 	 -10.111 	 294.59 	 978050.06
-47.0338 	 -10.3724 	 483.16 	 978016.36
-46.9627 	 -10.3151 	 379.94 	 978034.56
-46.8927 	 -10.2674 	 361.63 	 978032.17
-47.101 	 -10.3629 	 365.47 	 978044.71
-47.1338 	 -10.2982 	 331.14 	 978056.17
-47.1007 	 -10.1679 	 361.4 	 978048.68
-47.0502 	 -10.1001 	 240.45 	 978065.98
-47.0735 	 -10.3963 	 468.25 	 978020.87
-46.9993 	 -10.3426 	 415.55 	 978029.32
-46.4351 	 -10.5015 	 538.67 	 978033.62
-46.4838 	 -10.4257 	 487.41 	 978034.18
-46.5085 	 -10.3554 	 456.85 	 978033.32
-46.5099 	 -10.2124 	 469.59 	 978020.78
-46.5307 	 -10.1476 	 511.84 	 978007.24
-46.6224 	 -10.1385 	 442.63 	 978016.02
-46.699 	 -10.144 	 380.62 	 978023.69
-46.7857 	 -10.116 	 407.99 	 978018.3
-46.8788 	 -10.1443 	 328.56 	 978038.78
-46.9577 	 -10.1207 	 332.17 	 978041.04
-46.4563 	 -10.4615 	 516.44 	 978033.53
-46.5104 	 -10.3865 	 460.18 	 978034.45
-46.5532 	 -10.2285 	 433.19 	 978027.52
-46.5771 	 -10.1443 	 445.72 	 978019.23
-46.6599 	 -10.169 	 391.48 	 978024.91
-46.7426 	 -10.1307 	 359.46 	 978027.97
-46.8307 	 -10.1263 	 404.95 	 978019.91
-46.9202 	 -10.1582 	 311.47 	 978046.65
-46.3832 	 -10.556 	 547.39 	 978033.88
-46.3021 	 -10.5943 	 620.76 	 978027.29
-46.2571 	 -10.6079 	 581.64 	 978037.68
-46.221 	 -10.6332 	 628.51 	 978028.84
-48.9024 	 -10.4628 	 271.43 	 978098.66
-48.9077 	 -10.5103 	 265.34 	 978098.46
-48.9139 	 -10.5653 	 245.04 	 978103.91
-48.9118 	 -10.6128 	 273.89 	 978099.01
-48.9087 	 -10.6611 	 267.8 	 978105.64
-48.9053 	 -10.7109 	 275.18 	 978100.19
-48.9022 	 -10.7603 	 339.5 	 978091.59
-48.9029 	 -10.8064 	 297.7 	 978101.62
-48.9053 	 -10.856 	 265.32 	 978110.81
-48.1475 	 -5.7196 	 94.27 	 978008.58
-47.9131 	 -6.0804 	 201.85 	 978019.16
-47.8624 	 -6.1946 	 184.85 	 978034.87
-47.8182 	 -6.2195 	 245.45 	 978017.22
-47.784 	 -6.2562 	 262.69 	 978009.1
-47.7523 	 -6.2938 	 296.73 	 977996.84
-47.7319 	 -6.338 	 294.25 	 977995.19
-46.491 	 -10.1707 	 501.62 	 978013.26
-46.3443 	 -10.5774 	 565.62 	 978035.81
-46.4629 	 -10.5665 	 493.72 	 978041.92
-47.8933 	 -12.7481 	 328.07 	 978143.32
-47.8006 	 -13.0383 	 326.1 	 978133.66
-47.7397 	 -12.675 	 283.8 	 978138.94
-47.3978 	 -12.6542 	 358.69 	 978095.93
-47.1644 	 -12.8167 	 393.31 	 978106.33
-47.6622 	 -13.2522 	 369.23 	 978132.35
-46.3928 	 -12.5172 	 530.6 	 978086.52
-46.4636 	 -12.1439 	 516.35 	 978063.26
-47.2056 	 -12.3975 	 343.02 	 978098.84
-48.6473 	 -9.6671 	 254.3 	 978086.09
-48.6774 	 -9.7065 	 296.36 	 978078.57
-48.7001 	 -9.7475 	 294.65 	 978079.33
-48.7159 	 -9.797 	 335.89 	 978071.88
-48.7225 	 -9.838 	 349.7 	 978070.36
-48.7275 	 -9.8873 	 349.58 	 978072.36
-48.7386 	 -9.9345 	 329.7 	 978078.5
-48.7514 	 -9.9816 	 254.95 	 978095.85
-48.7802 	 -10.0203 	 260.7 	 978096.52
-48.8233 	 -10.0563 	 277.45 	 978096.21
-49.9167 	 -12.0878 	 175.68 	 978142.95
-49.3711 	 -12.6331 	 215.8 	 978225.5
-49.7878 	 -12.8947 	 280.89 	 978173.41
-49.0352 	 -11.5858 	 309.01 	 978132.95
-46.1801 	 -10.6126 	 663.78 	 978024.78
-46.5068 	 -10.5804 	 521.43 	 978032.26
-46.549 	 -10.5999 	 503.06 	 978033.36
-46.5913 	 -10.6029 	 518.84 	 978028.23
-46.6354 	 -10.6154 	 497.18 	 978030.92
-46.7738 	 -11.6188 	 613.43 	 978045.05
-47.5368 	 -10.7438 	 301.16 	 978103.54
-47.8102 	 -10.2818 	 282.11 	 978104.4
-46.4218 	 -10.546 	 509.67 	 978039.95
-47.1927 	 -11.5224 	 397.12 	 978103.79
-47.8899 	 -5.9507 	 170.2 	 978017.75
-47.7064 	 -6.3775 	 199.91 	 978015.09
-47.6643 	 -6.3991 	 257.33 	 978007.69
-47.6148 	 -6.4115 	 194.65 	 978024.26
-48.2143 	 -11.1635 	 279.87 	 978136.14
-48.7097 	 -11.9378 	 220.83 	 978193.89
-49.8875 	 -11.7792 	 174.78 	 978123.28
-49.2403 	 -11.4722 	 355.28 	 978104.96
-49.1458 	 -11.2306 	 301.06 	 978106.46
-48.9267 	 -12.0136 	 260.93 	 978195.87
-48.8931 	 -11.5544 	 311.5 	 978140.37
-48.6561 	 -11.4417 	 235.9 	 978154.07
-47.8008 	 -11.5433 	 340.49 	 978121.68
-48.2978 	 -11.5528 	 244.52 	 978158.79
-48.2978 	 -12.0108 	 329.51 	 978149.79
-47.8086 	 -11.1628 	 371.81 	 978109.54
-48.85 	 -11.7064 	 279.33 	 978169.79
-49.4992 	 -11.735 	 229.05 	 978122.66
-49.3592 	 -11.4992 	 213.93 	 978124.47
-49.8783 	 -12.4853 	 243.27 	 978162.21
-49.4228 	 -13.2403 	 303.24 	 978226.73
-47.2388 	 -11.3629 	 392.26 	 978088.9
-48.0915 	 -10.0221 	 482.77 	 978062.39
-47.3032 	 -10.126 	 306.56 	 978074.17
-47.6396 	 -9.9849 	 245.08 	 978093.9
-47.7043 	 -9.9829 	 337.72 	 978075.68
-48.1107 	 -10.8332 	 316.86 	 978112.72
-47.6524 	 -10.6154 	 367.83 	 978086.15
-47.7621 	 -10.3501 	 360.56 	 978086.09
-47.471 	 -10.8818 	 421.71 	 978075.82
-47.1399 	 -10.4343 	 396.29 	 978037.41
-47.1132 	 -11.4874 	 457.15 	 978083.76
-48.0551 	 -5.7566 	 98.81 	 978001.31
-47.8913 	 -5.999 	 168.93 	 978017.93
-48.0243 	 -5.7948 	 145.29 	 977997.58
-47.9945 	 -5.8384 	 186.48 	 977998.56
-47.5654 	 -6.4263 	 170.55 	 978024.79
-47.5345 	 -6.4653 	 228.07 	 978006.73
-47.5305 	 -6.5162 	 151.74 	 978015.78
-47.4858 	 -6.5422 	 191.67 	 978005.64
-48.509 	 -8.89 	 226.0 	 978071.42
-48.5058 	 -8.9398 	 260.84 	 978063.86
-48.5 	 -8.9887 	 213.66 	 978071.74
-48.5094 	 -9.0381 	 245.39 	 978067.89
-48.5256 	 -9.0892 	 228.74 	 978075.61
-48.5364 	 -9.1414 	 260.69 	 978071.98
-48.5396 	 -9.1947 	 225.68 	 978079.59
-48.5484 	 -9.2442 	 223.29 	 978080.04
-48.5536 	 -9.2939 	 230.14 	 978082.58
-48.5367 	 -9.3454 	 189.25 	 978090.06
-48.5622 	 -9.3892 	 275.41 	 978075.84
-48.575 	 -9.4367 	 233.36 	 978087.43
-48.5845 	 -9.4875 	 218.37 	 978090.53
-48.5934 	 -9.5313 	 216.61 	 978091.39
-48.6154 	 -9.5726 	 218.63 	 978091.76
-48.6316 	 -9.619 	 239.57 	 978087.41
-48.862 	 -10.0887 	 399.76 	 978069.76
-48.8848 	 -10.1254 	 378.1 	 978073.29
-48.881 	 -10.171 	 383.03 	 978075.62
-48.8756 	 -10.2226 	 342.23 	 978086.37
-48.8805 	 -10.2662 	 285.8 	 978097.68
-48.8859 	 -10.3159 	 253.07 	 978101.69
-48.8909 	 -10.3595 	 258.26 	 978101.25
-48.8966 	 -10.4113 	 259.71 	 978101.42
-47.1621 	 -10.2215 	 379.25 	 978044.47
-46.986 	 -11.3757 	 604.98 	 978055.59
-50.3528 	 -11.5708 	 170.5 	 978118.66
-50.3683 	 -11.5696 	 170.57 	 978119.26
-50.5509 	 -11.6044 	 171.09 	 978127.9
-49.7995 	 -11.7849 	 172.1 	 978122.72
-49.9319 	 -11.7851 	 175.41 	 978120.82
-50.5984 	 -11.597 	 172.61 	 978125.2
-48.885 	 -11.8646 	 231.11 	 978196.52
-48.9241 	 -11.8173 	 232.89 	 978188.34
-48.9506 	 -11.8102 	 227.57 	 978185.4
-49.0066 	 -11.7439 	 261.46 	 978165.71
-49.0363 	 -11.7353 	 263.38 	 978163.02
-49.0936 	 -11.7572 	 290.09 	 978150.53
-49.1225 	 -11.8006 	 319.05 	 978146.16
-49.1458 	 -11.849 	 308.72 	 978152.98
-49.1577 	 -11.8737 	 290.58 	 978158.38
-49.1699 	 -11.8992 	 265.31 	 978166.15
-49.1809 	 -11.923 	 270.27 	 978167.33
-49.2026 	 -11.9687 	 264.48 	 978171.47
-49.2011 	 -11.9963 	 279.76 	 978172.6
-49.2465 	 -11.9442 	 294.74 	 978151.32
-49.335 	 -11.9159 	 267.45 	 978135.62
-49.4332 	 -11.8424 	 233.37 	 978127.22
-49.4402 	 -11.8216 	 232.02 	 978123.34
-49.4732 	 -11.8193 	 233.83 	 978119.61
-49.5042 	 -11.8154 	 232.74 	 978119.58
-47.9577 	 -5.8704 	 173.69 	 978008.91
-47.0931 	 -12.6683 	 369.16 	 978099.59
-49.1961 	 -11.1636 	 322.19 	 978097.46
-47.5667 	 -11.225 	 519.72 	 978058.78
-47.8283 	 -12.9203 	 315.21 	 978139.39
-49.1606 	 -11.6869 	 309.23 	 978132.91
-47.9246 	 -6.0321 	 183.41 	 978018.35
-47.8661 	 -6.1596 	 220.21 	 978022.25
-48.9076 	 -10.9068 	 269.2 	 978115.85
-48.9095 	 -10.959 	 255.35 	 978127.66
-48.9084 	 -11.0115 	 263.28 	 978141.39
-48.9198 	 -11.1032 	 221.19 	 978144.98
-48.9256 	 -11.1542 	 240.98 	 978130.27
-48.931 	 -11.2068 	 257.91 	 978117.71
-48.936 	 -11.258 	 277.68 	 978116.15
-48.9411 	 -11.3103 	 317.6 	 978111.67
-48.9576 	 -11.3524 	 293.48 	 978119.03
-48.9749 	 -11.3968 	 280.66 	 978124.15
-48.9899 	 -11.444 	 244.75 	 978134.52
-49.0033 	 -11.4897 	 232.89 	 978140.08
-49.0183 	 -11.5343 	 301.09 	 978130.72
-49.0518 	 -11.6346 	 303.05 	 978138.72
-49.0672 	 -11.6811 	 291.69 	 978143.98
-47.8771 	 -6.1134 	 213.81 	 978019.1
-48.3046 	 -10.3904 	 250.09 	 978110.87
-47.896 	 -10.7268 	 640.45 	 978032.84
-46.6771 	 -10.5979 	 468.4 	 978036.29
-48.0993 	 -5.7327 	 105.52 	 977998.93
-47.9239 	 -5.9109 	 158.0 	 978017.29
-49.5521 	 -11.8037 	 236.68 	 978120.12
-49.5805 	 -11.8055 	 179.75 	 978132.98
-49.6157 	 -11.801 	 173.9 	 978132.55
-49.6542 	 -11.7972 	 171.77 	 978128.47
-49.7683 	 -11.792 	 173.29 	 978121.23
-50.6266 	 -11.5967 	 173.46 	 978125.32
-50.6526 	 -11.5908 	 177.0 	 978125.28
-48.9131 	 -11.0581 	 256.1 	 978141.32
-49.191 	 -11.9437 	 261.03 	 978170.13
-47.2582 	 -11.4557 	 354.07 	 978100.38
-48.0352 	 -10.2604 	 458.78 	 978076.07
-47.7396 	 -10.644 	 408.2 	 978081.78
-48.4625 	 -5.3143 	 95.28 	 978041.85
-48.2027 	 -5.2929 	 117.45 	 978029.98
-48.0414 	 -5.3796 	 115.01 	 977989.86
-47.4646 	 -6.2364 	 183.06 	 978016.74
-47.4974 	 -5.9981 	 157.39 	 978010.1
-47.481 	 -5.7738 	 110.45 	 978002.23
-48.156 	 -5.9704 	 114.56 	 978032.77
-48.0247 	 -5.7945 	 144.59 	 977997.82
-48.2138 	 -5.4561 	 102.99 	 978038.64
-47.7791 	 -5.7789 	 217.94 	 977989.95
-47.6263 	 -6.3593 	 185.78 	 978020.26
-47.8632 	 -6.3037 	 218.31 	 978026.71
-47.8587 	 -6.5356 	 390.08 	 977976.69
-48.296 	 -6.1468 	 90.75 	 978042.5
-48.2943 	 -6.3001 	 143.88 	 978024.04
-47.4791 	 -6.5568 	 176.86 	 978009.15
-46.8178 	 -11.6256 	 672.31 	 978036.29
-46.8189 	 -11.6283 	 686.3 	 978033.16
-49.1254 	 -12.4803 	 276.94 	 978215.18
-49.1242 	 -12.4793 	 279.94 	 978215.23
-48.2326 	 -11.9685 	 303.64 	 978150.81
-48.2335 	 -11.9639 	 307.64 	 978148.81
-49.9287 	 -12.5393 	 239.02 	 978162.94
-49.9288 	 -12.5563 	 241.08 	 978162.83
-49.1333 	 -11.8228 	 309.6 	 978150.53
-49.3879 	 -11.8787 	 257.24 	 978127.53
-49.736 	 -11.796 	 172.49 	 978120.75
-46.46718 	 -12.72873 	 418.377 	 978100.1
-47.4016 	 -11.64844 	 333.629 	 978114.38
-46.90629 	 -11.79257 	 404.508 	 978079.82
-47.88615 	 -12.62137 	 253.618 	 978157.98
-48.62402 	 -12.421 	 284.32 	 978191.86
-48.67292 	 -11.5867 	 218.991 	 978171.37
-48.52305 	 -10.93119 	 236.485 	 978142.45
-46.95377 	 -12.9143 	 731.301 	 978035.88
-50.57044 	 -11.60018 	 172.615 	 978126.6
-48.53706 	 -12.02907 	 227.676 	 978185.12
-48.41644 	 -7.550267 	 245.422 	 978029.78
